"V1" "V2" "V3" "V4" "V5"
1.66232 16.56942 11.68305 8.60357 21.93777
1.32643 16.40507 11.35833 9.08041 22.20642
1.2184 17.84884 9.21829 9.39893 22.51624
1.3532 17.41529 9.18912 8.87701 23.31967
1.41267 16.15239 9.73556 9.50226 23.36958
1.00359 17.38305 10.1107 10.72063 21.16276
1.36888 16.93112 9.20327 9.38781 23.25852
1.41914 16.21401 8.99624 10.50541 23.02299
1.28017 15.87075 9.0277 10.11189 23.79613
1.01271 17.20012 9.05127 10.57572 22.32636
1.09466 17.52243 9.85087 8.54036 23.13912
0.89813 17.14836 9.20448 9.17139 23.68732
1.02375 17.32224 12.28314 8.21622 21.54735
0.99662 16.13594 12.89845 8.79601 21.4893
0.9362 15.52051 13.75664 8.48545 21.72719
1.15462 16.50095 10.98792 8.1514 23.33518
0.96203 15.63634 11.15202 10.1982 22.29894
1.24324 16.62091 9.48065 9.55527 23.26204
1.65898 15.9819 9.50615 9.47795 23.55636
1.21774 16.68857 11.01666 8.53647 22.85568
0.97238 18.88055 9.86828 8.65405 22.02453
1.23865 18.14376 10.39698 9.25877 21.39413
1.29038 17.2589 11.94276 9.26319 20.71473
1.44055 17.34884 12.22248 9.06138 20.48541
1.07911 15.30054 10.51685 9.77533 23.47871
1.03194 16.13064 10.21289 10.48769 22.36447
1.26356 16.83132 9.84594 9.8529 22.44018
0.90623 16.42731 12.36726 9.62934 21.16259
1.11844 17.46545 12.61926 9.27296 20.18361
0.91367 16.34743 13.41693 8.94218 21.31808
1.08955 17.12354 13.57107 8.70938 20.39138
1.02667 16.75306 11.0161 10.06506 21.40866
1.1041 17.43193 9.90597 10.17465 21.63858
1.04517 17.08814 10.24227 10.16877 21.90065
0.97793 17.10127 10.66538 10.22029 21.47798
0.75198 18.11317 10.10813 8.79579 22.4244
1.17084 16.12813 9.68268 9.67385 23.49285
1.17896 16.04595 9.56721 10.29995 23.06356
0.88119 15.93016 13.32102 9.82417 20.60951
1.09272 16.28308 11.40821 9.87566 21.59162
1.09438 15.96757 11.11994 9.62832 22.46301
0.93506 16.56915 11.09789 10.12395 21.65502
0.91025 15.68406 10.41641 10.04531 23.18283
0.94423 17.28773 8.9047 10.40997 22.61039
1.05438 17.23669 9.59029 9.71892 22.59959
1.25 16.90312 10.55245 9.34133 22.15499
1.23075 16.42264 11.08514 8.92157 22.54472
1.09055 16.97569 9.4657 9.93041 22.71876
1.1246 16.13995 9.26937 8.63099 24.93711
1.15046 15.92113 9.77376 8.76445 24.50236
1.30497 16.10752 9.6444 10.10871 22.96786
1.12927 16.01346 9.65056 10.80687 22.55759
1.073 16.10541 9.87429 11.31673 21.8799
1.11479 16.22077 10.08091 11.29171 21.61389
1.1472 15.89587 10.75584 10.61743 21.86481
1.13954 18.5975 8.35027 9.83934 22.33214
0.80582 17.65851 8.50322 10.34564 22.96351
0.98284 16.85329 8.24401 11.1874 22.98844
0.80176 17.17143 9.83469 11.53427 21.19759
0.86184 17.17327 11.01696 11.87443 19.8888
0.98084 15.13697 12.5908 11.4247 20.58455
0.79525 16.354 10.41187 10.8434 21.90085
0.98884 16.97335 9.82822 9.33865 23.08604
0.98165 17.11918 9.20605 10.27254 22.65861
0.78656 16.6444 9.11011 10.3129 23.36487
1.02535 15.89808 9.47279 10.03049 23.79767
0.88164 16.5678 10.67511 10.05064 22.23316
0.9537 17.10881 10.07758 9.97075 22.21742
1.18667 16.60024 11.71874 9.67138 21.21602
1.16237 16.70747 12.35026 9.66588 20.6827
1.31527 16.52436 11.96813 9.26782 21.34911
0.92473 15.89995 11.76524 9.70237 22.09358
0.92438 16.37603 11.1947 10.21266 21.7538
1.03385 14.8077 12.00035 10.72411 21.87069
0.97242 16.87833 9.95143 10.78475 21.78491
1.30415 16.85554 10.25683 10.33717 21.5901
1.41392 15.88169 9.44239 11.43641 22.15028
1.27734 15.56413 9.59653 10.89939 22.83868
0.90166 16.20844 9.77248 10.97839 22.4091
0.92088 16.73257 8.97755 10.53052 23.06364
1.30453 15.87026 10.40076 10.58069 22.09693
1.39541 17.42781 8.41993 10.78629 22.19309
1.1556 16.40806 8.71015 9.8912 23.98107
1.38135 17.18029 9.47853 9.86245 22.35419
1.26863 17.03762 9.04945 11.19228 21.74442
1.40529 17.07107 9.00395 10.49335 22.29799
0.97175 15.37655 8.86575 12.03367 22.95628
1.27732 17.34324 8.36933 10.86387 22.38505
1.31905 16.52667 8.94658 12.83164 20.86449
1.25102 17.32209 8.39259 12.01872 21.36368
1.12001 15.94627 8.98774 11.66058 22.59289
0.91966 16.98612 9.37392 9.85987 23.08179
1.21319 16.70308 11.11644 9.52275 21.80908
1.05484 17.58366 10.8773 9.9455 20.97598
1.06442 16.371 10.21306 10.32741 22.3116
1.07376 16.30531 9.50455 11.34786 22.07394
0.99095 17.19843 10.96327 10.38771 20.90099
1.12347 16.27601 9.71633 11.16788 22.03066
1.17626 16.22579 12.85778 9.6874 20.60633
1.12696 17.92217 12.16812 9.1971 20.14117
1.21824 16.94506 11.71094 9.3174 21.25306
1.15807 16.25075 11.25948 10.09611 21.72464
1.24039 16.74673 10.82294 10.87818 20.87584
1.23279 16.54957 8.89193 10.74643 22.77426
1.2694 18.0167 8.29743 10.71031 21.97853
1.20164 15.89923 9.56755 10.93032 22.61516
1.20557 16.81083 9.00933 10.27994 22.91093
1.17719 17.25239 9.90343 10.20418 21.69407
1.06656 17.41291 12.63238 9.73237 19.86646
1.13649 15.76127 9.8683 11.07051 22.43205
1.12841 17.04165 8.67646 9.01545 24.26129
1.17725 18.07409 9.21951 10.23792 21.64689
1.41485 17.65822 9.59513 9.59325 22.02952
1.14765 17.47716 9.06021 9.70398 22.78516
1.11879 16.85817 10.33668 9.98599 21.92747
1.27271 16.85154 9.70293 8.99726 23.32633
1.15269 15.81899 8.57846 9.86555 24.68579
1.03891 17.2374 8.29766 9.10985 24.47301
1.26523 16.61415 9.47317 9.08715 23.69188
0.97235 16.25317 9.96764 11.35491 21.7227
1.04979 17.10067 9.30261 10.06393 22.67684
1.3664 16.4698 9.53087 10.02473 22.76434
1.17286 18.84429 8.91909 10.2095 21.11498
1.31324 15.66468 11.97033 11.47099 20.23375
1.41565 16.46967 10.28271 11.07021 21.1606
1.57795 16.90346 10.77511 10.08258 21.04569
1.54002 16.17602 10.02321 9.98435 22.48412
1.5939 16.43923 10.76011 8.55434 22.83627
1.09037 15.60754 11.0204 9.18642 23.27389
1.2797 16.22226 10.5931 10.32202 21.80066
1.00767 15.61025 10.86064 9.46724 23.22433
1.14449 15.03534 9.95467 9.60947 24.37559
0.78999 16.92114 8.01144 10.84241 23.62713
0.93859 15.6215 8.63363 10.3448 24.61903
1.00144 15.5024 8.67478 12.3631 22.66686
0.81445 16.32549 8.96498 10.62242 23.48032
0.96523 15.99628 9.73194 11.59627 21.9964
1.03893 16.70593 10.2932 11.45086 20.92288
1.09852 17.16298 10.37589 11.3 20.56876
1.15829 15.74014 10.99822 10.52844 21.94836
1.28706 15.62912 10.30666 11.38752 21.73328
1.30264 17.24781 10.42483 11.50801 20.00366
1.05602 17.24244 9.96705 11.11995 20.99707
1.08255 15.05932 11.53363 12.1603 20.77047
1.46368 15.31574 10.16002 12.17035 21.43731
1.28562 13.68401 11.71802 12.4731 21.35013
1.5648 16.15181 11.25733 12.51999 19.21632
1.40173 16.2841 11.62314 10.77697 20.45052
1.25267 17.25421 11.19478 10.3073 20.63099
1.06446 16.24258 10.97328 11.08681 21.02355
1.06922 17.03921 11.52774 8.78991 21.90546
1.0238 16.38428 11.14036 9.01762 22.71636
0.96727 16.27957 11.72712 9.48909 21.91119
1.2544 15.84435 12.33122 8.64857 22.17041
1.12411 16.63286 10.13769 9.71606 22.61055
1.10786 16.26117 9.04493 11.95272 21.88195
1.09289 16.30729 7.68844 12.01771 23.07275
1.10376 15.99075 10.63576 11.22915 21.52247
1.22268 17.29092 10.09444 12.11625 19.86412
1.29289 17.67362 9.92829 11.94784 19.71217
1.25273 15.82309 9.77574 12.28146 21.21094
1.17572 16.45863 10.4705 10.75362 21.41926
1.36519 17.78666 10.57626 9.2068 21.35143
1.22024 17.54924 10.61423 9.0575 21.84765
1.31197 16.38443 9.86231 10.98699 21.71236
1.13638 17.12819 9.36856 11.26147 21.3948
1.34637 17.47291 9.12218 12.05827 20.38278
0.94474 16.94388 10.73052 11.4262 20.45777
1.12187 17.44392 12.10412 9.34426 20.49196
1.23113 16.41115 11.33675 10.70414 20.80037
1.13122 17.15588 10.65044 10.87389 20.68689
0.97773 17.172 8.74399 12.04123 21.41732
1.0612 17.63832 7.3369 11.83631 22.41209
1.04046 17.65836 8.4875 11.22036 21.92836
0.94668 16.60982 8.92015 12.89741 20.99957
1.12917 16.38751 8.67396 12.49448 21.59107
1.15647 15.62465 10.01211 11.45738 22.13218
1.30713 15.46025 10.75931 12.41846 20.52711
1.08185 15.9434 10.40347 10.09417 22.71791
0.83144 16.89387 10.50717 10.37959 21.7593
1.14591 16.3947 10.90034 10.04139 21.82185
1.10422 16.64671 11.27861 9.39809 21.9159
1.06962 16.66293 11.69348 9.7573 21.24524
1.01138 17.18846 9.16128 10.2253 22.69986
0.71791 17.16536 10.17271 10.681 21.71567
1.11889 17.16193 9.8057 11.46068 20.8975
1.48119 16.17584 10.63159 11.16271 20.9197
1.23898 16.89685 9.92431 10.63384 21.61135
1.27384 15.29515 11.30691 11.80216 20.72615
1.46082 15.39574 11.52489 11.59559 20.53647
1.48977 16.271 10.10942 12.09952 20.45826
1.03835 16.29261 10.57246 11.10064 21.47458
1.06254 16.53588 8.61459 11.01473 23.07659
1.17913 15.72743 11.63407 10.86311 21.22385
1.29326 14.40202 10.66243 10.66482 23.29929
1.2653 17.15309 9.87897 11.03965 21.09787
1.39144 17.04351 11.8015 10.12458 20.27889
1.13849 15.34727 11.89693 10.5593 21.56012
1.15075 14.83876 11.14415 11.24803 21.95316
1.09766 16.87891 10.43794 11.76752 20.24588
1.17598 17.41408 11.92864 8.97824 20.85701
1.05984 17.74317 10.49407 8.83122 22.15704
1.42783 19.83939 10.0595 8.59304 20.50795
1.30129 16.27647 11.85253 9.66371 21.32716
1.30303 16.03732 10.80754 10.8835 21.30147
1.22676 16.33722 9.75131 11.25511 21.67102
0.9404 16.77009 10.59396 10.45407 21.59644
1.07247 15.89233 11.48189 10.73677 21.3836
1.05838 15.48769 9.97102 10.59208 23.14156
1.00205 16.60878 9.1304 9.29175 24.1202
0.93872 16.95226 8.80575 10.06886 23.42688
0.91294 16.08599 10.18766 10.21877 22.8895
1.22133 16.34754 9.8444 11.22019 21.84481
1.16025 17.41142 12.60441 10.44936 19.39335
1.02763 16.76561 9.51055 10.34817 22.63676
0.86096 17.19128 9.18496 10.35182 22.71692
0.76179 15.18135 11.89779 11.22069 21.69969
1.07785 14.62997 11.89947 9.98355 22.90701
1.093 15.83557 9.6238 10.02395 23.5983
0.98538 15.94263 9.10188 10.46685 23.71027
0.6915 15.80799 9.58233 10.93536 23.14988
1.13735 16.66363 8.52898 11.5862 22.37643
1.21249 16.52604 9.84081 10.05337 22.64469
1.3407 16.44039 11.08166 9.25795 22.18232
1.57398 16.37964 12.29135 8.52443 21.72267
1.44402 16.15914 11.64603 8.11571 22.88574
1.0758 18.43059 8.97222 9.12181 22.60384
1.09692 16.08959 9.6829 10.07423 23.19512
1.28346 16.60443 10.08281 9.78368 22.45208
0.95181 16.16522 10.70982 10.26323 22.2012
1.03992 16.00052 9.99395 11.31081 21.90437
1.11052 16.68516 8.95945 10.16305 23.18821
1.06566 16.72471 9.2532 10.15844 22.95225
1.27362 15.83278 10.82018 9.60881 22.69814
1.29218 16.35491 12.28896 8.95175 21.44773
1.15894 16.83231 9.55156 9.33121 23.29806
1.17464 17.52868 8.68529 9.17321 23.56335
1.13555 16.57742 9.39389 10.11154 22.96944
1.23611 15.69071 9.46114 10.28147 23.49559
1.46066 15.65309 11.78684 8.5963 22.71821
1.38693 17.04642 9.68606 10.51721 21.64874
1.42604 16.07821 10.07573 9.53038 23.07387
1.37847 17.22464 10.27633 9.90697 21.46643
1.38637 16.48301 11.90284 10.6367 20.07711
1.51128 18.52295 10.15563 9.02412 21.02591
1.20279 17.6539 9.29937 9.64034 22.38733
1.62236 16.96165 10.03515 9.33694 22.33895
1.11057 16.64017 9.55973 10.40508 22.52206
1.41762 18.02816 9.46472 9.09183 22.20569
1.5276 19.30507 8.00124 10.11313 21.2844
1.41701 17.31507 10.11158 9.82676 21.53568
1.45685 18.40341 10.1212 9.11297 21.16608
1.58695 18.33718 8.71019 9.91113 21.66986
1.12316 16.95666 8.99296 9.83763 23.26366
0.87941 18.10462 9.18016 8.0975 23.88132
1.25466 16.85359 8.29104 10.24796 23.51438
1.0474 16.97392 8.19574 9.9324 24.01135
1.16065 18.06601 8.35728 9.62131 22.952
1.45172 18.45062 9.51178 8.44642 22.36181
1.34879 17.71021 9.90681 9.74462 21.5873
1.05963 16.07143 10.39423 11.56452 21.2132
1.14161 15.56839 11.29055 10.08738 22.16395
1.17723 16.34464 9.9572 10.18443 22.50616
1.24346 16.4383 10.06353 10.60246 21.85236
1.32391 15.06942 11.26937 10.12794 22.39847
1.16119 15.17775 11.76334 10.37224 21.73491
1.45858 16.64644 9.64867 9.47621 22.928
1.02163 15.69281 9.97836 10.46275 22.99122
1.13646 15.38319 9.93336 9.8802 23.79127
1.23895 17.13935 9.17295 10.03948 22.58309
1.14146 15.36432 9.48283 9.6894 24.4267
1.08143 16.14699 9.97415 10.91573 22.21217
0.94367 15.27811 10.33809 10.85569 22.90017
1.00584 15.9693 9.22569 11.00503 23.0397
1.09663 15.56226 10.16601 10.80074 22.62439
1.15579 16.23062 9.75449 10.36054 22.75792
0.98485 15.90728 10.41407 9.78384 23.09722
0.99893 15.71197 11.4277 9.36448 22.76139
1.06403 16.48381 10.51556 8.96408 23.21542
1.07336 16.8042 10.3491 8.96932 22.98675
1.25437 17.78091 10.26185 9.21427 21.67588
1.14041 14.70442 12.01445 11.3195 21.09974
0.98376 17.64495 9.73082 10.68956 21.24047
1.26491 15.51407 9.94483 10.23927 23.23251
1.22032 15.21704 9.87176 10.89205 22.9844
0.96335 16.81053 8.96011 10.94277 22.49797
1.12878 16.36244 12.62136 9.42391 20.94799
0.99377 16.63727 9.42963 10.24368 22.81531
1.1124 17.55456 10.18452 9.95688 21.41625
1.12963 15.18327 11.13128 9.90122 22.88829
1.70489 15.71719 10.32295 9.59521 22.82472
1.53364 16.91864 9.58307 9.61421 22.57604
1.77155 15.40427 9.58009 10.76732 22.74698
1.95769 15.13389 9.39405 11.32754 22.53979
1.65696 15.73024 10.19709 10.31679 22.34557
1.68211 16.7611 8.328 9.28656 24.10738
1.57016 18.17594 7.8203 9.46255 23.1108
1.6494 16.43344 9.46348 8.47355 24.13084
1.76875 15.51193 9.67419 9.31564 23.91645
1.79503 15.45967 10.44336 9.65712 22.90947
1.4611 16.79161 11.62189 8.22638 22.12939
1.4274 17.2856 10.40501 9.76542 21.37903
1.61702 17.92721 9.71513 9.71838 21.34272
1.35296 17.05562 10.19845 10.30797 21.51274
1.51675 18.12857 8.99208 10.21207 21.43056
1.13066 17.12406 9.08509 10.37459 22.48791
1.33782 16.38276 8.85797 9.49865 24.05066
1.12485 17.2764 8.7521 10.41346 22.64853
1.35352 16.25471 8.29668 11.34118 22.90728
1.72899 16.8373 7.51697 10.71197 23.3537
1.32841 18.32043 9.31839 9.58075 21.70367
1.01107 16.63975 9.46652 9.98728 23.09718
1.19206 15.34802 11.23833 8.97733 23.52213
1.19508 16.02459 10.70756 9.60267 22.72608
1.22846 15.04188 11.00973 10.28484 22.69425
1.57791 15.85024 11.88671 8.96833 21.97127
1.39784 15.82491 9.7118 11.01001 22.30475
1.54216 16.67729 9.60192 9.97855 22.38673
1.34537 15.30494 10.29054 10.27396 22.97967
1.57997 14.98059 10.89737 10.38064 22.42508
2.05653 15.90371 10.32398 9.6807 22.30403
1.53091 16.23369 9.43323 10.79014 22.23195
1.55689 16.57317 9.00894 10.09495 22.95523
1.4107 16.3147 9.54692 9.04941 23.7701
1.19022 15.71345 11.5521 9.05931 22.73824
1.26438 18.01303 10.07831 8.75327 22.09323
1.44928 19.21189 9.59611 8.95999 21.02953
1.54757 17.11343 9.32548 9.24774 22.88018
1.14441 15.69489 9.4355 8.6718 25.10822
1.4178 17.75297 9.36943 8.56155 23.08404
1.13629 18.52845 10.81432 8.33519 21.55928
1.09095 15.89088 10.41009 9.43783 23.43821
1.45037 16.8532 9.8189 9.93959 22.19316
1.37567 17.38065 8.97477 10.29336 22.20994
1.34544 16.6409 11.07372 9.90946 21.48312
1.23588 16.40327 10.48337 9.04882 23.03683
1.2687 15.69081 9.97027 8.75973 24.3785
1.43285 16.68221 7.50261 9.69254 24.75339
1.29584 15.61711 10.57147 9.80653 22.91312
1.06692 15.08425 9.86732 10.27134 23.84445
0.90001 16.81857 9.11022 9.2541 24.05525
1.20991 16.44499 10.38884 8.84371 23.2505
1.41112 15.50648 11.92049 8.35298 22.99167
1.22504 17.14352 11.1854 9.3785 21.3593
1.52411 17.87833 7.86855 9.92301 22.9492
1.56859 16.1481 8.8968 11.71578 21.9349
1.40916 16.84634 9.64781 11.36907 21.07177
1.12329 16.69125 9.63387 11.02703 21.81444
1.30806 17.59059 8.22968 12.06186 21.06781
1.41955 16.6836 8.18462 12.3807 21.58964
1.34113 16.71038 8.38532 11.521 22.24699
1.47799 17.6893 7.41335 11.18802 22.37397
1.46407 17.61386 7.50706 11.40736 22.15588
1.50099 17.68838 8.30859 10.18989 22.45399
1.10513 17.49007 10.14541 9.40979 22.09414
1.17981 15.40912 11.35596 9.68139 22.62275
1.00541 16.2221 11.61333 9.84435 21.61721
1.02083 15.62888 12.41189 8.15511 23.17073
1.38222 15.04723 10.86422 10.3387 22.74668
0.91648 15.2357 10.85241 10.51016 22.87807
1.05287 16.80701 10.226 10.6309 21.64352
1.02137 17.02917 9.28813 10.6735 22.28557
1.30085 16.21343 9.45918 11.36621 21.96499
1.11321 16.74696 11.08564 9.59656 21.81263
1.07649 17.34384 11.5561 9.60951 20.76743
1.09582 17.38373 10.67881 8.82158 22.19886
1.18763 18.8259 8.69456 9.34732 22.09976
1.14699 19.05112 7.95041 11.01286 21.1052
1.48785 18.38571 8.59276 9.42773 22.32653
1.42706 16.86046 9.78082 9.31899 22.84988
1.64005 16.85995 11.14068 9.20042 21.57442
1.23264 16.79347 11.62112 9.70895 21.15049
1.57813 16.1962 11.90423 9.71147 21.05473
1.49909 16.50939 11.18987 9.49811 21.64744
1.38374 16.69966 10.70333 9.30539 22.22719
1.50626 14.83539 11.40559 11.03785 21.57178
1.58163 16.02451 11.40973 10.31369 21.04502
1.95253 15.55433 13.29223 9.16826 20.58528
1.24808 14.98789 11.57427 10.74305 21.85103
1.16445 16.47474 12.81366 9.20817 20.95806
1.13433 16.51358 10.21423 10.85148 21.69587
1.31578 17.5748 9.16244 10.31349 21.89929
1.49319 16.89695 11.15072 8.18591 22.54865
1.13625 17.22378 9.89962 9.5705 22.41977
1.25795 17.99037 9.10724 9.19797 22.58045
1.28475 18.04665 9.10273 9.60934 22.14483
1.63343 16.53224 8.28341 10.83415 22.85335
1.36369 17.81282 8.14818 10.10791 22.69364
1.01212 18.10598 9.65373 9.24006 22.1542
1.33181 17.61198 10.42209 8.21006 22.58265
1.14982 17.4975 10.49148 9.17437 21.94595
1.56246 16.03867 9.70243 10.10997 22.80359
1.32666 17.2586 10.8091 9.46305 21.42588
1.4619 17.58793 10.75685 10.05251 20.5785
1.4893 16.12458 10.39585 9.78997 22.40483
1.24743 16.8597 11.90626 9.06397 21.45264
1.39333 17.03455 11.11625 10.19052 20.67854
1.17012 17.23169 12.03126 10.5565 19.76753
1.02047 16.78835 12.67004 10.64638 19.61441
1.05123 17.1519 10.97081 9.69447 21.43769
1.12276 16.06157 10.97996 10.60337 21.55829
1.11143 15.83973 10.62359 11.8695 20.94311
1.12456 14.96198 10.57644 12.0993 21.6003
1.13878 14.5691 11.04308 11.30278 22.32036
0.84008 17.6158 10.29884 11.53269 20.16164
0.96996 16.06379 8.91123 10.52097 23.65549
1.01888 16.01367 9.20524 11.25884 22.64746
1.0799 16.74975 9.21505 9.24179 23.80035
1.24011 16.50572 11.38848 11.30593 20.0316
1.23321 14.89676 12.32074 10.36568 21.52432
1.29084 16.42038 10.99842 10.33205 21.21195
1.42159 16.95861 9.7199 10.33563 21.85128
1.46086 17.08112 10.00129 9.39989 22.21967
1.54437 16.97683 9.2412 9.34108 23.03269
1.60459 17.10198 10.66814 8.86177 22.00005
1.40362 16.17551 11.699 9.33992 21.70264
1.42982 14.8836 10.69018 11.15621 22.11149
1.75753 17.26054 9.04212 11.13335 21.17651
1.33367 18.26902 9.3754 8.92136 22.28908
1.2619 17.71532 8.92767 9.90356 22.37185
1.83382 15.73372 10.08778 9.48493 23.03256
1.31803 16.68128 8.89071 9.76753 23.46191
1.27888 17.79874 9.88632 9.44982 21.84538
1.5165 16.58595 9.63713 9.18076 23.23503
1.47485 17.41337 11.03915 8.39403 21.9153
1.31414 16.33089 11.59844 8.66336 22.33076
1.80405 16.34366 10.10783 9.91914 22.03787
1.71547 17.82922 9.10994 8.922 22.60067
1.63024 17.00728 10.67727 9.36634 21.73496
1.67135 16.9812 9.21304 9.70612 22.65543
1.48183 16.96902 9.88309 10.58321 21.37865
1.40395 16.3978 10.9356 10.5425 21.04004
1.35724 16.78427 10.23398 10.89953 21.01304
1.40475 17.40522 10.1025 9.63761 21.71432
1.5294 17.84882 9.30501 8.41337 23.09324
1.52928 17.29668 8.80856 10.03015 22.5393
1.10285 18.1753 9.43951 9.81644 21.69706
1.38622 15.94552 10.08752 8.9864 23.72133
1.2959 15.17051 11.3842 9.00543 23.33616
1.10464 14.75485 11.42883 9.92266 23.04165
0.98983 15.27591 10.21238 10.588 23.21071
1.05899 16.59925 10.79561 9.64338 22.26414
0.96461 16.44002 10.42833 9.58378 22.8625
1.09841 17.5362 8.83418 9.64972 23.0451
1.13848 18.34865 8.70452 9.91889 22.10473
1.45848 18.48084 8.17553 10.19197 21.90171
1.23948 16.63558 10.27525 10.28625 21.7801
1.66423 16.46319 10.1109 10.80769 21.25195
1.18901 17.00076 8.8847 11.3973 21.77752
1.22005 18.44086 7.59735 10.3139 22.5905
1.22397 17.71058 9.2868 8.94136 23.03919
1.01353 17.08849 9.71651 9.40545 23.0274
1.21673 16.37064 11.4785 9.46874 21.94228
1.31785 18.26861 10.04741 9.31159 21.47299
1.17192 16.05385 10.22592 10.86877 21.95583
1.17106 15.18576 10.34272 9.95279 23.52177
1.30776 16.62507 11.31542 9.72455 21.35526
1.18069 15.87446 10.87222 10.8823 21.51924
1.02208 18.05028 9.26625 10.41144 21.55156
1.29732 16.86801 9.66878 9.82433 22.54793
1.18419 16.86824 9.74029 9.56294 22.83366
1.16574 16.88466 8.95557 9.86384 23.28529
1.21847 16.45142 8.63736 10.05372 23.79388
1.06144 17.85023 8.63501 10.08138 22.53265
1.09406 18.42533 9.68151 10.21808 20.86994
0.90406 17.8661 9.55768 11.14273 20.89397
0.91746 17.51595 9.25485 9.45959 23.0077
0.99429 16.94459 9.34936 9.52239 23.3864
0.77912 17.81522 9.07993 10.1282 22.46299
1.04713 17.49686 9.73182 9.21272 22.74361
0.84173 16.32116 9.09377 10.45304 23.51034
0.7569 16.58034 9.4498 10.32559 23.11766
0.89717 16.49111 9.59979 10.97138 22.30656
0.91559 18.25794 9.76616 11.61635 19.86091
1.11872 16.09687 10.06104 13.06795 20.06502
1.12091 16.89936 8.99155 12.32791 21.00628
1.23387 17.3058 10.22756 12.11081 19.6421
1.44685 15.99157 12.93699 11.09188 19.5287
1.14909 16.0523 12.15393 11.24931 20.03853
1.40861 17.59687 10.01986 10.53311 20.80599
1.30717 19.25909 8.95872 10.00861 20.83251
1.16453 17.39577 8.94043 11.21795 21.55564
1.25042 18.07672 8.38645 10.7344 21.79422
0.9246 18.81441 8.59895 11.53484 20.4867
1.334 16.08325 10.3581 11.59713 20.96915
1.19771 18.04831 9.97779 10.64394 20.51008
0.99998 16.77792 9.91848 9.86215 22.71059
1.09919 16.96298 10.15333 10.08681 21.92114
1.25694 16.71966 11.079 10.05296 21.27909
0.95929 17.08827 10.27567 8.35081 23.52706
0.85577 16.73931 10.42962 9.88146 22.41151
0.87882 15.41663 10.04775 10.92757 22.91942
0.83592 16.95536 10.40578 10.10547 21.93442
1.01923 15.51061 11.01175 9.61062 23.0209
1.08029 16.65551 11.29764 10.46837 20.79683
1.12046 16.23211 12.2357 9.54251 21.269
0.96142 16.88524 10.45387 8.94528 23.01037
1.07846 17.60817 10.0319 9.44473 22.09105
0.97277 16.00295 10.28917 10.32745 22.62738
1.13301 17.96386 9.98181 9.31727 21.8129
1.31384 17.33127 9.06014 9.75872 22.67081
1.31844 16.97693 9.10899 11.12237 21.72039
1.16387 15.00405 10.13123 11.71342 22.22873
1.54537 16.38034 9.57878 11.20166 21.56609
1.10622 16.34596 10.19897 10.37136 22.27548
1.02895 16.23219 10.74099 10.66845 21.79288
0.95123 17.44067 11.50655 9.80936 21.04958
0.98737 16.70912 10.99473 10.09585 21.75645
1.38618 15.96192 9.75393 9.56154 23.55938
1.1926 16.24801 10.51579 9.60128 22.61159
1.23636 16.33222 8.8058 9.68062 24.06936
1.25969 17.96568 9.32872 10.74126 21.0839
1.18706 16.49322 9.82571 11.22625 21.59589
1.00238 16.12663 10.44017 10.34129 22.32114
1.39823 16.6176 9.92324 9.82379 22.4138
1.1329 18.05299 9.97433 9.26668 21.8858
1.13888 17.53818 8.26456 10.94125 22.40676
0.80037 15.94932 10.97409 9.94928 22.64694
1.01966 17.02062 9.78647 10.55 21.91397
0.86897 16.44874 10.85153 10.39176 21.81851
0.98954 15.30059 10.39273 12.16521 21.65792
1.1495 15.34269 9.95849 13.24369 20.82577
1.02634 16.17451 10.48046 10.88465 21.8694
1.15968 17.5886 10.28236 10.06725 21.44268
1.0917 15.95491 9.78795 12.20018 21.34197
0.93655 14.87373 10.77472 11.89761 21.86914
1.01852 16.00158 10.15801 12.05603 21.19681
0.95049 15.75619 10.70768 12.43107 20.59626
1.02758 16.16983 9.79799 11.72426 21.56888
1.04822 16.50445 9.24816 12.27068 21.34462
1.07818 17.42232 7.85712 11.06511 22.81153
0.92735 17.71385 8.68461 11.59722 21.39042
0.98802 17.06107 7.89729 11.67633 22.57916
1.24777 16.57113 10.79596 11.3844 20.45333
1.08089 16.36919 10.77082 10.50936 21.51876
1.277 15.38953 9.83985 12.38093 21.38625
1.24263 16.65222 10.49705 10.81701 21.06404
1.46314 17.60766 10.63294 9.70975 21.08442
1.25772 16.09285 12.15079 8.74056 22.17728
1.08869 15.37079 11.46545 9.48209 22.84595
1.08124 17.38725 10.5312 9.85593 21.40253
1.06037 17.28958 10.33187 10.12384 21.47611
1.11831 18.20734 9.94871 10.31 20.70632
1.04646 17.38424 11.02091 9.96358 20.90305
1.34387 17.66403 9.94201 8.83806 22.38242
1.14881 17.30024 11.78849 9.37252 20.70647
1.23506 14.88665 11.58328 11.04927 21.59881
1.25711 15.43968 12.45684 9.74521 21.63537
1.0929 16.47677 10.60952 10.48743 21.69916
1.07562 16.07409 10.16196 10.62081 22.26111
1.14243 16.97204 9.2336 10.04759 22.76835
1.16643 17.03848 9.62915 9.44137 22.89347
1.32608 15.91475 9.57414 10.10317 23.20767
0.87685 17.887 10.33462 9.6103 21.55072
0.958 16.8924 9.27888 10.99147 22.06473
1.15332 15.51144 10.83975 10.97357 21.79779
1.32592 16.47642 8.57852 10.98644 22.76575
1.16903 15.67286 9.92221 9.37679 23.96106
1.10676 16.01395 9.54212 10.15513 23.30756
1.08066 16.22001 10.20559 9.30635 23.32386
1.22022 17.20651 10.02754 8.63792 23.06686
0.87547 17.0223 10.86971 8.16787 23.29228
0.96165 16.75312 11.74303 8.95131 21.88432
1.26957 15.83848 12.06745 8.61592 22.49441
1.23027 15.46235 12.34295 8.78092 22.43961
1.44876 15.68225 12.26182 9.31943 21.61203
1.67276 15.95449 12.92942 8.52709 21.3228
1.31881 17.41212 10.92444 8.98943 21.59796
1.55536 17.27008 11.22136 8.7534 21.60036
1.26556 17.39793 10.1642 9.54992 21.89453
1.62819 16.35303 10.40133 10.06856 21.85957
1.57644 15.16358 9.89829 10.78622 22.78933
1.35521 16.40163 9.65472 10.08123 22.77554
1.47973 16.26289 8.93347 8.88605 24.60997
1.17219 17.08964 9.29187 7.77316 24.78067
1.59349 17.09264 9.39342 9.33821 22.8875
1.66774 16.72798 8.49499 10.01403 23.27141
1.18187 15.9825 11.67954 9.61743 21.89504
1.18989 16.58769 11.22027 9.90717 21.46481
1.30849 17.06497 12.12354 9.74244 20.42569
1.67377 17.74736 10.5862 10.35226 20.09682
1.33177 16.724 9.60442 11.17784 21.41654
1.0397 17.39028 9.7717 10.61742 21.43217
0.96918 16.35967 10.39441 9.70875 22.79603
0.89034 16.98606 9.61532 10.34394 22.3899
1.0748 15.94791 9.71929 12.02918 21.55397
1.02145 16.42576 11.1147 11.48693 20.49041
1.44705 17.77949 11.32726 9.20485 20.64676
1.0609 16.74643 12.52467 10.25735 20.11177
1.3082 17.19585 9.59018 11.45996 20.79864
1.34185 17.51091 8.8043 11.0761 21.60442
1.17602 16.62832 9.29286 10.74095 22.37745
1.33812 16.6341 9.15256 10.77939 22.35087
1.21364 16.74127 10.03161 10.505 21.81657
1.16414 15.72327 10.56093 10.69775 22.11629
1.40619 18.09669 9.10172 9.64342 22.02375
1.25234 18.38525 9.5081 9.32753 21.76227
1.08853 17.76762 9.54721 9.64648 22.10063
1.13358 17.66603 8.25856 10.71761 22.39186
1.24213 17.93439 9.22353 9.6173 22.20359
1.2761 16.81188 11.5901 9.80582 20.94707
1.0502 18.01661 11.22942 7.69019 22.31366
1.09652 17.31944 11.63668 9.20981 21.20911
1.38949 17.22937 12.25885 8.87071 20.73605
1.53141 16.22233 10.67972 9.59284 22.14563
1.44729 16.2236 9.06345 11.39335 22.13613
1.48957 16.15793 9.54905 11.58418 21.55469
1.51804 18.3237 7.96147 10.69581 21.76702
1.52866 18.10628 8.85329 10.74904 21.08331
1.00349 18.29468 7.71391 11.19188 22.0415
1.10063 17.65073 9.11269 10.67064 21.77381
0.88365 17.01846 11.65458 10.19091 20.7572
1.08805 16.28831 11.35056 9.35901 22.25081
1.27916 16.00049 9.62547 10.94128 22.41027
1.14106 15.59994 11.44843 10.41854 21.75405
1.33862 15.40175 11.73923 10.0417 21.77272
1.28163 16.19851 12.34747 9.84504 20.81103
1.40587 15.80614 9.59461 10.58534 22.84013
1.3871 16.93358 10.46846 9.66443 21.80717
1.60775 16.39751 10.64271 8.68499 22.95535
1.22265 14.9321 12.22598 9.73862 22.22528
1.22739 16.35533 12.00656 9.42137 21.401
1.1372 16.46605 11.56769 9.5693 21.57242
1.21429 17.15473 10.33128 10.40065 21.20627
1.28362 16.59129 10.38588 11.00846 21.07523
1.36331 15.91656 10.22219 11.36454 21.47837
1.27431 16.27268 10.82015 11.06871 20.97832
1.75011 16.64892 11.42385 9.17989 21.41177
1.51364 16.74208 10.78913 9.64648 21.66665
1.6767 18.82757 8.07414 10.40358 21.29211
1.90738 17.84316 11.42244 9.09905 20.21356
1.99202 17.00598 13.38997 8.34815 20.00607
1.8843 16.46592 9.9507 10.25334 21.7946
1.93044 15.13098 11.08048 9.90839 22.22277
1.52526 15.54887 11.43379 9.16733 22.54462
1.33978 16.09153 10.33555 9.25755 23.12374
1.41765 15.67845 11.13412 9.29296 22.73952
1.59288 16.16501 9.80199 9.39314 23.20758
1.26253 17.69504 9.41965 9.21195 22.56488
1.57718 17.03552 9.67965 8.63653 23.1973
1.39216 17.06951 10.37225 8.70429 22.72918
1.18028 17.68071 10.51573 8.36867 22.51597
1.08398 16.27146 10.42537 9.52768 23.01739
1.42526 15.98942 11.42044 9.05552 22.62569
1.21171 16.25222 9.84897 8.99388 23.86735
1.40486 15.17963 9.9483 8.96787 24.71865
1.04737 16.9144 10.5885 8.18505 23.54207
1.00344 17.12446 9.52951 7.61204 24.88252
1.24587 17.08853 10.71378 8.33299 22.8778
1.32122 17.37529 9.20212 9.68153 22.63189
1.61807 16.80269 8.68085 9.18567 23.87205
1.12222 17.47591 8.91032 8.4449 24.16214
1.13489 17.25571 9.61829 8.68588 23.48911
1.22555 16.93681 9.34232 9.59273 23.09924
1.24705 16.53368 10.51207 7.73566 24.16594
1.02239 17.06107 9.93968 8.6731 23.43154
0.81361 17.0157 9.24245 8.7455 24.28047
1.13465 16.73025 8.32677 9.29856 24.60357
1.13227 16.75963 9.24456 9.28107 23.69959
0.96137 16.40949 9.31561 8.74793 24.66045
0.92783 17.0714 8.95719 8.60776 24.52612
1.1854 17.53723 9.63589 8.62276 23.24835
1.26258 16.50286 10.01037 7.79872 24.5663
0.90025 16.54361 8.75284 9.24987 24.64556
0.84423 16.15295 9.57888 9.17521 24.33264
0.93113 18.33231 8.76853 8.07153 24.00162
1.00082 18.03249 9.79584 8.04944 23.28687
0.96001 18.09186 9.03496 8.65429 23.41389
0.90415 18.28117 10.26737 8.69526 22.22166
0.97034 17.65848 10.93901 8.33128 22.56511
0.78662 19.20553 10.66218 8.92556 21.10705
0.78214 17.42031 11.01743 9.36335 21.75732
0.83808 17.62061 7.50497 10.48241 23.68983
1.07781 16.48537 10.48446 10.6331 21.6508
1.37679 16.69083 9.68152 10.4097 22.11509
1.28466 16.16723 12.13891 10.17354 20.89953
1.22052 16.63849 11.98317 9.22041 21.2822
0.99212 17.84715 10.50324 9.88536 21.1178
1.31699 17.96864 10.86513 7.58306 22.43693
1.59855 17.68836 10.11089 9.26338 21.53316
1.30022 16.79959 10.33166 10.53012 21.29241
1.25118 17.31207 11.78526 8.95988 21.01951
1.40376 17.59371 10.41567 8.93842 21.92149
1.26298 16.28464 9.20019 11.1982 22.26253
1.14317 16.86542 8.39457 9.95016 23.74645
1.59129 16.33371 9.05271 10.1504 23.02158
1.46135 17.419 10.87494 9.32862 21.51121
1.11061 16.82337 8.87085 11.31507 22.15235
1.1241 16.90041 11.15172 9.80352 21.4161
1.36863 18.40231 11.10841 9.93574 19.77398
1.25306 16.81004 12.0092 10.70931 19.84459
1.25181 17.06342 12.58581 10.0569 19.88393
1.18676 17.07493 10.66758 10.82704 20.67786
1.24479 17.48962 8.00693 11.43151 21.99882
1.04969 17.8532 9.02344 11.10308 21.27029
1.2605 18.30783 9.14547 9.8817 21.61884
1.13815 17.07517 8.44011 10.75736 22.74037
0.93831 16.51426 8.66136 10.21352 23.82269
0.72928 15.48261 10.38357 8.61669 24.89661
0.97456 14.99956 10.67264 9.84512 23.67805
0.95002 16.59449 8.84543 11.57908 22.28533
1.00138 17.62179 8.97766 10.78905 21.85605
1.42873 16.06036 10.92562 10.38697 21.59897
1.37172 15.76807 10.84145 10.96358 21.41305
1.16961 17.29087 9.27999 11.29046 21.35959
1.1415 18.36353 9.36077 9.1106 22.26594
1.37323 17.05146 9.63171 11.67781 20.74741
1.26597 17.7254 9.14302 12.15391 20.13771
1.32949 17.00411 9.7293 10.29162 21.92149
1.47234 16.44405 9.22684 11.11749 22.0445
1.53598 15.67616 11.25185 12.02061 20.10636
1.17093 16.50535 10.21494 11.05542 21.44215
1.2833 17.18986 12.10661 9.70179 20.20497
1.53638 16.9627 10.75174 9.99795 21.09911
1.24319 16.98083 10.65003 10.52286 20.95855
1.15156 16.43702 9.54011 11.32845 21.7372
0.87684 17.99495 9.03825 10.59134 21.73471
1.01497 17.36421 9.20896 11.11106 21.56228
1.12965 17.11003 9.47042 11.77547 20.83532
0.96015 14.83012 10.83206 10.51696 23.05559
1.05148 15.81704 11.61752 9.52356 22.22071
0.90778 16.74801 9.16331 10.66513 22.69586
0.95819 15.47906 9.36173 10.64227 23.67364
0.74606 17.11861 8.87396 11.08819 22.38288
0.82235 17.1558 9.64202 10.29468 22.33801
0.89909 17.58054 10.45188 9.7947 21.53275
1.37141 17.36833 8.52992 10.93741 21.98625
1.01824 16.93819 10.49735 10.82479 21.04193
1.47203 16.85672 10.89821 9.32445 21.66896
1.48771 15.77397 9.70682 10.61328 22.59441
1.46384 16.83819 8.09326 11.59573 22.18145
1.14113 17.35075 9.7541 9.06794 22.86675
1.19489 16.31451 12.003 9.18265 21.71332
1.10892 17.51639 10.0775 10.2654 21.2972
1.22027 18.30477 10.17098 9.8603 20.75056
1.07962 17.77517 8.34413 10.6327 22.38399
1.16136 17.41724 8.14762 11.61584 21.8854
1.12359 17.36497 8.70829 10.19722 22.7692
1.45785 15.55211 9.34763 11.77317 22.11175
1.15576 16.14916 8.69444 10.29163 23.9114
0.81835 16.09498 9.05639 10.75785 23.44344
1.06406 15.89272 8.30175 10.98204 23.90277
0.86692 16.4715 9.65593 10.04819 23.17661
1.35276 16.12012 10.50237 9.55361 22.72376
0.86187 15.69525 9.22829 11.54446 22.86893
0.9928 16.19077 8.84874 10.82515 23.26487
1.1078 16.09179 10.31455 10.80632 21.9766
0.90522 16.87474 11.69256 10.50603 20.60897
1.02394 16.35989 11.4911 9.88018 21.62393
0.95394 16.00894 11.22696 11.2517 20.97326
1.10578 16.70613 10.33417 10.73878 21.42479
0.89614 17.44937 9.95353 11.08204 21.03262
1.01664 16.78304 11.43279 10.73745 20.42754
1.13856 15.72091 11.08706 10.53503 21.84118
0.93484 16.07751 12.37783 10.45966 20.63623
1.22847 16.02105 10.6883 10.26768 22.13988
1.18107 16.31524 11.40258 8.7784 22.65705
0.96995 15.8526 13.30977 9.01142 21.51164
1.13452 18.32425 9.86401 10.61644 20.53629
1.20065 16.67202 8.5348 11.41248 22.42238
1.11982 15.56634 8.70924 10.96356 23.7966
1.23863 15.67533 9.86521 10.41628 23.01172
1.31398 17.9981 10.46783 10.04236 20.66489
0.99036 16.72524 9.25518 10.30499 22.954
1.14365 17.26712 9.41443 9.77868 22.60314
1.20707 16.76356 9.11702 11.52887 21.73861
1.18926 17.50542 9.09499 9.64145 22.77697
0.82837 17.14872 10.77546 9.92248 21.68447
1.00116 16.5379 9.20994 11.51359 22.04085
0.89932 15.44835 9.44954 9.90284 24.46565
1.06506 18.46868 9.90034 9.86466 21.12187
1.3026 16.07385 11.85006 8.69587 22.44841
1.05302 17.03285 11.31152 10.23897 20.93913
1.01829 17.04225 11.03175 10.33527 21.01078
1.25194 15.42322 8.95525 10.09666 24.44124
1.2908 16.61277 10.85203 9.08985 22.48121
1.20941 15.74832 10.07698 10.95058 22.24876
1.41711 17.38413 8.83474 10.21673 22.35121
1.1784 18.1236 9.25239 10.61858 21.12528
1.15089 15.90134 10.16408 10.61441 22.3791
1.22028 16.80228 8.99045 10.54037 22.62675
1.19967 16.86269 7.90274 11.14029 23.02258
1.25867 16.55832 8.80429 10.80261 22.72771
0.99619 17.11361 9.34349 9.95066 22.81199
1.0479 16.81888 9.69469 10.04542 22.59504
0.94461 17.35175 9.23505 8.61374 24.00702
0.78354 17.53549 9.52889 9.48742 22.85315
0.86414 17.11878 8.84635 10.15408 23.16935
1.24705 16.16447 9.13981 10.33528 23.27428
1.01761 15.52361 11.50132 9.84859 22.38662
0.94135 16.74863 10.64741 9.45981 22.38536
1.03766 15.44931 10.89718 9.57782 23.2246
1.14482 15.02031 13.34813 9.8869 21.11335
1.31247 13.63305 13.45669 10.42582 21.67477
1.37081 16.09543 11.29337 10.67797 20.98617
1.21924 16.72822 10.22177 9.41806 22.5964
1.13163 16.205 12.44258 8.0585 22.5497
1.46362 16.42892 9.79516 10.66895 21.88517
1.33456 16.03731 8.86138 11.15171 22.80692
1.40505 15.18384 11.43396 10.75414 21.58306
1.60588 15.23541 9.92945 10.48214 22.99353
1.55728 16.08164 10.686 10.22962 21.79994
1.49083 16.54129 9.65368 11.2027 21.44475
1.59144 15.07398 8.20616 12.50367 22.81453
1.52009 17.94866 8.39275 10.91719 21.48939
1.6167 16.77885 10.86368 9.92351 21.14001
1.39393 16.45582 10.85738 10.46511 21.16478
1.69882 14.93532 10.52216 11.12734 22.00871
2.00674 16.43807 9.85863 9.96654 22.01553
1.31718 17.60936 10.48565 10.08071 20.80693
1.07276 16.83062 8.86441 12.65479 20.83232
1.35865 16.75053 10.19871 10.06803 21.82274
1.35709 17.13886 8.44352 9.11943 24.05619
1.47009 16.96285 8.89897 8.70297 24.09938
1.06624 16.38835 8.71788 9.88193 24.0833
1.11544 16.69392 8.69545 9.91529 23.71869
1.15067 17.13184 9.44075 10.62114 21.88882
1.33054 15.70279 9.71623 12.58037 20.99379
1.47622 17.06187 9.21114 11.40136 21.1087
1.44343 15.0615 10.0693 11.32053 22.33924
1.47366 16.02914 11.34048 9.78968 21.72646
1.20122 16.87702 9.82792 9.27919 22.99245
1.44656 16.34327 9.40751 10.88808 22.1455
1.15313 16.86777 9.54606 9.98816 22.64774
0.95845 17.07333 9.36139 9.44187 23.31978
0.93056 17.70541 8.48149 10.70267 22.37961
1.00585 16.26702 8.90109 11.35528 22.75541
0.87888 15.60911 9.97439 10.44817 23.33033
0.93601 16.09196 11.7867 9.88885 21.6857
0.95854 16.84085 11.72061 8.98807 21.79431
0.89578 17.07149 11.72942 10.62194 20.27194
1.16005 16.51661 10.64453 11.01726 21.04367
0.97514 16.84527 10.60152 10.79374 21.10639
0.97262 16.23196 9.78588 10.46064 22.80984
1.08387 16.43704 9.90093 9.84015 22.91165
0.95177 14.42329 9.35407 11.08741 24.28642
0.63102 16.08461 10.41983 8.76604 24.27541
0.72771 15.93833 8.97015 9.55483 24.92784
0.72273 15.38709 10.07678 9.25169 24.74198
0.9047 15.20341 10.91387 10.69679 22.61478
0.84435 15.4411 10.75331 11.02125 22.18065
0.77434 16.3287 10.40331 10.39379 22.32364
0.93591 15.38254 11.70175 10.11395 22.13669
1.21491 14.51486 11.69167 10.36314 22.50306
1.35666 15.49161 9.23115 10.46504 23.5982
1.25333 15.7897 10.8686 8.50055 23.75641
1.21114 15.734 11.72754 8.35641 23.1292
0.92832 17.53054 9.76508 9.8834 22.08987
1.0922 17.07718 9.78942 8.95374 23.23691
1.08963 18.0882 8.43498 8.28663 24.19883
1.25533 17.67918 8.63332 8.1019 24.41532
1.24033 17.08884 9.02643 8.29581 24.43184
1.03661 17.36601 9.05182 8.61191 24.02672
0.92398 18.15115 8.85078 10.05776 22.24068
1.20432 16.46735 8.51996 11.24795 22.75613
1.49087 17.13436 8.74297 10.09282 22.70675
1.46176 17.73951 10.34273 9.40143 21.46749
1.35568 16.27952 7.62189 11.96278 22.96241
1.37074 17.20143 9.2118 10.50602 21.97103
1.36358 16.37578 9.67707 9.57779 23.2151
1.20242 15.81222 9.43244 9.18774 24.50735
1.3298 15.79204 9.13973 9.61719 24.25914
1.01414 17.13765 9.96991 8.42099 23.66618
0.90945 17.93156 8.97477 8.82468 23.51544
1.022 17.42944 9.50994 9.25939 23.08126
0.8613 18.72556 9.39748 9.20554 22.0905
1.1293 18.59059 11.08813 7.81318 21.80273
1.00494 17.67142 9.96964 8.40299 23.1927
0.88181 16.85449 10.82703 8.71961 23.02992
1.11144 15.74757 10.72438 9.01597 23.57179
1.13343 16.72428 10.24812 8.83229 23.20966
1.14191 16.02977 9.25959 9.39201 24.28049
1.01081 17.09365 8.78205 9.89052 23.33391
1.16012 17.13151 10.25566 9.44378 22.34412
0.99543 16.00113 10.11334 10.43783 22.87123
1.38795 18.09902 8.21338 9.34772 23.09396
1.477 15.66956 9.64886 10.55239 22.82063
1.17927 17.56583 9.16634 9.41023 22.8538
1.33114 17.08284 9.89285 9.44236 22.4116
1.22308 18.21164 9.72987 10.14387 20.93713
1.29075 18.19686 9.03597 9.00379 22.6303
1.41087 18.053 8.14522 9.03501 23.49129
0.86069 16.64011 9.83949 8.65905 24.13631
0.83221 17.4288 10.22609 9.35506 22.44231
1.09145 16.34713 10.12084 9.75817 22.92109
1.17761 17.37539 10.78687 9.63373 21.34687
1.42045 18.37459 11.07722 8.72367 20.82498
1.00904 18.79456 10.86668 8.46337 21.18837
0.99394 17.8739 11.05686 8.33468 22.01472
0.90119 17.57951 9.09669 9.11832 23.45216
0.93647 17.45299 8.74663 11.12274 21.99937
0.96296 16.21661 9.02374 10.0594 23.86591
1.04388 16.9461 9.07006 11.81765 21.40622
0.97683 18.51269 9.18607 10.62221 20.95555
1.4138 15.75081 10.52464 10.34373 22.1993
1.3698 17.84273 10.69166 9.93711 20.4894
1.3076 17.06536 9.8231 11.22392 20.87258
1.39127 17.84379 8.60624 9.35964 22.97169
1.38274 19.19861 8.90198 10.44367 20.38884
1.6829 15.59849 9.58356 11.42001 21.95275
1.6043 16.31363 8.70752 10.5562 22.95196
1.74587 16.80578 8.36812 9.91364 23.293
1.76326 18.73183 7.87341 10.10926 21.7175
1.59267 17.75542 8.9642 9.65475 22.20226
1.90899 16.74791 9.89005 9.57857 22.07295
1.77349 17.34385 10.31902 9.15492 21.64651
1.46715 16.46064 10.10131 9.3241 22.85379
1.38419 16.3246 10.1436 9.93885 22.43489
1.45104 14.56474 10.86107 10.06297 23.23959
1.52413 16.21481 9.73261 10.56811 22.18837
1.53692 17.19693 9.93087 9.61556 21.96078
1.38954 16.61419 10.30787 9.27752 22.65251
1.42781 15.66839 10.52008 9.88676 22.70498
1.23082 15.68952 10.99871 9.94024 22.39072
1.34584 15.63573 9.40128 12.74468 21.2384
1.29566 16.07195 8.77536 12.87552 21.30349
1.29497 15.34455 10.68231 11.30129 21.69592
1.39848 14.86301 9.9509 11.31188 22.76849
1.19882 16.18975 9.30219 12.41525 21.26281
1.23068 15.11427 10.37652 12.60056 21.04853
1.22042 16.79198 11.27373 10.92878 20.22057
1.37262 16.13892 9.96016 12.334 20.69101
1.42607 17.26803 8.53877 12.50798 20.73979
1.04452 17.28581 7.94742 12.44542 21.74007
0.93708 16.97437 8.1637 11.08335 23.19803
0.90704 17.3989 8.01634 10.44294 23.47686
0.90501 17.50967 10.11366 9.52575 22.24387
1.05693 18.02607 10.55287 8.25838 22.37457
1.13478 19.12501 8.9395 9.39949 21.80773
1.42014 16.59347 9.21005 9.54458 23.41649
1.51709 16.67545 10.48626 8.78193 22.74821
1.25513 17.19454 10.72505 8.04269 22.96972
1.25361 15.96815 10.67376 10.09348 22.26376
0.98883 16.23009 10.70436 9.84233 22.46496
1.34898 15.95588 10.77707 10.76331 21.46285
1.3047 16.64886 9.7042 10.77384 21.81931
1.45486 16.24812 11.55685 9.13109 21.95022
1.24935 16.9134 10.09153 10.88587 21.15194
1.3763 17.14726 10.34746 10.19704 21.23734
1.24257 17.52096 11.02916 8.61373 21.85249
1.04617 15.91028 10.90513 11.54865 21.08333
0.94341 15.9109 11.62536 11.39309 20.69392
1.18178 15.27893 11.956 10.35655 21.60236
1.08765 15.20661 12.12483 11.06344 20.96799
1.12628 15.98666 13.58179 11.92891 18.38771
0.98688 14.3139 11.38976 11.9693 21.68908
1.01783 15.89366 12.33269 9.81152 21.59339
0.97173 16.02789 10.68943 10.52499 22.13316
1.02405 15.94533 11.38823 10.94775 21.06302
1.3252 16.5785 8.89794 10.90828 22.52098
0.98322 17.56717 8.49599 9.89052 23.2531
0.95708 16.61936 9.02341 10.28873 23.3212
0.88513 16.22256 7.92497 11.28726 23.84756
0.94339 16.08026 10.01728 11.56449 21.67109
1.05081 15.9483 9.17331 13.51695 20.71038
0.96473 15.78668 9.514 11.22262 22.74115
0.91826 17.42587 9.18816 10.2926 22.38471
0.86558 17.73491 8.6904 10.50584 22.43946
1.04214 16.38631 8.08803 11.69926 22.93181
0.91837 17.93036 7.17726 11.35115 22.75932
0.88755 18.92543 8.63916 10.37669 21.38814
0.98826 18.29413 7.94197 11.29027 21.73094
0.91222 16.62735 8.55183 11.94442 22.19381
0.79168 16.0287 8.53561 11.58816 23.18009
0.93549 15.6196 9.33436 9.83045 24.36053
1.1712 17.78693 9.08755 10.50151 21.67949
1.00602 17.67386 9.01467 9.98411 22.57928
0.94312 17.31631 10.5582 10.26577 21.17505
1.10985 16.44675 9.11107 9.77347 23.6732
1.06732 16.82793 8.80907 10.59175 22.84473
1.3505 16.82411 9.19101 10.098 22.70695
1.31282 16.99574 9.82247 9.50932 22.59026
1.11758 16.42303 9.26534 10.20175 23.23347
1.12241 16.59678 10.13553 11.07107 21.42894
1.15837 17.95278 8.94626 9.79508 22.35299
1.12104 17.48129 8.23094 9.99015 23.3819
1.07906 17.24363 8.60013 10.23754 23.012
1.25348 16.51174 9.00114 10.39057 23.05478
0.79319 16.86252 9.73911 10.01629 22.82909
0.86597 17.09583 9.96329 10.22639 22.32856
1.1698 16.65781 10.61608 10.59228 21.34495
1.59257 15.86768 11.35758 11.42063 20.21123
1.42525 16.40593 11.32045 10.60183 20.60714
1.30402 16.2821 9.72683 11.39196 21.53893
1.24916 16.68604 9.3045 11.2685 21.72388
1.29067 16.99396 10.11916 10.43857 21.46874
1.1685 16.30604 9.58591 11.39192 21.89964
1.13131 16.75497 10.02301 10.55476 21.82906
0.98289 17.03133 11.82282 9.99084 20.7624
0.92502 16.49947 10.29632 11.3211 21.59346
1.23957 16.9007 10.48639 9.54747 22.36623
1.08332 19.8491 9.16266 9.75869 20.65806
1.00754 16.47759 11.78486 10.10614 21.23101
0.9308 18.09413 10.71986 9.61898 21.07031
1.00923 16.91664 11.62995 10.44081 20.59931
0.87336 15.63331 9.34964 10.65717 23.68311
0.94836 18.39583 9.18745 9.33808 22.35449
1.22883 17.12602 9.47351 9.29845 23.0648
1.0674 17.17464 9.832 9.32503 22.82794
1.08906 17.90438 10.12363 10.7486 20.49289
