"V1" "V2" "V3" "V4" "V5"
1.0062 19.41078 7.59343 2.02406 29.98818
1.01683 19.26982 7.37595 2.21946 30.14547
0.87784 20.10898 7.76973 2.04357 29.23044
1.09025 20.19621 8.53378 1.82378 28.38887
0.92211 19.3974 7.96599 2.1322 29.60428
0.72852 19.54578 7.25085 2.52029 29.97461
0.86386 19.58763 8.42111 2.62418 28.54327
1.03962 20.51797 9.20914 2.79055 26.53037
1.02463 20.46365 7.73022 2.59311 28.21264
0.86264 20.68493 7.39122 2.33799 28.74926
0.76708 21.86466 6.7987 2.67754 27.92642
0.83434 20.77804 7.74048 2.21984 28.45772
0.82582 19.82247 8.51344 2.12304 28.76862
0.98071 20.15037 7.18185 2.31402 29.39667
0.84796 19.65277 7.85286 2.07947 29.58985
1.06029 19.90605 7.15324 2.45441 29.4415
1.03525 20.99105 8.38485 2.72785 26.92688
1.15503 20.9814 6.96276 2.72479 28.21157
1.19595 20.59958 6.84778 2.49389 28.9011
1.16729 20.20839 8.18863 2.29871 28.20866
1.1282 21.1066 7.59529 2.43097 27.81202
1.1046 19.51267 8.43992 2.43996 28.56081
1.14133 19.943 7.93997 2.50131 28.50691
1.24883 20.39099 7.45985 2.61976 28.32354
1.2546 20.35921 7.91989 2.54373 27.95191
1.20917 20.42397 7.20518 2.76933 28.41625
1.17014 20.46007 6.94267 2.63669 28.82074
1.03839 19.72958 7.19641 2.73758 29.32204
1.04808 19.67512 7.60426 2.73544 28.97108
0.97758 20.34279 7.27854 2.66909 28.77284
0.89802 20.8518 8.11686 2.74411 27.46018
1.08825 20.85311 7.60315 2.76448 27.72376
0.98205 20.17138 7.50769 2.39676 28.96606
1.15483 21.10028 6.63686 2.65599 28.49412
1.06466 19.2988 7.29156 2.4685 29.89831
0.95291 19.89259 8.12222 2.26207 28.79282
1.05862 19.8666 7.03687 2.44736 29.60632
0.97287 21.01078 7.05155 2.81314 28.17819
0.96846 21.37601 7.07633 2.77726 27.8398
0.96325 20.93065 8.08891 2.56935 27.48655
1.06965 20.45884 8.04224 2.44489 28.02059
1.03388 20.10303 7.79499 2.31496 28.7905
0.94349 21.10812 7.25898 2.30844 28.4135
1.04898 20.88691 6.56936 2.29844 29.20868
1.14969 20.67122 6.82589 2.05111 29.31775
1.45609 20.10809 6.86818 1.87777 29.70267
1.39203 19.7405 6.955 2.15449 29.77352
1.24449 21.1101 8.22496 2.28267 27.1828
1.15078 19.50011 8.32473 2.20054 28.84732
1.34146 20.51551 8.19713 2.07289 27.90331
1.27652 19.66345 7.30291 2.17445 29.59167
1.1323 20.39775 7.48837 2.51498 28.4843
1.06417 20.08713 8.71751 2.50626 27.67711
1.11347 20.66402 7.93677 2.84533 27.50664
1.263 20.29684 7.52159 2.20909 28.73769
1.04795 21.08527 8.23526 2.47848 27.24344
0.94878 21.40911 7.44526 2.74706 27.53135
0.8838 21.44164 6.88213 2.61539 28.2332
0.7462 21.24774 7.46754 2.61717 28.03995
0.95479 20.81551 7.38084 2.6697 28.23517
0.95077 20.14118 7.96188 2.23047 28.75818
0.93479 19.89209 7.52005 2.20854 29.46795
1.17442 20.26945 7.59293 2.43491 28.55393
0.99635 20.50484 7.53101 2.83981 28.16589
1.12342 21.18901 8.14911 2.77382 26.83191
0.98899 20.84181 7.59877 2.53201 28.10072
1.06521 20.15355 7.6286 2.54644 28.65729
1.05551 20.10006 7.4502 2.38507 29.05388
1.12254 21.83006 6.72016 2.51184 27.8552
1.13987 21.42039 7.71294 2.49334 27.32504
1.13698 20.24496 7.62093 2.21695 28.83338
0.98395 20.4951 8.19186 2.66023 27.72188
0.86622 21.40735 8.74283 2.42643 26.66477
0.93253 19.82935 8.5328 2.6902 28.06246
0.88743 20.40485 7.54041 2.59077 28.61359
1.10751 20.28855 8.87641 2.30977 27.504
1.13546 19.10113 9.02397 2.28567 28.52101
1.20549 20.92564 7.43383 2.55572 27.91338
1.00892 20.19105 7.96697 2.73114 28.14945
1.02267 21.42695 7.02625 2.82465 27.74743
0.9773 20.34791 7.07082 2.85879 28.76774
0.89922 21.67635 6.2363 2.68678 28.524
0.87068 21.29423 6.86653 2.33958 28.65751
1.03846 21.29453 7.34689 2.59521 27.77057
0.98046 21.4555 6.70668 2.76535 28.12385
0.95113 20.41431 7.80825 2.49732 28.35794
0.92422 20.2155 7.85726 2.70261 28.32978
0.99655 21.05529 8.10305 2.46431 27.42556
1.01331 20.02818 8.72516 2.80964 27.49138
0.9634 20.05084 8.27962 2.54483 28.19702
1.10062 21.10187 6.98347 2.39278 28.44676
0.99081 21.16764 6.91107 2.20325 28.74901
1.31766 20.71527 7.16218 2.30715 28.52899
1.27433 21.0332 7.32836 2.52978 27.87068
1.29783 20.92986 7.04487 2.19503 28.5508
1.34745 20.57077 7.14816 2.51195 28.4452
1.21941 19.03985 8.28124 2.27849 29.21262
0.93505 19.74136 7.21059 3.16768 28.98054
1.10236 19.11373 8.63286 2.55216 28.65892
0.97879 19.37896 8.84064 2.6408 28.21087
1.01878 18.81108 8.72909 2.0597 29.43053
1.02725 19.36166 8.87895 2.19218 28.59851
1.06655 19.30304 8.20198 2.21217 29.25599
0.94981 20.65525 6.98776 2.63146 28.79651
1.09481 20.33362 7.44091 2.67763 28.48408
0.90597 20.40656 7.33136 2.58799 28.79141
1.01965 20.35395 6.96987 2.45407 29.2306
0.87743 20.6899 7.02937 2.63659 28.79276
0.93823 20.61568 7.79716 2.07179 28.63042
1.0056 20.90771 7.38337 2.5338 28.2222
0.87416 20.27651 7.31457 2.32348 29.23034
1.06062 20.48587 8.01002 2.16735 28.31773
1.08712 20.26559 8.667 2.14058 27.89596
0.9597 21.02183 6.7869 2.23281 29.01193
0.99609 19.63224 8.05522 2.1256 29.20956
1.09024 20.3117 7.99811 2.10919 28.51425
1.13084 20.0313 7.326 2.21171 29.31739
1.01441 20.58045 7.13741 2.22517 29.06474
1.08817 20.4367 6.47752 2.28416 29.724
0.78132 20.67424 6.86159 2.07909 29.61723
0.97616 20.86824 6.71757 2.38056 29.07757
0.86366 21.17159 6.46608 2.55138 28.96215
0.90803 22.09678 6.3923 2.57432 28.05586
1.06096 20.1286 7.47 2.3864 28.99274
1.07675 19.29562 7.75024 2.29297 29.60904
1.22071 21.05876 6.89168 2.54679 28.3157
1.39483 20.95517 6.49966 2.57795 28.59882
1.19604 19.52651 6.82432 2.66466 29.8013
0.91225 20.71553 7.12851 2.47941 28.78674
0.96086 21.20489 7.00153 2.37975 28.47313
0.98863 20.49094 7.95183 2.31665 28.28283
1.02353 19.68611 8.30273 2.1832 28.82827
1.09096 20.95329 7.10932 2.1284 28.74363
1.05922 19.78124 7.87472 2.00113 29.31306
1.18308 21.07372 6.77464 2.33302 28.65811
0.86063 20.19979 7.61988 2.36649 28.97935
0.88951 20.61219 7.49992 2.68625 28.35188
1.02201 20.492 8.19737 2.70865 27.62794
0.94367 21.18163 7.84999 2.49445 27.6184
0.85959 21.26564 8.16641 2.25387 27.5193
0.92105 19.80885 8.20155 2.39494 28.70767
0.92268 20.28015 7.43928 2.81874 28.57823
0.94952 20.22463 7.54325 2.57172 28.7558
0.96208 20.32121 8.83016 2.45031 27.54093
0.88069 20.46202 8.82478 2.46262 27.51199
0.83807 19.06002 9.83875 2.35603 28.02576
0.96607 20.36447 7.99156 2.70592 28.04919
0.94073 20.61117 7.7018 2.4906 28.31501
0.83162 20.33682 8.34226 2.14048 28.4543
1.01506 20.31551 7.36759 2.42487 28.90886
0.78406 20.69247 8.50566 2.28575 27.7949
0.99115 20.31594 8.99587 2.0731 27.69674
1.07229 19.89893 8.52878 2.55069 28.00451
1.04865 21.05403 8.16026 2.45013 27.34191
0.83891 20.50818 7.7109 2.14375 28.85539
0.83825 21.22299 7.25078 2.74839 27.9808
0.88534 20.0728 7.48397 2.15105 29.43605
0.78523 19.55258 9.17087 2.05049 28.5294
0.75521 20.25284 7.68538 2.22306 29.121
0.89711 20.27639 8.34083 2.04602 28.48049
0.98883 21.22774 7.26025 2.1776 28.3736
0.86839 21.16964 7.39883 2.25996 28.32715
0.98602 20.82057 6.64576 2.82144 28.74916
1.00498 20.38266 6.82323 2.64536 29.16676
1.01821 20.23973 7.17143 2.45632 29.13189
0.79195 20.73525 6.67101 2.59717 29.22105
0.92991 21.12668 7.46307 2.21263 28.3078
1.00926 20.96694 7.55517 2.48005 28.06085
1.01388 19.83755 7.74454 2.56185 28.87776
0.98482 19.56495 8.18787 2.39916 28.89806
0.96705 20.03846 8.7498 2.39878 27.89702
1.00671 20.04764 8.07641 2.68809 28.23932
1.05723 20.02642 7.70721 2.39776 28.8596
1.19573 20.06518 6.80207 2.77955 29.19492
1.21044 20.22639 7.23391 2.5512 28.8088
1.07571 19.70615 7.23132 2.27336 29.73478
1.01867 20.02107 7.2572 2.29171 29.45371
1.05583 19.23178 8.57026 2.36811 28.82168
0.83608 22.07304 7.26033 2.50657 27.37246
1.02929 21.26016 7.19017 2.60263 27.97239
0.91352 21.94501 7.857 2.72924 26.63545
1.04759 20.95082 7.59171 2.41485 28.04701
0.9065 20.96696 7.38985 2.60617 28.18044
0.85425 20.60996 7.50284 2.26172 28.80441
0.7454 20.87288 8.27576 2.40641 27.75362
0.89275 22.10458 6.84737 3.03038 27.18787
1.06079 22.01556 7.45454 2.8242 26.71571
0.88091 21.9125 7.97216 2.3681 26.9317
1.10659 21.03116 8.1309 3.06155 26.73709
1.0984 20.93583 7.64356 2.41478 27.97486
1.04164 20.72623 7.19701 2.62429 28.44404
0.95793 20.94096 7.22408 2.37634 28.5657
0.83082 20.44529 7.74091 2.38343 28.64401
0.92899 20.71242 7.32112 2.38321 28.72027
1.10661 19.76619 7.22475 2.69141 29.26633
0.87704 20.7759 7.82179 2.75937 27.84908
1.04359 21.16055 7.46039 2.53565 27.87272
0.94638 20.67207 7.65122 2.56624 28.21317
1.00901 21.75204 6.69141 2.84674 27.75416
1.00143 20.608 7.4561 2.93548 28.04018
0.84311 21.84956 6.97504 2.71366 27.65049
0.82905 20.584 7.52409 2.59664 28.50119
0.90098 20.74444 7.90781 2.62955 27.87233
1.025 21.24339 7.41601 2.8297 27.54103
0.89907 20.71252 7.28882 2.49828 28.63913
0.99903 21.10585 7.36607 2.40163 28.16048
0.95229 20.79792 6.69224 2.79095 28.80202
0.85057 19.9066 7.79898 2.57368 28.93363
0.86533 19.82284 8.1928 2.35836 28.85753
0.84779 19.79433 7.06921 2.14075 30.18882
0.7061 21.17286 6.93969 2.28781 28.92992
0.90175 20.64233 7.5567 2.39882 28.56061
0.92913 21.20209 7.1865 2.35374 28.40765
1.00998 20.96864 6.71445 2.60814 28.75539
0.85223 20.26064 7.82744 2.19768 28.92117
0.98659 20.94071 7.86434 2.66867 27.64753
1.04249 20.13831 8.1563 2.74908 28.06863
1.27323 19.49034 8.29075 2.71234 28.34506
1.23559 19.40811 8.29109 2.63266 28.5048
1.00222 20.75707 7.47892 2.91017 27.9385
0.93555 20.71641 7.67681 2.85637 27.85407
1.11471 20.73471 6.78949 2.55309 28.83963
1.10954 20.58607 7.83134 2.37734 28.15233
1.15377 20.36644 8.16855 2.60581 27.76032
1.12549 19.65627 7.88883 2.18494 29.1999
1.20716 20.1129 8.00168 2.65342 28.08557
1.10816 19.62716 7.8132 2.65273 28.86
1.13055 20.19066 6.56114 2.86539 29.27963
1.10449 20.65472 7.5346 2.3646 28.3841
1.06261 20.69115 7.32647 3.03905 27.92295
1.15008 20.8002 7.24983 2.82116 28.01061
1.05353 20.45684 6.95806 2.52515 29.0276
1.10285 20.71981 6.60079 2.44485 29.15324
1.2134 19.63095 6.89144 2.18018 30.10436
1.12338 20.83095 7.38124 2.62309 28.07705
1.05544 21.05509 6.77104 2.70421 28.43851
0.95605 20.86608 7.55752 2.7874 27.87312
0.98868 19.93438 7.91811 2.53033 28.67928
0.99912 19.27454 7.87043 2.6763 29.19853
1.09771 20.56565 8.42323 2.63183 27.32497
0.87145 19.44868 8.32102 2.68359 28.71104
0.91121 19.71753 8.5119 2.17361 28.70804
0.92362 21.91619 6.78329 2.51056 27.89275
1.12637 21.07371 6.44817 2.72411 28.6525
0.82247 20.95125 6.27328 2.38326 29.58978
0.86189 21.39601 7.08876 2.2739 28.41564
0.98639 21.06381 7.84793 2.49641 27.69728
0.92632 21.13427 7.88032 2.35944 27.77105
1.03575 20.49895 7.0036 2.15178 29.32772
0.95255 20.89023 7.26498 2.63514 28.2945
0.90115 20.91377 7.795 2.52466 27.89827
1.14782 21.4624 6.8464 2.67927 27.89795
1.09119 21.41214 6.64542 2.74935 28.13713
0.96718 20.57483 6.89336 2.66069 28.93034
1.04256 20.8053 7.46197 2.33585 28.39592
1.05845 20.66424 7.04838 2.513 28.75139
0.98352 20.76316 6.40706 2.42296 29.45414
1.22658 21.17991 7.25539 2.24565 28.13305
1.03078 20.58751 6.68653 2.47458 29.24973
1.14936 20.86674 6.62751 2.45305 28.93581
1.03044 20.40471 7.39557 2.39753 28.79552
1.18211 20.78578 6.45798 2.54666 29.0508
0.90195 21.67441 6.91174 2.73526 27.80794
0.98957 20.75635 6.73142 2.69904 28.83992
1.17609 20.06929 7.15902 2.31129 29.30358
1.01626 20.34896 7.32889 2.63037 28.69352
1.09738 19.82877 7.41812 2.32139 29.34971
1.04902 19.46118 6.85778 2.57658 30.06375
1.0717 19.21718 7.02796 2.43625 30.25811
1.17708 20.36971 7.09746 2.54621 28.83267
1.20936 20.13074 7.49783 2.07968 29.11092
1.29788 20.77857 7.30678 2.74967 27.92229
1.11221 20.8283 7.05499 2.60976 28.44511
1.17021 19.66896 7.22801 2.47251 29.49073
0.97866 20.09455 7.7129 2.24763 28.99388
1.09983 20.21767 8.06949 2.16844 28.50329
1.14907 19.89261 7.58545 2.18902 29.21052
1.06169 20.01114 8.55958 2.23755 28.18838
1.04221 19.27262 8.2707 1.95628 29.516
1.07393 20.68295 7.31858 2.16746 28.79158
1.05863 20.94192 7.14685 2.27305 28.5962
0.92891 20.20079 7.19067 2.77321 28.92272
1.0373 20.58253 6.97143 2.37134 29.06386
1.16071 20.89487 7.58375 2.63411 27.7788
1.13783 19.44478 7.88572 2.6023 28.96006
1.00158 20.70113 7.05492 2.42797 28.83894
1.12764 21.13875 6.96524 2.56908 28.2313
0.93219 20.37172 6.86624 2.83699 29.0075
1.08339 20.81773 7.28447 2.87537 27.97209
1.21467 19.59563 8.28104 2.72313 28.23865
1.38822 19.98596 7.53903 2.54968 28.57445
1.25657 19.28737 7.8431 2.40239 29.24628
1.32282 19.4 7.73532 2.68269 28.9036
1.29704 20.11217 7.76468 2.84477 28.02816
1.11041 20.88034 7.06016 2.62431 28.35422
1.04986 20.94763 6.80207 2.95733 28.27476
1.08948 21.77764 6.89826 3.00895 27.25881
1.32069 20.77007 6.42995 2.94639 28.55903
1.25844 21.01075 7.14762 2.40519 28.21646
1.02975 20.39148 7.84925 2.77281 28.00909
1.14589 20.90858 7.10714 2.77992 28.09063
1.07195 20.38451 8.03077 2.47853 28.0632
1.12571 19.87558 8.1804 2.21563 28.63983
1.17249 20.21681 7.83887 2.57816 28.31248
1.04504 20.05218 6.99484 2.55444 29.38474
0.94019 21.41435 6.80899 2.76835 28.12549
1.05 20.73643 6.797 2.76181 28.68605
0.86738 21.29474 7.33255 2.86219 27.70335
0.92324 20.3849 7.03885 2.95446 28.73357
1.14877 21.39307 7.62991 2.89498 26.99712
1.01225 20.95155 7.44266 2.46467 28.1697
0.81394 22.08821 7.71139 2.73659 26.75813
0.97814 22.73398 6.74343 2.8832 26.74956
0.89917 21.41152 7.37134 2.68201 27.70994
0.90582 21.35944 7.45196 2.58143 27.76679
1.0643 20.75022 7.53265 2.36478 28.3209
0.82279 20.74315 6.68672 2.69283 29.07644
1.12571 20.60025 7.05511 2.80037 28.44627
1.03832 20.10378 7.57002 2.76844 28.548
1.12665 20.17084 7.78863 2.29238 28.65424
0.9631 19.68848 8.27134 2.6857 28.44513
0.9139 20.64697 6.91342 2.9417 28.62583
1.04458 19.79589 7.53448 2.72243 28.94448
0.87723 20.24243 8.53657 2.47392 27.91113
0.90696 20.53392 8.57957 2.35682 27.67206
0.92963 21.65858 6.76181 3.50908 27.18187
0.882 22.10479 7.2188 2.78032 27.05907
0.99543 21.05404 7.69355 2.63285 27.66478
0.91762 20.77174 8.34923 2.55418 27.44214
1.19091 20.52361 7.55747 2.3989 28.37824
1.02118 20.07984 7.71206 2.32743 28.90473
1.14141 19.91485 7.88048 2.61194 28.52786
1.40767 21.38652 8.04447 2.74465 26.54546
1.51196 19.92607 9.17733 2.54681 26.98485
1.33276 19.6611 8.74886 2.84389 27.5312
1.44296 20.68938 7.44009 2.35703 28.12425
1.37842 21.1988 7.38871 2.56445 27.50204
1.53246 20.37325 6.84193 2.73347 28.54674
1.33985 20.88747 6.27355 2.42144 29.10839
1.16661 19.38363 7.64977 2.60863 29.21895
1.21575 20.14948 7.41402 2.30023 28.95158
1.23206 20.39429 6.78334 2.42983 29.17967
1.2638 20.2213 6.92602 2.16299 29.44691
1.07154 21.02635 7.05117 2.28116 28.59981
1.35621 20.36638 7.173 2.51792 28.62797
1.54337 20.3757 6.77552 2.68418 28.66196
1.45844 20.90251 7.05931 2.60996 28.03123
1.24117 21.05678 7.91608 2.63723 27.23021
1.28135 20.66874 7.69993 2.90114 27.50659
1.13744 20.18869 7.73 3.09251 27.903
1.14221 21.28782 7.11694 3.23784 27.28822
1.25708 21.11385 6.95803 2.82807 27.87946
1.23083 19.89378 7.4044 2.68122 28.81172
1.25669 20.57341 6.8591 2.66971 28.66533
1.07173 20.57597 7.74032 2.78006 27.88523
1.05048 19.8961 7.20451 2.61178 29.26073
1.09882 20.92632 6.98675 2.63326 28.38046
1.14216 20.4183 8.17784 2.34172 27.99488
1.14027 20.01164 8.67875 2.49596 27.77312
1.14962 20.11102 9.4827 2.50598 26.91818
1.06308 19.77061 8.39046 2.37647 28.45505
1.0741 18.76849 8.13065 2.59903 29.47863
1.09108 20.00151 7.73137 2.53809 28.70585
0.88564 20.44711 7.21222 2.84729 28.65191
1.09309 21.87935 6.98003 2.57372 27.51251
1.16607 21.34362 7.61092 2.22738 27.68819
1.09101 21.08528 7.30091 2.23004 28.32346
0.98843 20.5338 7.97378 2.53174 28.04049
0.94683 21.19138 7.93819 2.71606 27.30063
0.92801 21.28215 6.99503 2.81815 28.03887
1.04146 20.19951 7.99679 2.35337 28.4816
1.1108 20.66271 8.61807 2.63923 27.08137
0.9913 20.40943 8.2759 2.39785 27.97873
1.12408 19.52285 8.64021 2.56389 28.21207
0.93774 19.98802 9.57502 2.49862 27.11015
1.25617 19.52321 9.09946 2.49203 27.73554
1.04451 20.88914 8.22098 2.71844 27.19901
1.13145 19.42524 8.16445 2.43425 28.89619
0.85218 20.7521 7.22534 2.73123 28.48484
0.92807 19.86773 8.09479 2.31445 28.83515
1.00146 19.53844 7.32241 2.19173 29.98072
1.05194 20.61381 7.31406 2.70256 28.35002
1.11571 20.92434 6.90079 2.90644 28.18617
0.87096 21.80267 6.66268 2.85759 27.84622
0.92421 20.67954 6.84993 2.75922 28.80772
0.90064 21.75207 6.82364 2.77175 27.78699
1.1336 20.30171 6.68601 2.68438 29.21151
1.21646 20.06409 7.03265 3.10024 28.61115
1.20849 21.75004 7.02511 2.68781 27.36399
1.18698 20.94553 6.26093 2.46259 29.16135
1.13082 21.0341 6.70435 2.60201 28.56072
1.3493 20.44108 7.06498 2.45258 28.73033
1.14797 19.94767 7.89847 2.43259 28.61203
1.04576 19.74271 8.20048 2.23645 28.81416
0.89995 19.87171 8.43952 2.56767 28.26335
0.95937 20.05657 9.25064 2.39559 27.48833
0.95734 20.76868 8.80855 2.5404 27.0131
0.88285 21.17821 7.36011 2.24904 28.37288
0.86914 21.39608 7.6308 2.36078 27.81387
0.86598 20.32945 8.64027 2.58076 27.6521
0.85561 21.02386 8.05647 2.61114 27.53032
0.93752 21.07756 7.04728 2.5495 28.42098
0.91175 21.07947 7.11825 2.70992 28.21483
0.93498 20.55899 6.93418 2.84188 28.76925
0.8309 21.05891 7.4619 3.04893 27.65611
0.96235 21.72413 6.51359 2.93653 27.90205
0.85319 22.96689 6.04521 2.95625 27.21098
0.84303 22.11806 6.06446 2.89367 28.09982
0.77373 20.95301 7.20258 2.62132 28.48696
0.77166 21.05897 6.85953 2.60372 28.74562
0.69582 21.27118 7.16785 2.43017 28.461
0.95597 20.89445 7.08354 2.50461 28.59828
1.04756 21.08687 6.22772 2.79803 28.85204
1.0119 21.15097 6.49295 2.50026 28.85793
1.11557 21.41233 6.47666 2.58158 28.43374
1.0297 21.11534 7.10691 2.13116 28.64512
1.09478 20.45305 7.02576 2.4009 29.052
1.03138 21.23999 7.07892 2.38344 28.30312
0.90393 20.72331 6.80528 2.24784 29.34087
0.95335 21.77222 6.88042 2.46922 27.96241
1.12037 20.37402 6.65496 2.66663 29.20584
0.95316 20.86597 6.40738 2.69783 29.09741
1.10243 20.16827 7.70644 2.63789 28.43243
1.07003 18.71155 7.76237 2.7953 29.67654
1.02039 19.39239 8.02271 3.20197 28.39186
0.95896 19.97903 8.22245 2.91911 27.95936
1.04461 19.37815 7.85839 2.78136 28.95947
1.11422 20.07699 7.20652 2.46885 29.15604
1.03751 20.38758 7.55645 2.81719 28.25161
1.0139 21.54152 6.54974 2.86749 28.07139
0.9123 20.79686 6.86824 3.19155 28.27143
0.89667 21.21356 7.47545 2.91087 27.5431
0.98921 20.79417 7.75618 2.70404 27.79626
0.98588 21.18979 7.89658 2.30399 27.66801
1.10262 21.76433 8.36414 2.02907 26.85452
1.12365 20.64176 8.0463 2.2455 28.01439
1.02622 20.809 8.28845 2.25741 27.68619
1.05617 19.34849 8.48005 2.48717 28.66798
0.85732 20.47665 8.10086 2.32067 28.27459
0.93925 20.26731 8.36528 2.29195 28.17944
0.93809 20.20574 9.43725 2.37727 27.20938
0.98544 21.04261 8.68012 2.18141 27.21243
1.05225 20.07159 8.575 2.08229 28.29127
1.01126 20.42929 8.04071 2.54416 28.00401
1.03681 21.81605 7.52767 2.55446 27.10571
1.07253 21.49985 6.99542 2.45641 28.005
0.98711 20.19156 8.0911 2.43342 28.32857
0.96481 21.09759 7.58937 2.45002 27.94149
1.09007 19.41265 8.03809 2.19754 29.28228
1.02508 19.94547 7.57298 2.1832 29.29441
1.0959 20.47847 7.26611 2.17981 29.00177
1.22356 20.45442 7.96337 2.42893 27.98964
1.1439 19.23448 9.75336 2.29571 27.7501
1.19269 20.75039 8.52677 2.25669 27.38735
1.04525 21.46527 7.84596 2.45669 27.26416
1.28098 19.53801 8.41895 2.22331 28.57484
1.1719 19.51731 8.74529 2.2532 28.36286
1.02799 19.75825 7.95409 2.35106 28.93532
1.04667 20.56795 7.57886 2.41384 28.42145
1.08846 21.41391 7.85428 2.50801 27.17989
1.28024 20.70115 8.22159 2.33951 27.50524
1.05653 20.89082 7.47913 2.69472 27.92695
0.90626 20.93041 7.26179 2.43403 28.49734
1.11894 21.48514 6.6009 2.57634 28.24454
1.03399 22.51115 6.74193 3.16394 26.61658
0.87211 21.36977 7.5179 2.91146 27.43956
0.89264 20.66242 7.33934 2.79524 28.34891
0.79736 21.82411 7.08836 2.60431 27.75985
0.83554 21.53402 6.66083 2.51624 28.49583
0.86385 21.8124 7.57897 2.42194 27.38527
0.77681 20.42949 7.30111 2.28504 29.22932
0.86777 21.00145 8.30915 2.19391 27.67144
0.77751 21.62719 7.21478 2.56362 27.86397
0.70292 20.9442 7.74766 2.5664 28.07642
0.85227 20.98247 7.4764 2.48175 28.24504
0.85315 19.93195 7.60169 2.64621 28.99875
1.02765 20.23166 7.70151 2.48763 28.59752
0.97853 20.06686 7.56098 2.55066 28.89857
0.92834 20.88335 7.18227 2.97519 28.06769
1.08418 19.94923 7.00686 3.12358 28.86044
1.34391 20.52965 7.43635 2.78592 27.97317
1.25214 19.66629 8.66695 2.64121 27.81402
1.24797 21.03792 7.39166 2.58669 27.77178
0.91532 20.54261 7.94001 2.67646 27.97992
1.17253 20.13423 7.41912 2.66322 28.65207
1.04619 21.62605 8.01029 2.80644 26.60769
1.00245 20.89098 7.35875 2.559 28.24128
0.87607 21.04041 7.51379 2.57456 28.03183
1.11689 19.8331 8.23332 2.55394 28.30587
1.04936 20.41249 7.92509 2.46811 28.18567
1.17143 20.75404 8.67735 2.45846 27.01735
1.05039 21.49794 8.12083 2.72479 26.69275
1.2175 21.77327 7.56132 2.34274 27.15826
1.09962 20.78268 7.7872 2.4072 27.95911
1.30049 20.75731 7.97498 2.37759 27.62505
1.15295 21.05978 8.03901 2.55743 27.26098
1.00545 20.56222 7.35581 2.17375 28.95963
1.07793 19.76494 7.41476 2.4715 29.29918
0.9815 20.38916 7.53525 2.62011 28.50307
0.99085 20.64417 7.83919 2.46353 28.09191
0.9301 20.64898 7.23399 2.33262 28.8736
0.89622 19.69252 7.20655 2.31819 29.90789
1.0044 21.308 7.22933 2.60646 27.88125
1.27731 19.95608 7.25294 2.75561 28.78902
1.11646 20.33715 8.19286 2.62723 27.80402
0.91939 19.95228 8.8864 2.23095 28.0945
0.79048 19.8789 9.69427 2.07778 27.70871
0.76556 19.53925 8.91956 2.46252 28.38698
0.97349 20.4435 7.74299 2.41397 28.47549
1.0618 21.10521 7.60969 2.52884 27.72739
1.01845 20.13439 7.2148 2.26834 29.38671
1.17755 20.66502 7.53539 2.53478 28.129
1.2143 21.21972 6.6388 2.48618 28.46798
1.14745 20.84898 6.41101 2.48022 29.13943
1.15724 21.24965 6.27237 2.50577 28.83621
1.11963 22.63716 6.56992 2.23685 27.49806
1.09258 21.14244 6.60449 2.50019 28.73388
1.05617 20.08628 7.60682 2.2245 29.07154
0.9089 20.62023 7.61637 2.4253 28.46999
0.99256 20.69548 7.29181 2.65973 28.40784
0.9836 20.55527 7.10029 3.07793 28.34241
1.10334 21.36911 6.80935 2.63045 28.12714
1.05272 20.31468 7.06678 2.73267 28.87403
0.93519 20.57758 7.43272 2.4474 28.66339
0.93145 21.01008 7.46655 2.8346 27.79758
0.82232 21.36038 6.73858 2.5997 28.50458
0.94688 19.99873 7.54221 2.59041 28.94481
1.06477 19.67051 8.56964 2.25944 28.4678
1.2203 18.86917 9.1736 2.12088 28.64763
1.11938 19.58492 8.07926 2.50542 28.75352
1.27087 19.22525 7.73836 2.26109 29.52876
1.17202 19.54938 7.72724 2.20896 29.36931
0.93311 21.49263 6.84008 2.78484 27.98095
1.06625 20.55601 8.2458 2.71922 27.48426
1.23522 19.84917 7.98488 2.61369 28.34801
1.14752 19.58293 7.96899 2.4668 28.85402
0.9653 21.30238 7.84606 2.2447 27.66957
1.05745 19.33993 7.85661 2.16009 29.61693
1.04171 19.76498 8.01805 2.33026 28.87876
0.93736 19.22519 8.08142 2.76581 29.01943
0.88466 20.59464 7.38799 2.79657 28.36009
0.98737 22.00185 6.85501 2.30584 27.88562
1.07876 21.934 7.64993 1.95053 27.42273
0.95538 21.30434 7.38637 2.38162 28
1.26954 20.38839 7.26825 2.20259 28.90389
1.10894 20.68609 7.32851 2.64251 28.2727
1.05226 19.43379 8.06862 2.55249 28.92285
0.88227 20.11038 8.43688 2.26977 28.3555
0.97955 20.12656 7.76585 2.30129 28.87774
1.09009 21.38755 6.99741 2.18272 28.37699
0.9608 21.0627 6.6848 2.20025 29.12075
0.95411 21.86816 6.7428 2.17449 28.297
0.92067 20.88963 7.5853 2.23469 28.40255
0.92282 20.54295 8.34894 2.03949 28.18645
1.05106 19.42787 8.96771 2.14119 28.44027
0.95403 20.47363 8.79434 2.23372 27.59176
0.99087 19.86527 8.35701 2.3205 28.49565
0.95809 19.31607 8.32134 2.50627 28.91548
0.85236 20.66203 7.159 2.29585 29.05163
0.84689 20.13942 7.43349 2.54354 29.05611
1.03863 19.18185 7.87207 2.29344 29.63794
0.98147 19.31758 7.90226 2.17211 29.65954
1.06853 19.8177 7.88708 2.35203 28.90824
1.35625 20.17339 7.69722 2.44281 28.36735
1.01605 20.78907 7.9152 2.10196 28.21401
1.4902 20.56154 7.08418 2.56791 28.32048
1.55488 20.71493 7.55121 2.63315 27.61814
1.23823 20.33288 7.67568 2.60904 28.20595
1.50413 20.82439 7.18614 2.63914 27.91698
1.32132 20.15513 8.41453 2.12836 28.05998
1.3252 21.00119 7.38681 2.4465 27.92488
1.38515 21.3736 6.75258 2.37028 28.16435
1.35007 20.98813 6.54081 2.29513 28.86987
1.47571 20.71911 6.25265 2.19571 29.38625
0.98341 19.6626 6.76966 2.15773 30.43978
1.33618 19.53965 7.67306 2.40198 29.11717
1.27578 19.63964 7.74574 2.47335 28.92547
1.04358 20.98506 7.12335 2.38064 28.49906
1.38455 19.43571 7.95574 2.21041 29.03933
1.38293 20.3205 7.58 2.08539 28.66467
1.23924 20.05889 8.22566 2.0431 28.47665
1.1744 19.60131 9.52741 2.328 27.44712
1.10898 20.67901 8.13344 2.39697 27.72304
1.11087 19.86628 9.17826 2.5084 27.40336
1.21827 20.20295 8.49297 2.44771 27.68828
1.19516 20.2693 8.00587 2.64825 27.92181
1.32207 19.91158 8.06646 2.74868 27.99838
1.3608 20.73423 6.89806 3.05051 27.98677
1.2402 20.68721 7.34408 2.91587 27.86296
1.31964 20.4526 6.88863 2.66325 28.70399
1.21929 21.54984 7.79465 2.9958 26.51505
1.47083 20.49194 7.82013 3.07067 27.21584
1.42833 19.83911 7.83253 2.88663 28.06887
1.27051 20.60151 7.72742 2.90993 27.54034
1.22534 19.57984 7.10123 2.56176 29.55287
1.27098 20.16355 6.87581 2.14567 29.55968
1.18387 20.07882 7.60071 2.22903 28.9271
1.15405 20.1712 7.49188 2.26475 28.93394
1.09162 20.72037 6.56506 2.4119 29.22589
1.24822 21.05435 6.24384 2.52955 28.94612
1.13844 21.18427 7.25596 2.49931 27.9572
1.03989 21.16686 7.6275 2.46817 27.74315
1.20934 21.34097 7.30664 2.43582 27.7657
1.30439 20.36462 7.37681 2.64218 28.34621
1.44237 20.24337 6.93104 2.51639 28.88798
1.47552 21.43023 6.22805 2.79657 28.11096
1.43274 19.8912 7.48544 2.84694 28.38561
1.28177 21.74473 6.84142 2.69827 27.47465
1.28624 20.43801 7.46448 2.4767 28.36511
1.19024 20.98179 8.25577 2.29641 27.336
1.18072 20.62827 7.79611 2.26939 28.19553
0.89194 20.47688 9.15165 2.43747 27.1574
1.09297 21.09175 7.13243 2.61692 28.13879
1.03562 20.20221 7.42924 2.92318 28.46798
1.09505 20.96852 7.55005 2.48438 27.97596
0.85667 21.18506 7.45906 2.56092 27.98163
0.91363 20.21143 7.87695 2.90102 28.14916
1.10347 20.90302 6.46258 3.09074 28.47049
0.98826 22.1609 6.89724 3.00408 27.00569
1.10092 20.89357 7.83205 2.81375 27.42368
0.93419 21.01302 7.29444 2.63639 28.17005
1.03442 21.10017 7.52464 3.03617 27.37035
1.03006 21.22533 7.48751 2.55014 27.74752
1.12682 20.3543 9.07936 2.2631 27.23692
1.00372 20.69952 8.08026 2.31764 27.94097
1.24728 19.54495 8.65539 2.60114 28.01282
1.05385 20.27431 8.59154 2.66862 27.46496
1.19162 19.54229 8.48032 2.43765 28.38061
1.3042 20.99555 7.2842 2.42192 28.03219
1.15251 21.40863 7.11989 2.14472 28.21133
0.98354 20.75005 6.83024 2.42799 29.03189
1.00492 20.69025 7.66426 2.39461 28.2902
1.28087 21.03458 6.90602 2.41696 28.40334
0.95227 20.90693 7.8859 2.43101 27.85292
0.91524 20.46236 7.91528 2.54783 28.19109
1.04907 20.11225 9.10908 2.50128 27.27732
0.86744 19.98714 8.17049 2.55913 28.46382
1.10171 21.74456 7.48376 2.55634 27.17009
1.05205 20.54974 7.38556 2.21014 28.82991
1.09135 20.57777 7.14182 2.32816 28.88713
0.82081 19.90251 8.66034 2.36692 28.30131
0.88922 20.41401 7.62438 2.61694 28.4919
0.87012 19.84854 8.20973 2.61538 28.54945
0.94418 20.14541 7.90988 2.39256 28.70285
1.01053 19.96939 8.58496 2.46563 28.03904
0.88648 20.21337 8.0086 2.37339 28.61312
0.83781 20.16385 7.50853 2.20439 29.32103
0.80709 19.92334 7.30515 2.62848 29.37503
0.72114 19.64064 7.34547 2.71016 29.62481
0.92254 20.06587 7.4602 2.86134 28.73607
1.02996 19.25959 7.9952 2.68007 29.07907
0.85857 20.91458 6.62932 2.79503 28.82292
0.87815 21.35515 6.6009 2.74414 28.4454
1.06204 20.90953 7.27522 2.3741 28.41562
1.03147 20.58514 7.23987 2.60874 28.57703
1.04156 20.54241 7.98879 2.73131 27.73162
0.85047 21.01646 7.44802 2.38874 28.32884
0.87064 20.35409 7.15611 2.48807 29.16341
0.95704 19.16792 8.78146 2.37685 28.75563
0.83578 20.09353 7.40543 2.19462 29.49211
0.81812 20.39487 6.77025 2.46535 29.56892
0.98099 20.59189 7.46443 2.52319 28.49047
1.00542 20.05633 7.61327 2.48463 28.88472
1.07903 20.98278 7.18907 2.1626 28.63477
0.97895 21.02503 7.14708 2.01536 28.85204
0.91881 22.03256 6.83678 2.25222 27.99223
1.00238 22.17087 7.01608 2.48867 27.37067
0.86832 21.84912 6.20112 2.39066 28.71784
0.87034 21.77084 7.14406 2.22264 28.04609
0.90404 21.14465 7.66062 2.36908 27.99961
0.94021 21.89677 6.49329 2.5228 28.21302
1.00461 20.50794 7.87894 2.37825 28.27595
0.94667 21.25893 7.39061 2.54061 27.91732
1.14087 21.05082 7.49803 2.44962 27.89559
1.20805 20.27633 7.51848 2.42113 28.61428
1.13057 20.97296 7.38512 2.48837 28.08102
0.94039 20.98691 7.78431 2.6319 27.70723
1.16383 21.6033 7.12968 2.51931 27.63384
1.17135 20.85763 7.30705 2.11767 28.57292
1.1362 20.4638 7.3212 2.48129 28.61838
1.01741 21.39123 8.11336 2.55958 26.96775
0.9251 21.5375 6.87173 2.42591 28.26884
0.99995 21.22352 7.27961 2.4457 28.09443
0.80121 21.76965 7.36123 2.35004 27.74684
0.73274 21.12886 7.44718 2.2781 28.44004
0.98816 20.72443 7.42732 2.41022 28.49533
0.9877 20.6721 7.68091 2.29062 28.46007
0.79292 20.66763 8.39106 2.72153 27.54916
0.94 20.84814 8.52841 2.72441 27.03007
1.01747 21.36549 7.96643 2.54951 27.15876
0.91236 20.03291 8.40626 2.46333 28.24198
0.95526 20.85755 7.65845 2.52561 28.04725
1.08592 20.32967 8.27832 2.10557 28.25487
0.99122 21.09715 7.73787 2.20169 28.01756
0.94764 20.9389 7.67278 2.48536 28.01093
1.01695 20.97405 7.77975 2.43454 27.82541
0.9672 20.85285 7.77945 2.85709 27.57821
1.07362 21.40862 7.23752 2.51448 27.80564
0.88988 20.03122 6.93846 2.32896 29.82523
1.00445 20.61273 6.2098 2.5998 29.58943
1.00593 20.07368 7.62628 2.91461 28.41325
1.01069 21.22169 6.98961 2.85681 27.9638
1.09934 20.35621 8.25191 2.78055 27.58114
0.93908 20.26144 8.64321 2.5215 27.70829
1.13875 21.16502 7.0649 2.76355 27.91127
1.11287 20.08659 8.22563 2.37372 28.2463
1.0956 20.34145 8.59093 2.67266 27.40345
1.07768 21.85106 6.94305 2.6305 27.54256
1.22957 21.31718 7.06858 2.7519 27.66802
1.20001 20.70787 7.05984 2.21852 28.85387
1.3426 19.83899 8.61051 2.52472 27.76453
1.20083 20.59437 7.38921 2.36973 28.47608
1.07588 20.18587 8.02566 2.46805 28.28336
1.19397 20.57173 7.2409 2.28576 28.73844
1.0851 19.93454 8.06423 1.9535 28.98327
0.99201 20.23722 8.07777 2.16465 28.55052
0.75747 20.77727 8.135 2.18736 28.17662
0.77427 21.21427 8.12242 2.37578 27.56623
0.92655 20.80075 7.81333 2.33946 28.1628
0.90086 20.34831 7.51299 2.02311 29.24026
0.96638 21.85308 7.99987 1.93376 27.29585
1.06415 20.43604 7.24843 2.61408 28.66008
1.12601 20.45304 7.40255 2.56728 28.46873
0.84333 21.74442 6.85892 2.8439 27.73846
0.93964 21.99975 6.89857 2.86924 27.35059
0.93604 20.9735 7.54531 2.53659 28.04624
0.81287 21.12263 7.0403 2.75465 28.30241
0.85067 22.0269 7.14417 2.62024 27.41451
0.84298 22.04297 7.5499 2.74985 26.86351
1.15912 21.17953 6.56896 2.78161 28.33826
1.06495 21.83576 6.91418 2.97065 27.247
0.85198 19.39569 8.27689 2.64809 28.87774
0.91228 20.2534 8.31072 2.84263 27.75692
0.8757 21.26202 7.20755 2.63263 28.07311
0.69526 21.27773 6.57415 2.89925 28.58497
0.83936 21.33272 6.75021 2.34907 28.75445
0.97745 19.72999 7.68466 2.42147 29.21503
0.9363 19.81623 8.09682 2.36631 28.81238
0.89936 18.92992 7.91043 2.49364 29.79558
0.8112 20.54494 7.86852 2.28025 28.58516
0.91178 21.10871 7.50665 2.75971 27.77325
0.9486 20.80321 7.00549 2.55441 28.72392
1.09332 19.22633 8.74149 2.60064 28.39514
0.88917 19.48112 8.53781 2.25069 28.87906
0.94523 20.36417 8.1807 2.53286 28.01943
0.88762 19.94775 8.03509 2.31184 28.84343
0.86643 21.17011 7.84854 2.16219 28.00761
0.78643 20.2753 7.52706 2.2216 29.24984
0.90015 20.57691 7.24445 2.45932 28.86224
0.80693 20.96693 8.08528 2.41496 27.80683
0.93157 20.71114 6.9975 2.30347 29.09073
0.86982 20.87897 7.19281 2.41456 28.68629
0.83871 20.58214 7.27866 2.39125 28.93018
0.92282 21.14011 7.41501 2.51638 28.03729
0.75648 21.18942 8.1067 2.62491 27.37623
0.91828 20.77158 8.49712 2.95067 26.96306
1.02734 20.01782 8.64489 2.58128 27.80858
0.85974 19.57194 8.71208 2.91653 28.00815
0.97962 20.9051 7.19408 2.31198 28.64856
1.07219 19.94361 7.90735 2.4323 28.69319
1.09315 20.33096 7.52599 2.53273 28.56256
1.2291 20.23986 7.36866 2.54668 28.65453
1.06607 21.23374 7.52605 2.6977 27.56022
1.16413 20.85221 7.65061 2.36796 28.02184
1.09791 21.70279 6.40074 2.76891 28.06126
1.151 21.80978 6.55337 3.04316 27.50524
1.21603 21.19393 6.48807 2.43149 28.70925
1.13209 21.12674 7.1118 2.53627 28.13153
1.10272 20.27526 7.44753 2.70032 28.51804
1.19079 19.9887 7.26086 2.31023 29.29108
1.09758 19.72366 8.49405 2.43514 28.32525
1.25491 19.73348 8.65704 2.51444 27.90175
1.24833 19.66123 8.69944 2.34661 28.0918
0.95428 19.26266 10.08504 2.43544 27.35255
1.11512 19.53246 8.93066 2.39124 28.09273
1.10845 19.84381 7.9606 2.55186 28.59118
0.8033 20.20844 6.9134 2.86142 29.2422
0.97505 21.03851 5.84889 2.75314 29.40411
1.03646 21.66954 6.22222 2.81715 28.28538
1.24208 20.06151 7.32171 2.57126 28.83487
1.0507 20.61797 8.04183 2.61164 27.71354
1.05362 19.76575 8.2853 2.5574 28.37437
0.96601 20.88259 7.83239 2.41396 27.94204
0.99583 20.88198 7.2514 2.75708 28.15298
1.08563 20.14137 7.03529 2.74852 29.01477
0.91068 19.49057 7.48237 2.51678 29.6245
0.9718 20.4142 7.49791 2.55229 28.59981
0.88309 21.41664 6.50063 2.91402 28.319
1.05954 20.04415 6.83759 2.54426 29.53749
1.13318 21.01945 7.33815 3.0181 27.53142
0.91783 20.31989 7.79838 3.28252 27.71592
1.01217 19.91834 7.08094 3.00873 29.01508
1.17591 20.13063 8.16573 2.8856 27.68663
1.23259 21.43599 7.4372 3.1319 26.81721
1.1964 21.07235 7.12708 2.80064 27.84851
1.09503 21.38454 6.33878 2.73998 28.47339
1.02801 20.84094 6.44999 2.73389 28.98775
1.15566 21.81461 6.51817 2.74935 27.81124
0.91364 21.53026 6.68153 2.74454 28.18886
0.92942 21.59162 6.74571 2.33321 28.44771
1.0373 20.66183 7.08859 2.64953 28.61789
1.26911 21.55729 6.87746 2.89137 27.47247
1.13488 21.67654 6.62224 2.82411 27.78471
1.21847 21.57087 6.75103 2.74158 27.7497
1.17055 21.78018 6.71988 2.41971 27.94732
1.20693 20.54225 6.98311 2.86031 28.44791
1.03535 20.77454 6.72 2.70571 28.80061
1.1362 20.85449 6.80589 3.06671 28.17465
1.31212 20.70215 7.00667 2.71746 28.29824
1.12159 21.03496 6.89198 2.52972 28.44741
0.93582 22.59259 6.02234 3.30117 27.18454
1.08628 20.94419 7.12408 2.68324 28.19135
1.09972 20.64753 7.10138 2.72073 28.45858
1.16259 20.32173 6.71371 2.95355 28.87471
1.06466 21.46701 6.39266 2.76674 28.33089
1.05282 22.1041 6.45035 2.72952 27.70387
1.11415 21.59676 7.19322 2.83515 27.30887
1.18623 21.01351 7.3726 2.52545 27.93926
1.25436 19.95545 7.35517 2.3906 29.06908
0.85924 20.0406 8.3419 2.52589 28.27932
1.24787 20.7401 8.10141 2.29882 27.67069
1.08009 21.96667 7.46199 2.44314 27.0955
1.32331 20.45971 7.57443 2.9485 27.73102
1.17114 21.66067 6.68528 2.60253 27.91339
0.85128 20.59071 7.82439 2.30259 28.45836
0.96817 20.292 7.65562 2.25008 28.8592
0.99241 21.16888 6.89605 2.41858 28.57119
0.92974 21.22295 7.52746 2.72256 27.66034
0.68202 21.49382 7.37686 2.74598 27.74053
0.84933 21.24872 7.37087 2.32102 28.24569
0.85201 20.56407 7.41942 2.55092 28.65068
0.96488 20.08331 7.62182 2.51367 28.8457
0.9204 19.65425 8.48292 2.04872 28.9229
0.96836 19.44124 8.08321 2.0891 29.45511
1.10318 19.93521 7.71691 2.22456 29.03605
1.01336 19.35916 7.32056 2.36955 29.9483
0.77225 20.5002 7.38765 2.29858 29.06793
0.67377 20.51972 6.87456 2.92025 29.03504
0.85053 20.09203 8.02319 2.46475 28.61735
0.76335 20.00856 7.62286 2.5996 29.03463
1.00359 21.19311 7.76816 2.61946 27.45296
0.81807 20.75296 7.77353 2.30648 28.37949
0.82893 20.01353 7.8256 2.85736 28.52115
0.94766 20.30836 7.81162 2.69312 28.30322
0.81991 20.21194 7.95079 2.71827 28.35203
0.88967 20.2434 8.11888 2.52484 28.26239
0.88379 21.32947 7.56293 2.38061 27.87424
0.87584 21.87805 7.26596 2.29324 27.71649
0.79767 20.99175 7.19115 2.27946 28.76901
0.79153 19.23435 7.53825 2.44559 30.00264
1.07527 19.62333 7.78387 2.25368 29.28181
0.86852 20.07444 8.3897 2.26033 28.44353
1.24066 19.52796 7.66944 2.42079 29.15776
1.06624 21.15785 7.66554 2.53513 27.6187
1.02257 20.243 7.79576 2.80448 28.17116
0.95729 19.96438 7.97108 2.59682 28.53555
0.95216 20.38725 8.02804 2.49549 28.19502
0.93521 19.92867 7.87832 2.38085 28.91681
1.01659 19.121 7.43564 2.31757 30.12823
0.89476 20.73603 6.44302 2.66193 29.2926
0.98702 21.22361 5.73291 2.85171 29.22881
0.90571 21.33739 6.2105 2.80071 28.7733
0.82983 20.46865 7.31043 2.80236 28.64345
0.74854 21.07286 6.73213 2.99596 28.48306
0.83804 21.41835 7.20244 2.72885 27.87505
0.95697 21.41327 6.73903 2.32515 28.60333
0.92971 20.97881 7.24423 2.54797 28.3486
1.06667 19.87832 7.89092 2.19558 29.02115
0.96183 21.95343 6.92465 2.28145 27.93868
0.96572 21.41716 6.67438 2.24868 28.72715
0.88909 20.74052 7.03359 2.34571 29.01284
0.97931 20.35176 6.93931 2.56291 29.18746
0.88054 20.30035 7.11309 2.71666 29.00515
1.05407 19.74262 7.10043 2.40356 29.72293
1.09531 19.4634 8.4115 2.23206 28.90398
1.08143 20.46987 7.53305 2.63293 28.32711
1.3191 19.61952 7.99301 2.3229 28.77384
1.02801 20.48357 8.04422 2.68144 27.8278
1.03595 19.53014 7.83502 2.55468 29.07923
0.96093 20.27206 7.63108 2.77741 28.38512
1.19689 19.94799 7.62865 2.79153 28.45513
1.15223 20.13279 7.67922 2.50584 28.55507
0.76322 19.29543 8.55644 2.32241 29.09557
0.83888 20.04433 8.64918 2.68833 27.84092
1.14012 20.43181 8.1486 2.92365 27.42515
0.96245 20.28745 8.11651 2.59462 28.07328
0.98629 19.95306 8.21988 2.69019 28.19739
0.85681 20.04855 8.22526 2.49183 28.4139
0.79219 19.71336 8.66538 2.71891 28.15296
0.801 20.88148 7.45202 2.83534 28.06072
0.78353 20.56811 7.1838 3.31626 28.19112
0.65876 20.83673 7.17226 2.64926 28.72016
0.69011 20.78837 7.05898 2.69772 28.8068
0.7129 20.68454 7.70248 2.53209 28.40404
0.93611 19.46211 8.63501 2.78297 28.21957
1.02788 19.86533 8.16494 2.74054 28.25239
1.1201 20.07526 7.40928 2.7653 28.65834
1.00272 20.88798 7.31496 2.79917 28.02173
1.18233 20.26187 6.47874 2.73901 29.35714
1.22105 20.46016 6.97979 2.80152 28.57272
1.25845 20.97749 6.6695 2.50284 28.62149
1.26918 19.69602 6.82684 2.63517 29.58671
1.32194 21.86696 6.35633 2.54074 27.95627
1.05361 21.72578 6.69107 2.52031 28.05189
1.24224 20.71557 7.73996 2.44706 27.90071
1.16468 20.8047 8.33255 2.09395 27.66683
1.50411 19.1646 8.18537 2.04622 29.16124
1.23343 20.33579 7.55098 2.62014 28.32339
1.17154 19.33192 8.62809 2.3209 28.60021
1.22536 20.59973 7.44974 2.36762 28.41037
1.31773 19.44079 8.12169 2.72986 28.43071
1.38121 19.14228 7.99298 2.4418 29.06908
1.1007 20.32301 6.82063 2.7758 28.99508
1.1033 19.46823 7.10264 2.50327 29.84461
1.24201 20.09906 7.88922 2.72606 28.08745
1.17213 21.02597 7.96262 2.43492 27.4506
1.22531 20.61522 7.89631 2.33722 27.96526
1.0695 20.49885 7.4958 2.33116 28.62995
0.92682 20.5535 6.11248 2.62048 29.80662
0.94069 20.27884 6.35377 2.35931 30.07914
1.11301 20.56026 6.86585 2.45036 29.02644
1.16192 20.52304 7.49785 2.42497 28.42548
1.13805 20.04464 7.05436 2.9264 28.86347
1.19728 19.45097 7.25733 2.18874 29.92706
1.11349 20.53677 6.74335 2.0967 29.52938
0.93104 20.23337 7.43309 2.01291 29.41187
1.04133 20.65985 7.29605 2.04491 28.98255
1.10673 19.32394 8.53216 1.98781 29.07156
1.1366 19.94873 7.45656 2.29538 29.18044
1.18995 20.41131 7.33657 2.3045 28.78596
1.15956 19.61584 7.13319 2.54689 29.55784
1.18091 21.16232 6.18041 2.39505 29.10368
1.07114 20.46593 6.65059 2.6806 29.14644
1.15181 20.21758 7.1001 2.57047 28.98163
1.27979 20.43415 7.38732 2.74366 28.18811
1.30658 20.10097 6.89938 2.55922 29.16354
1.18593 20.01909 7.04641 2.45206 29.32181
1.01228 21.07235 7.00171 2.41102 28.5271
1.24142 21.59243 7.03627 2.72186 27.44945
1.32806 19.83065 7.41647 2.79107 28.65448
1.1369 19.52464 7.85117 3.08417 28.44057
1.0622 20.08013 7.30859 3.24654 28.34878
1.10599 19.91795 7.50505 2.6704 28.85178
1.25603 20.80652 7.19847 2.80351 27.99613
1.23731 20.44182 7.85087 2.61467 27.92668
1.08316 20.88186 7.32204 2.96477 27.78382
1.17719 21.89817 5.9979 3.16698 27.80508
1.00711 21.31675 6.12437 2.7921 28.78887
1.01149 20.427 7.76194 2.75224 28.09287
1.12989 20.56703 7.2164 2.56575 28.57518
0.86535 20.30503 7.20556 2.40721 29.28642
0.92675 19.81248 8.23682 2.65347 28.43153
0.95855 20.61204 7.86334 2.86429 27.76409
1.04954 20.0937 8.50236 3.037 27.37098
0.95578 19.9936 8.05861 2.74399 28.29985
1.09107 19.08611 7.23335 2.83787 29.77765
0.87033 20.10134 8.14452 2.59846 28.32486
0.9228 20.57314 7.69768 2.84843 28.01287
1.02506 19.70326 8.09633 2.82194 28.39686
0.93492 20.82376 7.49583 2.7161 28.09237
0.99419 21.34106 7.85228 2.77094 27.09356
0.89919 21.24698 7.40978 2.78244 27.70266
0.83765 21.22431 7.34063 2.60975 28.02591
0.91074 20.19276 6.90018 2.37967 29.63155
0.98619 20.03413 7.74812 2.57203 28.68008
1.04613 20.65854 7.64149 2.43483 28.25797
0.99427 21.10234 7.96873 1.90157 28.10586
1.18816 21.887 6.71677 2.14608 28.09486
1.14901 21.4315 6.52798 2.29897 28.6162
0.99697 21.46941 5.92872 2.55753 29.06576
1.1403 19.91779 7.04702 2.52527 29.39098
1.04755 20.94167 6.54508 2.65953 28.82937
1.05003 19.7412 7.51099 2.59666 29.13018
1.0673 19.76218 8.01756 2.23803 28.94518
1.17346 21.41772 6.58059 2.34207 28.51719
0.90404 19.92063 6.52746 2.51312 30.15571
0.95659 19.80156 7.72207 3.12427 28.42185
1.05262 19.62544 8.0601 2.996 28.31556
1.00547 19.97409 8.76925 2.89065 27.42985
0.91089 19.98293 8.03216 2.68216 28.49237
0.95061 18.12376 9.58545 2.3785 29.01941
1.03577 20.89362 8.27092 2.39735 27.46902
0.93601 20.50095 8.03792 2.30266 28.25146
0.90316 21.72954 7.54711 2.51671 27.34429
0.94632 21.20303 7.02241 2.11609 28.73371
1.00031 20.39609 7.57851 2.16809 28.90256
0.81156 20.80256 7.22325 2.22044 29.00987
0.93249 21.01536 6.74547 2.4176 28.92426
0.94564 21.51318 7.46386 2.11654 28.00089
0.9056 20.30254 8.00757 2.73603 28.13852
0.78801 20.98653 7.80446 2.97539 27.54135
0.93274 22.51731 6.36097 2.70361 27.53971
0.7618 21.44026 7.42985 2.66298 27.7807
0.81654 21.96447 6.27254 2.17637 28.79613
0.82542 20.83338 8.25453 2.07508 28.11184
0.99132 20.1403 7.57521 2.3868 28.95826
0.91789 20.61213 7.2351 2.46099 28.80882
0.91957 19.71827 7.4776 2.10747 29.7935
0.86349 19.99251 8.10963 2.21896 28.86842
1.16496 20.97902 7.12339 2.62523 28.13623
