"V1" "V2" "V3" "V4" "V5"
1.46206 11.21174 14.47649 6.47538 26.53119
1.50204 11.12785 14.56808 6.61439 26.38932
1.39701 11.52816 15.47943 6.4143 25.41745
1.64094 11.65238 16.25731 5.6714 24.9854
1.41241 10.82244 15.08127 6.04295 26.76345
1.12982 11.00924 13.60821 7.16465 27.19591
1.22203 10.88775 15.22998 6.85075 25.97366
1.56036 10.79165 16.57352 7.12671 24.22603
1.4984 11.1119 14.64863 7.11497 25.72156
1.24872 11.7523 15.0991 7.06591 24.99387
1.10217 12.20855 14.25552 7.60704 24.96776
1.15847 11.98186 14.98453 6.91824 25.10665
1.14418 11.05334 17.26438 6.52049 24.36844
1.43821 11.16418 14.73433 7.29453 25.5085
1.2787 10.89314 14.8275 6.43018 26.66871
1.55249 11.45023 13.90495 6.78562 26.38359
1.49827 11.41699 16.61129 7.24762 23.57365
1.74356 11.17738 14.56328 7.76599 24.96142
2.02546 11.35488 14.42252 7.14581 25.31361
1.90052 11.74127 16.17119 6.79373 23.86713
1.79247 12.06548 15.44897 7.06875 24.09388
1.75978 11.21328 16.33766 7.22166 23.87906
1.7026 11.35966 15.67736 7.21267 24.28149
2.00003 11.59705 14.93395 7.30701 24.42026
1.70468 11.25413 15.57567 6.95178 24.66517
1.68454 11.42555 14.32832 7.28213 25.39542
1.84802 11.5224 14.07388 7.21243 25.4878
1.60643 10.75626 15.17018 7.03596 25.59418
1.62923 10.70395 15.96537 7.38481 24.56746
1.44238 11.3966 15.84646 7.25789 24.36632
1.47132 11.42017 17.15283 7.26659 23.14369
1.69495 11.57028 15.84299 6.71093 24.36747
1.50646 11.25523 16.15757 6.18684 25.08086
1.75169 11.89057 14.87382 7.28954 24.49946
1.68829 11.1386 15.30632 6.95532 25.12953
1.53897 11.49459 16.19302 6.46357 24.51335
1.71974 11.14973 14.2864 6.71102 26.24511
1.52544 11.27162 14.31014 7.37329 25.65766
1.51692 11.73767 15.04993 7.04451 24.88712
1.53369 10.95984 16.8488 6.53074 24.36344
1.5801 11.5627 15.59121 6.87457 24.62751
1.51466 11.32449 15.34917 6.76875 25.2738
1.48534 11.7847 13.93095 6.57915 26.34978
1.51905 12.16557 12.96092 7.03842 26.37957
1.54775 12.47442 13.383 6.77103 25.90558
2.05777 12.08098 13.94269 5.81381 26.17381
1.90498 11.13748 14.53061 6.39498 26.12683
1.9221 12.0546 15.35856 6.79075 24.10564
1.62375 10.79555 15.84969 6.31979 25.54575
1.96411 11.31718 15.15873 6.30318 25.37252
1.90559 11.01574 14.00862 6.68105 26.44397
1.65568 11.46036 15.06949 7.03979 24.87671
1.58207 11.18461 17.02313 6.97559 23.55449
1.72584 11.65045 15.90881 7.65775 23.40508
1.88482 11.63906 15.57227 6.31947 24.74978
1.5329 12.03918 15.84679 7.15989 23.80331
1.36038 12.22004 14.82474 7.36862 24.60187
1.37139 12.57845 14.17892 7.52137 24.66545
1.06531 12.47045 15.68356 7.33309 24.06541
1.32284 12.35074 15.28933 7.16851 24.25298
1.47711 11.98786 16.19615 6.57102 24.08885
1.38928 11.91045 14.87091 6.50801 25.47256
1.66641 11.54444 14.75512 6.77243 25.39769
1.41802 11.12918 14.91367 7.38861 25.31951
1.53919 11.07515 16.57242 6.94168 24.16767
1.42161 11.55679 15.56124 6.99324 24.82862
1.54364 11.44358 15.36202 7.07034 24.90643
1.5529 11.7384 15.07546 6.99564 24.91203
1.53586 12.3445 14.27622 6.90864 25.10467
1.60299 12.24199 16.01968 6.9829 23.59042
1.67811 12.12224 14.63443 6.79632 25.02239
1.46886 11.52188 15.60772 7.14445 24.51139
1.3782 12.40414 16.72618 6.82447 23.1362
1.31456 11.33303 16.30813 7.56514 23.78733
1.20798 12.04674 15.32149 7.59025 24.16269
1.68819 11.39671 17.22001 6.62129 23.53665
1.74204 11.11704 16.17689 7.01692 24.29487
1.70822 11.68233 15.29962 7.52445 24.00599
1.48239 10.9539 15.98198 7.44219 24.38748
1.41999 11.8128 15.67314 7.69377 23.72989
1.46112 10.76219 15.65336 7.29911 24.99136
1.33573 11.99879 14.00497 7.56987 25.2077
1.29085 12.06992 14.54996 7.14485 25.12617
1.46716 11.75917 15.21692 7.29782 24.51891
1.45159 11.96332 14.42966 7.66254 24.6921
1.53611 11.2895 16.1248 6.94568 24.30433
1.49355 10.87482 15.757 7.3656 24.69333
1.59212 11.63211 15.86775 6.61916 24.49892
1.55565 10.85014 17.14792 7.47661 23.38625
1.41254 11.36532 16.25061 7.14129 24.07381
1.4691 12.07387 14.13107 7.06948 25.38544
1.32613 12.22985 14.46986 6.7136 25.39137
1.74984 11.99415 14.65203 7.1008 24.7408
1.84591 11.61091 14.77554 7.44116 24.53834
1.815 11.93376 14.37528 6.73163 25.25515
1.78508 11.12841 15.64714 7.0589 24.52156
1.60215 10.50755 16.22229 6.39774 25.47382
1.28561 10.80047 14.87668 8.10437 25.16321
1.46924 10.80617 17.48031 6.91158 23.77056
1.37537 11.23932 16.42092 7.04732 24.24266
1.45534 10.82957 17.59694 6.26674 24.27687
1.57722 10.99764 17.6605 6.62224 23.63761
1.62531 11.16622 16.23389 6.43022 24.86258
1.46232 11.45924 14.0053 7.14932 26.0222
1.76732 10.99845 14.87832 6.88876 25.60472
1.39024 10.93335 14.2736 7.06798 26.43194
1.49504 11.08671 14.2626 7.25385 26.0633
1.3934 11.11791 14.70366 7.12317 25.78923
1.51878 11.34794 15.38814 6.50425 25.48516
1.5889 11.22078 14.74119 7.18311 25.4729
1.32872 10.85734 14.46684 6.50772 26.92252
1.58262 11.03002 15.64013 6.50424 25.4431
1.64642 11.22578 16.01829 6.34816 25.03561
1.52258 11.80104 12.95205 6.62532 27.14851
1.51459 10.97847 14.21124 6.26701 27.08984
1.69521 10.96564 14.71197 6.22401 26.48361
1.61744 11.03969 14.03468 6.472 26.91084
1.54509 11.86496 13.42618 6.56448 26.68343
1.67774 11.79908 12.95954 6.71226 26.89969
1.21896 12.1191 13.90306 6.67595 26.16146
1.49265 12.20159 13.43358 7.1466 25.84404
1.34177 11.67937 13.63783 7.49299 25.95251
1.33844 12.2807 13.88703 7.24035 25.38127
1.54864 11.23435 15.30256 7.15544 25.01016
1.59487 10.97305 15.03687 6.5379 25.98797
1.6812 11.91719 13.7933 7.24787 25.50437
1.85763 11.65452 13.22401 7.59554 25.77218
1.71447 11.04349 13.55666 7.4049 26.36759
1.34249 11.73842 14.00767 6.9571 26.05203
1.41303 11.75919 13.91957 7.03736 25.94636
1.37308 11.19874 15.47483 7.1951 24.92427
1.46882 10.80904 15.29294 6.61057 25.92368
1.50074 11.5477 13.82634 6.78462 26.43395
1.52335 10.86025 15.45919 6.45968 25.87032
1.61549 11.85874 13.81671 7.37151 25.46014
1.23405 11.53603 15.11705 7.20812 25.08421
1.21277 11.61158 15.54648 7.77831 24.1163
1.53053 11.42783 15.77707 7.7098 23.80939
1.35375 12.1444 15.34667 7.71481 23.82698
1.39511 12.07202 15.55853 7.16682 24.10594
1.4876 10.81999 16.09836 7.56741 24.29113
1.38153 11.25534 15.02685 8.34562 24.2608
1.48063 11.29765 15.66378 7.63313 24.24935
1.5046 11.37672 17.12178 7.45635 23.12928
1.40107 11.30507 16.94421 7.66815 23.32391
1.33382 10.71524 18.55463 7.15449 22.94522
1.49228 11.49894 16.08532 7.56619 23.8364
1.45298 11.432 16.01732 7.37335 24.16045
1.26082 11.82666 16.0923 7.05739 24.30674
1.66722 12.07819 15.0048 7.21262 24.27843
1.20858 12.43025 16.22087 6.84026 23.6565
1.35172 12.22177 16.1292 6.85108 23.82705
1.52415 11.14006 16.19799 7.52953 23.97893
1.59758 11.77229 16.27774 7.4336 23.21131
1.31278 12.02967 15.72159 7.12054 24.14665
1.19287 11.57007 14.84689 7.98719 24.60598
1.36616 11.49916 15.21578 6.94057 25.17469
1.34305 10.85862 17.32077 6.47012 24.47157
1.22449 11.80724 15.14111 7.02775 25.06632
1.34943 11.83612 15.96364 6.67358 24.4733
1.38693 12.57701 14.0456 7.23885 24.90453
1.32492 12.14436 13.97751 7.08436 25.57486
1.42668 11.50877 14.04431 7.66599 25.48024
1.47314 11.32087 13.79552 7.55463 25.96942
1.63364 11.62219 13.86617 7.21828 25.75903
1.25946 11.99199 14.09394 7.53029 25.23197
1.43695 12.50518 15.5973 6.86695 23.87795
1.5284 12.20243 16.05966 7.15362 23.4942
1.5313 11.55411 15.61256 7.37566 24.18923
1.48457 11.33528 15.70494 6.83553 24.86394
1.45739 10.88239 17.55467 6.70097 23.72646
1.42486 10.96416 16.46233 7.22192 24.22742
1.51441 11.53533 15.30264 7.08021 24.8649
1.70406 10.9445 14.65654 7.40627 25.54753
1.68225 11.102 15.55023 7.27299 24.64153
1.40137 10.90677 15.00868 6.87258 25.96264
1.45784 11.35608 15.11037 6.90512 25.44066
1.52454 10.82708 16.79498 6.57287 24.55911
1.22658 12.30448 15.46079 7.1609 24.08898
1.40705 12.07132 15.92386 7.62812 23.38012
1.27435 11.81769 16.89901 7.35161 23.08517
1.65387 11.69017 15.73244 6.86064 24.38077
1.37974 11.81033 15.59548 7.30966 24.21157
1.33963 11.86233 14.57586 6.75373 25.66614
1.12754 11.80659 15.36549 6.95452 24.97775
1.30835 12.11203 14.42742 7.99555 24.418
1.60405 11.94583 15.38134 7.59921 23.78473
1.38833 12.12084 16.52199 7.06452 23.31611
1.49228 10.82184 17.1643 7.97761 22.94648
1.59024 11.22853 17.31594 6.90876 23.48734
1.54072 11.13125 16.0088 7.47708 24.13662
1.37009 11.97407 15.84958 7.22751 24.05877
1.24363 11.57443 15.3034 7.36174 24.79705
1.29852 11.63641 15.73388 7.71816 24.11511
1.55438 10.95404 15.26052 7.97246 24.67662
1.25677 11.27391 16.88544 7.82855 23.32197
1.56782 11.80773 15.7833 7.3088 23.94605
1.39449 11.09026 15.87535 6.79156 25.09744
1.47323 12.14103 14.75311 7.60638 24.30255
1.53575 11.23265 14.91267 7.96826 24.56377
1.29957 12.11941 14.83966 7.50942 24.39553
1.23458 11.60992 15.08371 7.33669 24.92753
1.41713 11.63332 15.25708 7.2617 24.68649
1.49938 11.58887 15.31284 7.74777 24.13988
1.24794 11.51586 14.87123 7.40358 25.17413
1.33531 11.84229 14.65132 7.48519 24.85512
1.43968 11.61997 14.02537 7.77611 25.34509
1.31497 11.13793 15.97651 7.46694 24.51006
1.34373 11.41309 16.84619 6.92226 24.04414
1.25601 11.5366 14.90466 6.60466 25.95359
1.06184 12.16312 15.14088 6.86645 25.02883
1.3058 11.85407 15.2167 6.98785 24.97444
1.37517 12.1344 15.16049 6.84301 24.92171
1.48295 11.95155 14.39522 7.38357 25.12234
1.28082 11.99513 15.53931 6.72204 24.79329
1.38082 11.88303 15.88436 7.32361 24.05532
1.37944 11.53793 16.91923 7.34535 23.67497
1.66959 10.82537 17.28187 7.3129 23.59944
1.64055 10.6873 16.84991 7.27512 23.98744
1.36459 12.2251 15.20418 7.7543 23.94622
1.2888 11.70727 15.69905 7.82811 23.7525
1.61662 12.16809 13.85477 8.00086 24.58795
1.74197 11.72675 15.63176 6.99277 24.25898
1.7736 11.3682 16.40405 7.03195 23.74221
1.75588 11.54076 15.41528 6.66719 24.92344
1.89963 10.85207 15.83696 7.40258 24.3205
1.65713 10.85947 15.70281 7.63443 24.47598
1.67941 11.29889 14.34188 7.5544 25.28642
1.65977 11.99794 14.40009 7.09336 25.0308
1.55945 11.55931 14.97867 7.80391 24.32291
1.69811 11.35197 14.52853 7.56936 25.01701
1.65922 11.28336 13.52238 7.1326 26.47125
1.57632 11.56426 13.95382 7.12811 25.89885
1.69159 11.16352 14.97816 6.56917 25.76758
1.52632 11.55524 14.48024 7.5466 25.05705
1.42704 11.85841 13.36931 7.26227 26.16983
1.34485 11.89616 14.58366 7.74253 24.62572
1.49362 10.93758 16.08058 7.35348 24.44652
1.46465 10.26688 14.94965 7.44801 25.98774
1.6922 11.1007 15.8848 7.09048 24.43106
1.43179 10.47135 15.82785 7.12297 25.36493
1.41452 10.46176 16.31469 6.16639 25.76896
1.37651 11.88539 14.35225 6.94868 25.54618
1.60185 11.38662 14.53027 7.45653 25.19051
1.2868 11.90869 13.99889 6.91854 26.01182
1.29865 12.44652 14.11449 6.93006 25.37479
1.4188 12.21653 15.26993 7.27248 24.24169
1.33406 12.02502 15.4929 6.84304 24.60041
1.52877 11.84755 14.18036 6.55871 26.00457
1.424 11.99291 14.45096 7.25418 25.04061
1.2882 11.73304 15.49461 7.15432 24.51528
1.63379 12.08741 14.22117 7.2422 24.99791
1.68509 12.06922 14.16673 7.97019 24.32418
1.417 11.57856 14.15105 7.88537 25.13227
1.50276 12.00538 14.26652 7.20814 25.22286
1.54553 12.21537 14.28253 7.43584 24.73879
1.51847 11.65953 13.92861 7.19377 25.91092
1.70087 12.27871 14.98902 6.45317 24.78852
1.58621 11.95021 14.60119 7.17908 24.8984
1.61408 12.08893 14.52482 6.88278 25.10332
1.52961 11.41456 14.95414 6.96934 25.27743
1.71679 11.46504 13.61587 7.25267 26.06436
1.2324 11.91989 14.41935 7.12383 25.42159
1.42563 11.84612 13.35045 7.36335 26.07828
1.61509 11.47436 14.81626 6.73094 25.47436
1.43629 11.21294 15.21718 7.02023 25.20816
1.71447 10.857 15.23589 6.50067 25.79255
1.58243 10.86873 14.32157 7.25128 26.03962
1.54355 11.00504 14.16311 6.95439 26.42106
1.77256 11.43944 13.88943 7.32778 25.68719
1.70791 11.87694 14.00887 6.54523 25.98277
1.6799 11.96882 14.45776 7.6433 24.50731
1.59124 11.98978 14.23707 7.42169 25.02027
1.56717 11.46125 15.1599 7.20433 24.89034
1.52687 11.52787 15.53744 6.24744 25.36317
1.77465 11.62641 16.39102 6.56432 24.11449
1.67231 11.20528 15.56694 6.43991 25.32634
1.43992 11.03332 16.1617 6.7189 24.94607
1.65017 10.99129 15.52869 6.24157 25.90154
1.66193 12.01925 14.66428 6.72462 25.13752
1.68012 11.98277 14.16332 7.1585 25.10865
1.51517 11.09693 14.15167 8.0067 25.32371
1.64389 11.64711 14.27438 6.93353 25.64002
1.72979 11.09626 16.09182 7.23186 24.14436
1.76886 10.51995 14.97762 7.46434 25.44464
1.58764 11.12552 14.55969 7.47125 25.40925
1.70213 11.20987 14.39605 6.98592 25.8455
1.53759 11.32642 13.36219 7.99765 25.85255
1.74139 11.2949 14.70637 7.55777 24.82173
1.74559 10.37136 17.07176 6.94743 24.20824
2.02707 11.08905 15.6126 6.80225 24.68685
1.76806 10.84986 15.53329 6.68684 25.34645
2.05858 11.27456 15.21871 6.85992 24.83174
2.00526 11.50478 14.76749 7.26426 24.67173
1.65072 11.63139 14.5911 7.05081 25.22666
1.54604 11.44779 13.87539 7.3977 25.8533
1.63166 12.13978 13.99998 7.59834 24.76064
1.89812 11.65124 14.05718 7.34049 25.23332
1.86742 12.17655 15.14136 6.78295 24.26691
1.6251 11.76659 15.68835 7.72569 23.54699
1.73359 12.13048 14.24218 7.83959 24.24246
1.63465 12.0378 14.89058 7.32166 24.26399
1.64909 12.02292 15.43454 6.56855 24.55344
1.66869 11.65382 15.70308 7.1511 24.35306
1.53798 11.6119 14.80981 7.113 25.12297
1.33469 12.03489 14.59672 7.72414 24.585
1.62537 11.75581 13.89439 7.58857 25.30544
1.29213 12.15558 14.62042 7.62531 24.54762
1.445 11.72014 14.02914 7.82753 25.136
1.68793 11.75352 14.87113 7.44917 24.46113
1.62545 12.03555 14.77572 6.7351 25.01826
1.26478 12.43233 16.72944 7.34655 22.87145
1.57207 12.41792 15.60777 7.78342 23.19336
1.36383 11.76337 16.16552 7.35659 23.8383
1.48292 12.25777 15.5973 7.55498 23.48732
1.56492 11.83139 15.73672 7.48408 23.63497
1.20301 11.71509 14.00945 8.03123 25.22872
1.69911 11.18247 14.92663 7.67052 24.71083
1.66525 10.97481 15.02156 7.09282 25.42417
1.59124 11.18579 15.48322 6.27269 25.65227
1.50397 11.00004 15.96622 7.15003 24.71839
1.35672 11.6625 14.71938 7.64832 24.87788
1.57597 11.33884 14.20446 7.50207 25.59634
1.31914 11.09046 15.83469 6.4711 25.42374
1.27499 11.26822 16.87735 6.23062 24.60313
1.31912 11.66684 15.27919 7.80351 24.15421
1.33682 12.16381 14.93938 7.34377 24.41134
1.34829 11.87715 15.77392 6.86947 24.32629
1.24992 11.30234 16.75296 6.73278 24.15128
1.65197 11.243 16.19156 7.00937 24.27507
1.38545 11.45992 16.07681 6.76405 24.64943
1.68879 10.86147 16.18131 6.87403 24.82088
2.06996 12.11099 16.38133 7.04108 22.88285
2.11849 11.10527 17.76479 7.01533 22.71135
1.95081 10.85859 17.74031 7.54098 22.70802
2.05327 11.69616 15.54712 7.13214 23.92997
1.88673 11.88191 15.56501 6.66882 24.19398
2.12493 11.58009 14.49722 7.09913 24.89883
1.89864 12.01166 14.81062 6.88374 24.70266
1.71967 10.93606 15.85792 7.11982 24.64242
1.71021 11.71426 14.86871 6.83634 25.0923
1.81763 11.46007 14.7517 6.72197 25.40754
1.96364 11.3213 15.17213 6.4466 25.2584
1.60554 11.48512 15.80808 6.64109 24.69103
1.96198 11.64882 14.68436 7.37008 24.59021
2.28155 11.63074 14.05458 7.7479 24.56928
2.15777 11.6198 15.46967 7.71881 23.47317
1.906 11.95054 16.51851 7.56817 22.60131
1.79288 11.54185 16.26404 7.49986 23.28152
1.66827 11.29668 15.25746 7.92772 24.16502
1.82634 12.01345 14.85961 8.10104 23.59896
1.91389 11.91277 14.24452 7.98219 24.15026
1.90111 11.08709 14.84179 7.5588 24.77581
1.95085 11.40242 14.67739 7.89509 24.28465
1.53887 11.7442 15.96329 7.55922 23.54328
1.57769 10.8702 15.54654 7.42199 24.82769
1.62796 11.55474 15.0445 7.39266 24.55497
1.61689 11.44877 16.79972 6.74033 23.8694
1.60373 11.18296 16.55319 7.04692 24.09319
1.66232 10.93461 18.21914 6.90169 23.07232
1.44763 11.25338 16.65193 6.95489 24.0483
1.47255 10.60534 15.79246 7.46914 24.99311
1.56132 11.52167 16.20942 7.03067 24.13093
1.33131 11.27062 14.90515 7.96964 24.84757
1.49811 12.35909 15.08298 7.29088 23.99637
1.61627 12.02137 15.92659 6.62651 24.03042
1.59415 12.04513 14.98534 6.52374 25.00392
1.46746 11.74377 16.61253 6.7996 23.78917
1.40872 12.25681 16.37823 6.92244 23.47297
1.35687 12.18735 14.66578 7.47027 24.61307
1.46724 11.14626 16.23713 6.53279 24.9342
1.66809 11.14206 16.80288 7.10306 23.75221
1.46318 11.4661 16.4343 6.82631 24.12495
1.60519 10.84974 16.15849 7.37923 24.35044
1.46302 11.51826 17.43987 6.98968 23.12681
1.97214 11.09018 17.29671 7.11857 23.05114
1.59891 11.61664 16.03368 7.2849 23.81204
1.83538 11.11319 16.0988 6.7784 24.47957
1.39624 11.82061 15.12606 7.70207 24.29141
1.34999 11.27064 16.24143 6.69613 24.72528
1.4072 11.38709 15.1522 6.89091 25.43945
1.51827 11.51942 14.59639 7.59097 24.96764
1.61813 11.4646 14.03306 7.93481 25.13057
1.30641 12.58365 13.88829 7.79895 24.63333
1.43515 11.87789 13.63809 7.90646 25.24673
1.3252 11.94912 14.72754 7.58466 24.59774
1.6663 11.48452 14.25848 7.31428 25.3752
1.81216 10.98112 14.60886 7.77241 24.97066
1.78423 11.78548 14.20708 7.38799 24.96905
1.90567 12.15604 13.25823 7.18803 25.59483
1.65863 11.90041 14.48256 7.15747 24.99051
2.13937 11.39818 15.17406 6.99661 24.51396
1.77987 11.24323 16.20761 6.86602 24.1639
1.64828 11.49195 16.31809 6.47667 24.32302
1.40762 11.41524 16.34446 6.82127 24.23818
1.41828 11.57407 17.7815 6.84618 23.02983
1.55335 11.87524 15.84691 7.0753 23.94512
1.44795 12.82517 14.63118 6.60469 24.72635
1.40898 12.42336 15.54829 6.63281 24.34079
1.36391 11.06104 17.21911 6.64505 24.08822
1.30587 11.56257 16.42652 7.14637 23.93129
1.46622 12.1434 14.01148 7.85502 24.69902
1.45087 11.43581 14.25413 7.83937 25.18807
1.45418 11.22282 14.18217 8.16718 25.17645
1.22277 12.05202 14.20811 8.46365 24.27924
1.36522 12.2847 13.37764 8.20756 24.92707
1.31411 13.21403 13.46117 8.1216 24.05146
1.2615 12.32347 13.90204 7.84543 24.77274
1.3102 12.08042 15.21782 7.77826 23.9122
1.25908 11.77555 15.6683 7.64595 23.97487
1.1737 11.91213 15.42119 6.93865 24.71503
1.37554 11.63578 14.95261 7.19711 25.06222
1.42515 11.90079 13.47595 7.56664 25.70568
1.71605 11.8561 14.02129 6.86184 25.64133
1.78356 12.04694 13.90364 7.01555 25.33606
1.71428 12.21884 14.18882 6.64753 25.3704
1.88407 11.61232 14.41038 6.71738 25.51937
1.7535 12.41893 14.15776 7.08794 24.7448
1.4712 11.87273 13.95099 6.88725 25.9137
1.54686 12.7249 13.8058 7.38687 24.69749
1.88913 11.27855 14.20565 7.19714 25.55524
1.60825 12.24154 13.50747 7.49147 25.27045
1.88382 11.1741 15.54037 7.14111 24.52638
1.79866 10.48498 14.91186 7.27755 25.64122
1.59905 10.54021 15.19148 7.68341 25.12419
1.67704 11.11829 15.92534 7.13874 24.3452
1.76992 10.73465 14.79706 7.5326 25.27918
1.91081 11.66815 14.07666 7.2945 25.18815
1.71106 11.5257 15.24691 7.40217 24.42211
1.6202 11.63528 14.5852 7.80357 24.57598
1.53424 11.01005 14.66195 8.22487 24.79164
1.41706 11.19119 15.67433 7.59162 24.32683
1.4407 11.25907 16.3601 7.13222 24.03944
1.46915 11.87568 16.20291 6.54408 24.14504
1.68365 12.55901 16.76436 6.46039 23.04224
1.79031 11.59891 16.55206 7.0229 23.48237
1.54542 11.46874 17.21506 7.2156 22.95914
1.55135 10.42666 17.02614 7.01986 24.22841
1.28238 11.12446 16.89092 6.62075 24.30665
1.24391 11.14193 16.55998 6.84178 24.49076
1.32857 11.1273 18.68042 6.91974 22.87641
1.4609 12.10721 17.10843 6.35799 23.48427
1.58093 11.40057 17.03151 6.24342 24.18203
1.63298 11.46642 15.01396 7.03121 25.00765
1.70956 12.68293 16.0682 6.77019 23.04973
1.68444 12.77801 14.39665 7.44084 23.89914
1.55837 11.53778 16.82097 7.01184 23.35665
1.53189 12.14751 15.55169 7.10854 23.8854
1.59553 11.15367 15.57138 6.37549 25.40916
1.62542 11.01637 15.30984 6.28026 25.87679
1.55144 11.19013 15.35508 6.52708 25.51123
1.78539 10.81366 16.13308 6.66049 24.89324
1.78817 10.38219 18.64978 6.21014 23.65623
1.84695 11.21241 18.1727 6.15488 23.23931
1.65202 11.61549 17.31154 6.94003 22.93435
1.98461 10.30878 17.40157 5.91005 24.61621
1.90876 10.66472 17.38775 5.71571 24.57294
1.64712 11.25144 15.158 6.5008 25.56202
1.56014 11.86021 14.91904 6.50304 25.29123
1.73069 11.86753 15.52283 6.58647 24.46518
1.93944 11.91015 15.49525 6.62649 24.25905
1.70174 12.09562 14.86713 7.55995 24.05032
1.40111 12.04142 15.10616 6.98126 24.64866
1.68636 12.72646 13.84415 7.43538 24.45463
1.54577 12.77678 14.02536 8.75024 23.25508
1.23946 12.24825 15.35734 8.38274 23.35621
1.32508 11.93103 14.8027 7.70444 24.46494
1.30808 12.47695 14.43157 7.64999 24.47638
1.25586 12.20932 14.015 7.63385 25.12509
1.38652 12.78312 14.98837 7.36279 23.75901
1.26343 11.62695 15.24663 6.844 25.18709
1.40826 12.06416 15.81808 6.82625 24.09155
1.24987 12.43626 15.00447 7.43452 24.12542
1.11602 11.71725 14.98826 7.3526 24.97974
1.22677 12.19721 15.14137 7.34526 24.29383
1.2874 11.2281 15.79694 7.53094 24.39202
1.53422 11.45722 15.7156 7.07751 24.49136
1.39425 11.29874 15.62814 7.10668 24.92389
1.49423 11.32216 15.19725 7.85019 24.37664
1.74137 10.84722 14.23173 8.06308 25.25127
1.95136 11.06792 15.59842 7.45583 24.28809
1.67539 10.63798 16.54985 6.86545 24.47942
1.80173 11.85481 14.90004 6.94009 24.67622
1.40633 12.08628 15.63079 7.0161 24.16777
1.62958 11.50641 14.87157 7.48708 24.74335
1.61018 12.24781 15.7037 7.33616 23.49476
1.51721 12.50281 14.5798 6.69596 24.96223
1.27169 11.85368 16.20651 6.69236 24.22006
1.80446 11.22073 16.74658 6.99608 23.5869
1.5295 11.748 16.39416 6.85147 23.79568
1.83338 11.89851 16.84462 6.87794 23.00749
1.48166 11.59298 17.37694 7.76413 22.23993
1.72307 12.07352 15.98031 6.77923 23.72533
1.64083 11.386 16.08475 6.86503 24.22076
2.04731 11.44869 15.72294 7.14891 23.82179
1.68056 11.49159 17.40577 6.94831 22.90522
1.45672 11.48098 16.38453 6.37245 24.65575
1.52694 10.99182 15.2514 6.97407 25.41353
1.55842 11.50952 14.78797 7.34032 24.9535
1.43516 10.70687 16.47168 6.88659 24.64456
1.42679 11.59679 14.78802 7.0159 25.27952
1.34948 11.19977 14.80715 7.48893 25.32534
1.46522 11.44866 15.78173 7.35979 24.14175
1.82795 10.60814 14.98477 7.45029 25.32709
1.59759 10.96554 15.28748 7.45778 24.9573
1.37182 10.99446 16.67133 6.60549 24.72929
1.23871 11.05793 17.99941 6.42271 23.91849
1.2268 10.71671 17.37323 6.91374 24.22082
1.39047 11.22497 15.508 7.04121 25.11465
1.41682 11.23774 15.37216 6.95041 25.16032
1.47216 11.32549 13.53169 6.86684 26.89237
1.61116 11.70209 14.73974 6.75935 25.37502
1.58069 11.7408 13.73648 7.0035 26.05069
1.57781 12.04735 14.31923 7.29171 24.96093
1.61178 11.91153 13.95661 7.34898 25.32335
1.55858 13.06906 14.70551 6.66577 24.36385
1.591 12.18477 14.23066 7.125 25.22226
1.49671 11.16383 15.46424 6.3206 25.78703
1.37613 11.63042 15.1564 7.26701 24.84322
1.35509 11.13897 15.17446 7.36981 25.23748
1.32161 11.13182 15.11468 7.8163 25.00247
1.50328 11.73842 14.08752 7.27687 25.61585
1.45797 11.09032 15.22014 7.38086 25.16065
1.32958 11.4643 15.8585 6.6994 25.05044
1.28546 11.54802 15.36191 7.50576 24.51994
1.12736 12.04501 14.79087 7.0485 25.13285
1.28596 11.54792 14.30946 6.98073 25.98466
1.51907 11.05268 15.77872 6.47436 25.34023
1.67782 10.49663 16.65414 6.18501 25.15253
1.52883 10.70528 15.83957 7.17181 24.98867
1.81789 10.89299 14.38337 6.70611 26.32869
1.70107 11.37588 15.18195 6.4862 25.42641
1.46675 12.49678 13.99407 7.98851 24.2432
1.55663 11.53503 16.63505 7.24668 23.43009
1.73923 11.12305 15.18971 7.31443 24.80176
1.64272 10.69736 15.33882 7.13587 25.31064
1.49364 11.38778 15.54092 6.55253 25.15227
1.53213 10.74474 16.1317 6.4817 25.35411
1.5183 10.91275 16.10268 6.90983 24.82329
1.36304 10.48616 15.73948 7.43836 25.17866
1.39906 11.58999 14.14082 7.77439 25.23406
1.53931 12.40267 13.91594 6.90687 25.39407
1.55706 13.00482 14.15149 6.02321 25.36778
1.54962 12.31163 14.08381 6.69233 25.47691
1.90395 11.88892 14.45852 6.5795 25.32124
1.72795 11.15693 15.58536 7.33251 24.39202
1.4883 10.5859 15.63854 7.16752 25.27615
1.46206 11.26058 16.06503 6.64346 24.83653
1.64324 11.36106 14.92098 6.91721 25.4091
1.77238 12.17931 15.17186 6.62216 24.47951
1.52566 12.36761 14.12353 6.91052 25.25829
1.43769 13.13258 14.75801 6.62605 24.26087
1.41829 12.11492 15.11994 6.74351 24.75932
1.33398 11.92521 15.95009 6.31871 24.68241
1.47134 11.06394 16.30686 6.30957 25.00949
1.36573 11.70783 15.7516 6.84647 24.52507
1.44784 11.23599 15.7999 6.80306 24.90132
1.4381 10.7371 15.3727 6.81394 25.73595
1.296 11.83623 14.3936 6.9163 25.66926
1.32781 11.38209 14.43498 7.16689 25.7933
1.47847 10.86362 15.8042 6.7349 25.30691
1.49343 11.48229 15.68491 6.31997 25.26043
1.49067 11.52079 15.64726 6.51704 25.0279
1.85607 11.26278 15.12951 7.00483 24.94653
1.4328 11.99071 15.57999 6.46767 24.72855
2.03331 11.22219 15.1647 7.21954 24.54943
2.34826 11.72299 16.30298 7.11401 23.00578
1.7312 11.78011 16.41496 7.11002 23.38925
2.05143 12.20314 14.97142 7.60052 23.58292
1.80494 11.90184 16.30014 6.6048 23.78802
1.97449 12.16435 15.21346 7.28614 23.78131
2.00684 12.07884 14.69502 6.94863 24.49711
1.94574 12.12906 14.46078 6.84521 24.84733
2.08473 12.15454 13.28411 6.65426 25.95443
1.43136 11.25559 14.09621 6.54951 26.75903
1.85317 11.15983 15.50525 6.89487 25.01139
1.82708 11.08826 15.64588 7.32002 24.52866
1.41248 11.66834 14.9904 6.83803 25.30011
1.84906 10.472 16.35943 6.06019 25.47989
1.87276 11.4854 15.26813 6.153 25.43534
1.7996 11.46214 16.51891 6.06752 24.42817
1.68127 10.90144 17.42433 6.36328 23.96167
1.62157 11.74382 15.21412 6.85772 24.73407
1.54716 10.95652 16.84464 6.75058 24.1734
1.70801 11.21793 15.60891 6.8663 24.80521
1.77219 11.13636 15.51331 7.20386 24.5655
1.80017 11.16663 15.96732 7.50956 23.83153
1.87303 11.81188 14.19272 8.1408 24.14894
1.65209 11.71456 15.55851 7.39762 23.95427
1.79394 12.03831 14.61291 7.43406 24.31131
1.71182 12.03077 15.89996 7.78115 22.95885
1.93821 10.96557 15.74649 7.89074 23.76623
1.9363 11.43668 14.22263 7.62304 25.00626
1.62204 11.47691 14.51446 7.91274 24.66062
1.61735 11.17847 13.91971 7.09292 26.28168
1.75149 11.79376 14.11445 6.47313 25.94449
1.66565 11.18251 15.06301 6.51799 25.65721
1.54921 11.00208 15.23685 6.4758 25.81685
1.45901 11.88859 13.33548 7.32992 26.0716
1.70384 12.2037 13.26763 7.36577 25.60138
1.64939 12.38528 14.82085 7.17748 24.21269
1.4659 12.14506 15.2201 7.08565 24.36474
1.6545 12.34159 15.46305 7.23805 23.73752
1.84433 11.53183 14.72861 7.19796 24.92719
2.0387 11.66276 14.24104 7.40278 24.7846
2.13954 11.92731 13.50777 8.00497 24.64636
1.98405 10.47203 15.33619 7.86293 24.56941
1.71446 12.2264 14.29134 7.48623 24.47722
1.82531 11.76599 15.02833 7.38718 24.19823
1.76718 11.92635 16.44451 6.93875 23.27542
1.67695 11.81173 15.82133 6.98306 24.09849
1.25078 10.86285 18.42768 7.04512 23.00408
1.5671 11.41484 14.7158 7.71609 24.89527
1.44214 10.82253 14.79581 7.90077 25.27627
1.44138 11.36163 15.64315 6.908 24.95245
1.17227 11.48732 16.27102 6.93682 24.41112
1.24967 11.12296 16.77796 7.1685 24.04006
1.57029 11.51525 14.2028 7.78924 25.1121
1.48386 12.27335 15.19771 7.35153 23.98863
1.62093 11.36839 16.3945 7.35583 23.69174
1.34524 11.06334 17.04639 6.70927 24.22814
1.53632 11.39444 16.83435 7.27423 23.44164
1.47591 11.61068 16.05359 6.99474 24.14406
1.54853 11.34649 17.21998 6.94884 23.3029
1.51416 11.51797 15.64118 7.17237 24.40475
1.66338 10.59268 17.33178 7.14052 23.63491
1.51961 11.19022 17.75235 6.90687 22.99823
1.71048 10.62232 17.32649 6.61561 23.96238
1.84247 12.09015 15.29971 6.93657 24.064
1.72282 12.92234 14.49169 6.88264 24.1907
1.4967 12.21813 13.71735 6.90361 25.75955
1.58183 11.70167 15.20367 6.7302 24.97813
1.83099 12.1528 13.18597 7.16026 25.80619
1.36558 11.51377 15.05456 6.83891 25.33952
1.35328 11.25957 15.57283 6.92453 25.06411
1.4454 10.89867 17.20071 6.65292 24.05459
1.23473 10.92878 16.19245 7.1844 24.72227
1.72284 11.64852 16.49096 7.19752 23.22906
1.61647 11.72844 15.8579 6.77025 24.23191
1.78214 11.80661 14.52958 6.7273 25.29938
1.37362 11.52187 16.62028 6.59234 24.2129
1.43569 11.4525 14.77018 6.90009 25.62368
1.40838 10.95097 16.08196 7.14361 24.84796
1.46243 11.50369 15.99255 6.55113 24.92178
1.43214 10.99752 16.86989 6.57494 24.4963
1.38491 11.52103 16.59094 6.87581 24.13925
1.21116 11.2382 15.7895 6.41104 25.56173
1.20151 10.9212 14.62245 7.00683 26.42053
1.12417 11.26725 14.46729 7.50591 25.8444
1.40177 11.26785 14.75509 7.81459 24.99837
1.54516 11.13773 15.45338 7.22485 24.91888
1.34585 12.39854 13.37814 7.668 25.35626
1.34325 12.34833 13.63217 7.52756 25.28369
1.61447 12.14139 15.15543 7.04329 24.34246
1.54212 11.82073 14.94234 7.54702 24.4549
1.46898 11.34342 15.549 7.41735 24.41917
1.21433 11.52876 15.62128 6.94938 24.88113
1.23349 11.22281 15.30576 7.02862 25.45898
1.33075 10.43659 17.12475 6.5431 24.82719
1.2748 11.78132 14.93372 6.5994 25.57896
1.20424 11.89831 13.52928 7.33099 26.14965
1.49254 11.81941 15.04004 7.19848 24.73566
1.45327 11.47827 15.62714 6.6595 25.0571
1.49137 12.36541 15.01084 6.64152 24.78867
1.31139 11.82984 14.88663 6.06565 26.01081
1.33505 12.46757 13.81845 6.35975 26.1116
1.33346 12.38852 14.33454 6.78525 25.31493
1.25224 12.13815 13.2866 6.73977 26.68245
1.27193 11.66772 14.9246 7.01607 25.3788
1.35928 12.03347 15.55557 7.01871 24.48424
1.42398 12.39142 14.20956 7.11133 25.18278
1.35284 11.06236 16.4468 6.68361 24.73208
1.50471 11.89968 15.83614 7.29345 23.81936
1.68635 11.42938 15.38862 6.99065 24.70038
1.81572 11.32993 15.08855 6.91393 25.07085
1.61254 11.80386 15.54087 7.02863 24.33117
1.54622 11.54339 16.0287 7.08203 24.0358
1.92006 11.89808 15.0519 7.34435 24.01689
1.75861 11.8783 15.5467 6.47063 24.481
1.73985 11.29208 15.11146 6.99361 24.96929
1.68282 11.94355 16.23858 7.23725 23.16345
1.55305 12.11106 14.71138 7.04521 24.74883
1.60066 11.67579 15.32209 7.24845 24.43014
1.34705 12.09748 15.31446 6.77011 24.67182
1.27227 12.26783 15.03179 6.80254 24.8015
1.60401 11.91051 15.03337 6.74532 24.9542
1.48861 11.89688 15.76833 6.75837 24.6383
1.16846 11.09098 17.17713 7.47797 23.76941
1.37927 11.39277 17.17197 7.14915 23.35951
1.51948 11.70601 16.44257 6.83142 23.87175
1.45922 10.70984 17.9306 6.8335 23.54511
1.51234 11.54691 16.4654 6.61416 24.16989
1.70073 11.22269 17.20881 6.16342 24.09339
1.50228 11.96544 15.49505 6.14226 25.09848
1.41566 11.9063 15.11687 6.71303 25.08168
1.58209 12.19047 14.53588 6.63813 25.17851
1.45279 11.23599 15.32443 7.21405 24.91622
1.5757 11.51217 15.21951 6.59983 25.28245
1.23201 11.08933 14.61025 6.72807 26.44712
1.36835 11.41194 13.24726 7.48203 26.58749
1.34336 11.14339 14.18389 7.95405 25.52289
1.46893 11.77698 14.8277 7.30584 24.85567
1.60839 10.93353 16.53342 7.275 23.99243
1.44226 11.0024 17.446 6.71737 23.74295
1.66531 12.00197 14.72499 7.30855 24.55266
1.53539 11.16545 16.53418 6.75309 24.31368
1.57468 11.07812 17.50092 7.39734 23.02665
1.46437 12.13112 15.14193 7.43884 24.1011
1.72827 11.21307 15.83277 7.35884 24.15316
1.73712 11.39553 15.72569 6.76845 24.71611
1.80802 10.29195 18.07302 6.91222 23.51197
1.64787 11.34493 15.55654 6.86235 24.78445
1.63342 10.80003 16.0725 7.05303 24.69747
1.65447 11.74614 15.1605 6.62207 25.03239
1.52841 11.44934 15.88701 6.59432 24.68993
1.44408 11.14466 16.09697 6.7029 24.74872
1.1509 12.13376 15.53893 6.91547 24.42606
1.24527 12.23016 15.44729 7.21439 24.10619
1.42571 11.75457 14.94863 7.27267 24.80207
1.39581 11.79867 14.42691 6.827 25.69087
1.57552 12.32509 16.30436 6.1091 23.93714
1.49328 10.98952 14.82234 7.05131 25.75727
1.607 11.05597 15.1615 6.76685 25.50497
1.25697 12.35392 14.12788 7.51802 24.90292
1.43601 12.20338 14.23168 7.97325 24.42847
1.40988 11.5601 15.0093 7.46663 24.75093
1.26245 12.05454 14.26821 7.61906 24.95093
1.40795 12.35304 14.94679 7.5932 23.95007
1.26093 12.1832 15.10175 7.80764 23.82102
1.64068 11.90315 13.6408 7.91652 25.03255
1.62095 12.39427 14.28071 7.9798 23.8958
1.36629 10.91373 16.9213 7.14427 23.98676
1.41075 11.30433 16.7918 7.81008 23.12407
1.37282 12.23856 14.72202 7.43192 24.47113
1.15334 12.19895 14.54512 7.64013 24.67236
1.3733 12.76771 13.7476 7.01339 25.24538
1.53269 11.70468 15.01331 7.24813 24.68522
1.40508 11.5919 15.60153 6.83316 24.75007
1.41714 10.66778 15.10825 7.45644 25.53508
1.31735 12.38613 14.90203 7.38234 24.4069
1.30883 11.96828 14.55228 7.67113 24.75425
1.39433 12.44593 14.03243 7.60211 24.74999
1.57146 10.98702 15.98763 7.40179 24.35364
1.35032 11.20183 16.17403 6.51007 25.00062
1.38302 11.73019 15.82464 7.33133 23.98032
1.30587 11.46811 15.35723 7.12281 24.87863
1.35735 12.18422 15.58772 6.81863 24.29389
1.2105 11.92555 15.57634 7.14993 24.51651
1.40632 11.73298 15.0553 7.22639 24.83896
1.25358 11.66233 16.9217 7.13056 23.49661
1.45978 12.34157 14.30231 7.48243 24.63685
1.35734 12.83344 14.84188 7.37836 23.89824
1.32815 12.13774 14.82078 6.9885 24.85412
1.45052 11.78171 14.80067 6.96604 25.14499
1.2804 12.1078 16.02209 7.44352 23.38682
1.53529 11.18697 16.66266 8.15333 22.91306
1.61801 11.13762 16.71436 7.06538 23.89031
1.46465 10.34189 16.71192 7.53896 24.27308
1.48686 12.2837 14.25742 6.85979 25.30255
1.57329 10.99108 15.36085 6.91596 25.38388
1.58242 11.40074 15.05207 7.45201 24.7465
1.79054 11.89137 14.62133 7.4849 24.42843
1.55285 11.6967 15.86693 7.96999 23.32955
1.56597 11.52837 15.33476 6.95919 24.86108
1.60524 12.18543 13.49321 7.77128 25.09194
1.87429 12.11029 13.89882 8.42292 24.01912
1.84957 12.26655 14.17012 7.3737 24.59992
1.71284 11.59259 15.14055 7.48498 24.29882
1.59881 11.15902 14.61488 8.10868 24.76268
1.72191 11.11129 14.14882 7.49334 25.71095
1.60596 11.27811 15.48188 8.00722 23.9959
1.90317 10.96573 15.24278 7.74252 24.39797
1.95968 11.15033 15.8738 6.98069 24.27144
1.46551 10.28226 18.01847 7.27827 23.36064
1.63059 10.96424 16.1722 7.34722 24.21236
1.63553 11.13666 15.69753 7.70295 24.18098
1.17873 11.23454 14.53521 8.36123 24.89278
1.5733 12.18699 13.11282 8.12057 25.18637
1.72134 12.43108 13.47669 8.3776 24.20027
1.87124 11.30509 15.08492 7.81008 24.15862
1.61537 11.62832 15.31339 7.69192 23.93793
1.56633 10.73647 16.10627 7.81032 23.99416
1.45101 11.72919 15.27981 7.40155 24.34007
1.4003 11.45464 15.34697 7.51747 24.49563
1.55254 11.16477 14.02775 7.90126 25.50195
1.21785 10.97434 14.60882 7.64673 25.73198
1.34173 11.64616 15.07865 7.69402 24.46437
1.32132 12.49121 14.10959 8.05958 24.23616
1.54935 11.33283 14.53871 7.36897 25.36363
1.58804 11.87484 14.53391 8.34205 23.8731
1.24921 11.42343 14.88703 9.14594 23.49629
1.4497 11.47968 13.6082 8.63984 25.01096
1.65856 11.03258 15.84013 8.08383 23.6208
1.89652 11.58731 15.48413 8.17954 23.15848
1.79512 12.07828 15.01899 8.00373 23.41827
1.50883 12.5121 13.65339 8.19958 24.32557
1.56391 12.58509 13.48146 8.06133 24.56306
1.59623 13.27199 14.22587 8.2157 23.00345
1.43885 12.54292 14.54426 8.20401 23.65315
1.41555 12.52989 14.81576 7.33229 24.2246
1.51137 11.78554 15.48373 7.85666 23.7258
1.85549 12.156 14.92645 8.15116 23.26957
1.75461 12.19628 14.14238 8.37844 23.77791
1.71888 11.87397 14.72805 8.42156 23.47452
1.82479 12.36249 14.62625 8.05483 23.42524
1.872 11.57409 14.64515 8.27394 23.90283
1.55239 11.74898 14.54831 8.11526 24.28544
1.73679 11.65353 13.64151 8.62196 24.54315
2.02761 11.52465 14.3093 7.55109 24.77472
1.7797 11.5579 14.76242 7.17661 24.88186
1.46529 12.54973 13.50722 8.78432 23.86068
1.70154 11.28784 14.90014 7.65016 24.60571
1.74167 11.44513 14.74277 7.84333 24.39585
1.83277 11.11162 13.34027 8.38044 25.44285
1.66551 12.10749 13.46595 7.75472 25.10444
1.72306 12.63368 13.71361 7.51894 24.58431
1.6908 11.93297 14.66834 7.71719 24.20074
1.69686 11.83309 15.24383 7.53574 23.91743
1.84034 11.54628 14.97175 6.97469 24.85623
1.22546 11.03654 16.79093 7.08346 24.1975
1.85649 11.54727 16.81697 7.09775 23.12695
1.61236 12.13515 15.36993 7.09851 24.03247
1.93528 11.49972 15.13218 7.93889 23.73564
1.7494 12.28018 14.79384 7.14225 24.27407
1.19762 11.63894 15.60798 6.47693 25.22005
1.32663 11.34659 15.48863 6.78233 25.21934
1.36196 11.50843 15.8099 7.15954 24.53939
1.33398 11.3231 16.78025 7.31567 23.71535
1.07127 11.68637 16.00777 7.29908 24.18621
1.40205 12.29321 15.43111 6.9559 24.15309
1.43445 11.49486 15.63678 7.142 24.54073
1.5197 11.20261 15.33758 6.78721 25.31783
1.33448 11.21201 16.49787 6.27133 24.84503
1.46881 11.21576 15.54613 6.77906 25.21341
1.64308 11.36834 14.89237 6.85968 25.32854
1.45392 11.23449 14.36523 7.00072 26.02505
1.16662 11.80782 14.72583 7.07308 25.40249
0.9564 11.35321 13.33519 8.62318 25.84942
1.23857 11.02691 15.37942 7.05568 25.53099
1.28714 11.02536 14.14811 7.81794 25.87894
1.44891 11.88367 14.84545 7.83543 24.17729
1.24898 11.88915 15.33018 7.45931 24.27958
1.26179 10.91451 15.5628 8.15173 24.36758
1.37704 11.44135 15.51296 7.8512 24.13592
1.39094 11.27831 15.15153 7.67406 24.74892
1.45791 11.77347 15.79101 6.81769 24.3644
1.32086 12.36063 15.38819 6.88917 24.22105
1.28266 12.40349 14.83004 7.09076 24.56468
1.22299 12.29 14.82294 7.04354 24.82235
1.20318 11.21341 14.58066 6.82276 26.27764
1.65301 11.51931 14.73103 6.93013 25.29165
1.3471 11.77865 15.91389 6.81219 24.3603
1.79389 11.12674 14.33677 7.00375 25.83532
1.60215 11.74422 15.17172 7.60591 24.11901
1.45347 11.09786 15.17624 7.71817 24.75759
1.4222 11.41495 14.67687 7.85984 24.79805
1.34921 11.81278 15.33033 7.24972 24.56252
1.43366 11.23494 15.69178 6.83992 25.0926
1.45975 10.61853 15.14641 6.98756 25.94939
1.39263 11.99422 13.77641 7.26166 25.75116
1.39642 11.83772 12.87249 7.58313 26.44279
1.3665 11.85482 14.15128 7.629 25.21364
1.27789 11.44482 15.41961 7.23296 24.92954
1.23162 11.83404 14.10203 7.68449 25.32437
1.40753 12.21239 15.54664 7.3467 23.92053
1.60967 12.74824 13.80319 7.01668 25.02895
1.38004 11.76492 15.06153 7.28139 24.78318
1.64235 11.48543 15.55773 6.56284 25.05057
1.46803 12.72809 14.44233 6.65352 24.99267
1.42322 11.9224 15.06761 6.55947 25.23546
1.34155 11.68347 14.59247 6.91444 25.60234
1.42905 12.04563 13.99149 7.40991 25.26203
1.42996 11.39688 14.70187 7.19868 25.37422
1.57774 11.01549 15.21576 7.14435 25.30804
1.64017 10.83878 17.46819 7.09146 23.84339
1.6329 11.31371 15.89407 7.41027 24.11157
1.93084 10.7714 15.69357 6.85242 24.93828
1.51839 11.03251 17.04059 7.19839 23.65525
1.44962 10.78543 15.25173 7.24622 25.44805
1.49539 11.33774 15.23227 7.94299 24.16589
1.81067 11.1471 15.41141 7.71553 24.08613
1.68728 11.41725 14.76411 7.40816 24.88636
1.27158 10.90561 16.05313 6.76913 25.19863
1.24201 11.15383 15.9677 7.65239 24.25659
1.70979 10.87483 15.66517 7.76753 24.27346
1.5311 11.38056 15.66605 6.88358 24.72243
1.45399 11.2579 15.59637 6.99819 24.92283
1.23682 11.59155 15.57544 6.97495 24.7994
1.24325 11.42147 15.14072 7.50497 24.88203
1.24545 11.58245 15.16338 7.63119 24.55608
1.13495 11.18842 14.75089 8.72986 24.45119
1.08569 11.86787 14.44109 7.70264 25.10214
1.22953 12.05491 14.03939 8.10451 24.76755
1.14926 11.85196 14.95702 7.4615 24.75142
1.52961 10.58942 15.72638 7.56186 24.76724
1.63593 11.13654 16.47314 7.96477 23.14427
1.64632 11.34239 14.67208 7.90421 24.59456
1.54874 11.46197 15.2431 7.74772 24.15124
1.80977 11.5343 13.8752 7.81573 25.10225
1.74134 11.33285 14.55273 7.37576 25.15976
1.79146 11.71181 14.2734 6.97642 25.40506
1.86509 10.8569 13.66411 7.04004 26.64194
1.90975 12.75594 12.91249 7.78124 24.81189
1.55147 12.78415 13.66608 7.56557 24.63275
1.86913 11.63314 16.14323 7.13678 23.51722
1.84028 12.15635 16.78945 6.54256 23.08452
2.15263 11.41441 16.3583 6.36895 24.17588
1.80923 11.79164 15.93478 7.1734 23.78537
1.72279 10.95929 16.18612 6.95532 24.51383
1.85388 12.0718 14.31624 7.41093 24.63369
1.82703 10.76734 15.25771 7.39448 24.98315
1.87275 10.72483 14.94664 6.76229 25.83229
1.56505 11.18913 13.4831 7.38811 26.44643
1.54893 10.74814 14.44215 7.39364 26.00756
1.7428 11.00093 15.56538 7.42769 24.4846
1.78343 11.41783 15.99339 6.85106 24.13951
1.83618 10.89358 15.47721 6.60387 25.32031
1.59207 11.26603 14.93749 7.10798 25.2135
1.2371 11.83909 13.02117 8.18516 25.84454
1.30944 11.45941 14.03815 7.26177 26.03173
1.59413 11.46702 14.12786 7.0717 25.8377
1.59226 11.28792 15.2522 7.03738 25.02804
1.62363 10.89154 14.96436 7.55295 25.153
1.74303 11.22864 14.89151 6.74411 25.57229
1.62299 11.46208 14.23938 6.15189 26.60918
1.41226 11.4807 15.01097 6.16813 26.0642
1.56869 11.96226 15.37455 6.24633 25.01444
1.68945 10.55018 16.30937 6.32812 25.25167
1.6358 11.08228 15.29058 6.48936 25.61841
1.73742 11.36906 14.87852 6.69311 25.49324
1.73472 10.98682 13.91591 6.90922 26.5191
1.81165 12.07233 12.36339 6.7087 27.09561
1.69461 11.33674 14.10943 7.35253 25.6027
1.72775 11.3951 14.94364 7.07336 25.00355
1.92804 11.24408 14.58752 7.30079 25.08089
2.04079 11.33708 14.23059 7.05077 25.48481
1.86656 11.16495 14.47786 6.63966 26.00455
1.58543 12.0667 14.33476 6.59129 25.54357
1.8881 12.00576 15.09151 6.98401 24.22819
1.77564 10.69157 15.27057 7.17087 25.22208
1.6914 10.81014 14.92063 7.86099 24.88919
1.46974 11.62421 14.92705 8.44048 23.8377
1.64565 11.2617 15.65955 7.64886 24.15636
1.75381 11.54497 15.94002 7.8488 23.34308
1.72081 11.14051 17.1028 7.33542 23.21124
1.57233 11.11946 16.2908 7.56562 23.73259
1.63588 11.61509 15.56138 8.023 23.59326
1.56915 12.12759 14.3377 7.73028 24.46444
1.5458 11.65593 15.82473 7.6253 23.65036
1.78961 11.73069 15.28595 7.18372 24.3694
1.29919 12.00153 15.18127 7.25604 24.68092
1.3286 11.48892 16.03542 7.24537 24.23536
1.46082 11.59655 15.88558 7.54819 23.85795
1.53172 10.89283 16.65245 8.11795 23.11985
1.46899 11.12379 16.05634 7.63132 24.03818
1.74945 10.4038 14.20136 7.68179 26.13276
1.38854 11.10779 15.64889 7.56706 24.53171
1.3625 11.58882 15.12585 8.02727 24.19066
1.55456 10.97845 15.25083 7.7735 24.68309
1.42988 11.98802 14.69191 7.62158 24.58567
1.43024 11.57122 15.79699 7.67373 23.81975
1.34255 11.49078 15.37085 7.5503 24.49116
1.2717 11.79432 15.17389 7.49828 24.48508
1.32318 11.6199 13.95423 7.24265 25.95879
1.37201 10.96083 15.18472 7.14125 25.45925
1.37155 11.20183 15.89252 7.22571 24.52378
1.30326 12.10513 16.54443 6.3064 24.12162
1.61602 12.36978 14.75858 6.65157 24.78821
1.60243 12.715 13.78916 7.14976 24.90495
1.50155 12.36847 12.89937 7.51069 25.84496
1.58098 11.12027 14.05623 7.25965 26.10751
1.6514 11.93987 12.76544 7.82185 25.94182
1.55734 10.96525 14.26867 7.15251 26.21191
1.50713 10.66211 15.55272 6.52472 25.90595
1.67852 12.24873 14.17886 6.69856 25.3735
1.48316 11.41109 13.89843 7.02845 26.3525
1.35838 10.85869 14.78735 7.76772 25.36343
1.67618 10.67111 16.13637 7.44726 24.36335
1.45973 10.78126 16.70054 7.35902 24.02874
1.38002 11.64432 15.66623 7.18031 24.65365
1.32282 10.41918 17.78588 6.50239 24.34409
1.50086 11.89136 17.20379 6.96505 22.87376
1.42435 11.16764 16.28857 6.52039 24.77673
1.30459 11.82114 15.65543 6.88637 24.5035
1.45394 12.45191 14.63552 6.29467 25.2674
1.45867 11.6824 15.36527 6.67865 25.06442
1.10824 12.28088 15.32543 6.74408 24.92136
1.34718 11.88733 14.64958 6.78614 25.53564
1.31628 12.01901 14.99218 5.92491 25.89819
1.14555 11.2149 16.17574 7.02781 24.85524
1.1017 11.1879 15.45786 7.59897 25.01591
1.32211 12.76301 13.84555 7.27444 25.06739
1.13837 12.30029 15.44927 7.51431 24.04235
1.26003 13.09747 13.31738 7.39374 25.1262
1.16072 12.28401 16.85841 6.89741 23.46814
1.37267 11.38708 15.38898 7.28079 24.9252
1.25 11.89954 15.54118 7.27783 24.33377
1.29504 11.3342 14.89487 6.83502 25.75683
1.29554 11.38436 15.60014 6.98085 25.00707
1.6889 11.66999 14.06583 7.22204 25.45368
