"V1" "V2" "V3" "V4" "V5"
0.46754 26.03423 5.5509 2.15342 25.87149
0.52546 26.01971 5.05682 2.37724 26.08964
0.44469 25.67664 5.26263 2.13468 26.52972
0.46738 26.00738 5.25353 1.91999 26.39583
0.43973 26.55711 4.77008 2.35112 25.94582
0.37446 25.94375 4.9589 2.36498 26.42156
0.4371 26.51107 5.41412 2.39629 25.33217
0.47859 26.59602 6.40873 2.52882 24.1574
0.44587 26.86294 5.56543 2.27578 24.92782
0.41997 25.5137 5.46954 2.06911 26.57469
0.38745 26.34183 5.16639 2.49354 25.68217
0.46313 26.35142 5.53282 2.3733 25.35303
0.45735 25.99026 5.41722 2.30282 25.92041
0.49483 26.71278 4.63703 2.4868 25.74554
0.47413 25.68339 5.61687 2.26693 26.05218
0.62384 25.7568 5.26108 2.31856 26.09933
0.57547 27.18303 5.59283 2.49307 24.27081
0.639 26.8658 5.51303 2.47873 24.61422
0.55795 26.79764 5.48319 2.41335 24.87344
0.56108 26.3925 6.08783 2.32166 24.75556
0.49349 27.09559 5.75098 2.20862 24.5946
0.47681 26.16236 5.49752 2.59119 25.37428
0.53683 26.65019 5.49443 2.33828 25.07673
0.50913 25.9598 5.1616 2.5385 25.91209
0.51381 26.74346 5.0823 2.23146 25.48946
0.54095 26.71159 5.02331 2.41427 25.37918
0.53454 27.43332 4.47311 2.58005 25.06756
0.52674 26.68468 4.59232 2.8374 25.42234
0.45191 26.40672 5.0693 2.62255 25.49939
0.42878 26.60789 5.06856 2.82964 25.13907
0.42098 26.46606 5.31406 2.71745 25.1623
0.52152 26.70914 5.25106 2.79629 24.78687
0.48156 26.447 4.93443 2.54552 25.64257
0.46351 27.27555 4.74887 2.16744 25.43282
0.51891 26.33579 4.95888 2.55366 25.69339
0.51373 26.34688 4.46791 2.44762 26.25937
0.46524 26.69957 4.76593 2.33616 25.79272
0.48853 27.01767 4.97393 2.35959 25.23538
0.42305 28.38699 5.04756 2.73242 23.52945
0.44892 27.3663 5.5683 2.3887 24.32622
0.54583 26.73802 5.20667 2.4203 25.15841
0.47556 27.85908 4.86207 2.43535 24.47152
0.45007 26.32251 5.21004 2.49782 25.59373
0.52669 26.5334 4.37251 2.39629 26.20996
0.5596 26.81896 5.04176 2.15493 25.48963
0.56748 27.11776 4.9662 2.09995 25.31559
0.62967 26.4462 5.03376 2.47729 25.48516
0.58602 27.89701 5.2312 2.62297 23.76789
0.6043 26.16386 5.71628 2.30713 25.28167
0.61382 27.11985 5.18694 2.36663 24.79732
0.53051 26.23331 5.12981 2.40336 25.74987
0.5094 26.6552 5.04847 2.49799 25.3469
0.49495 26.20965 5.15412 2.26287 25.94853
0.5478 26.77911 5.61124 2.42899 24.77801
0.56037 27.36756 4.69637 2.75769 24.70381
0.56638 26.59445 4.90918 2.51274 25.52043
0.50486 27.60456 5.08287 2.67612 24.29544
0.48435 27.08339 5.11451 2.37056 25.05774
0.48385 26.10387 5.08315 2.83263 25.62545
0.45118 26.803 4.92981 3.10805 24.80951
0.52957 26.15118 5.53886 2.73553 25.13736
0.52123 26.6607 5.39879 2.42958 25.08497
0.60748 25.61726 5.85121 2.59869 25.39147
0.56179 26.57364 5.19888 2.47292 25.27492
0.58225 27.53754 5.20604 2.82032 23.97733
0.56772 26.28743 5.42741 2.54128 25.28616
0.59118 26.54811 5.49375 2.63065 24.8382
0.58283 27.65256 4.43523 2.66067 24.76029
0.5633 27.50639 4.39356 2.71717 24.91842
0.59796 26.9097 4.6744 2.92697 25.01165
0.64466 26.71446 5.61893 2.47021 24.67879
0.61374 26.39298 5.34534 2.82536 24.92295
0.58652 26.85236 5.71213 2.94114 24.05
0.57767 26.27595 5.66775 2.94028 24.63238
0.52213 26.31045 5.28484 2.72761 25.23347
0.61449 26.09448 5.22296 2.63245 25.52855
0.57161 25.11202 6.09575 2.5583 25.77026
0.54415 26.30757 5.20776 2.65189 25.35328
0.47222 26.48599 5.30796 2.53757 25.2788
0.54502 27.32026 4.7429 2.48323 25.00111
0.50046 26.99382 4.41749 2.92224 25.2369
0.52011 27.86179 4.20893 2.68832 24.80502
0.45389 28.10489 4.54773 2.57009 24.42163
0.66077 28.17793 4.6537 2.76173 23.87287
0.5402 27.35802 4.38739 2.91871 24.87076
0.49053 27.52304 4.46697 2.5805 25.00774
0.51322 26.84149 4.80226 2.31466 25.59353
0.53678 27.33589 5.462 2.20503 24.56164
0.48678 26.93822 5.41204 2.46496 24.80517
0.55504 26.36607 5.33675 2.28218 25.53827
0.49573 27.03323 5.09245 2.39766 25.07439
0.58203 27.13892 5.05398 2.36746 24.93731
0.70699 27.02246 4.95869 2.34068 25.05062
0.7051 27.33953 4.82632 2.51645 24.70365
0.60202 26.91671 4.91743 2.3459 25.27765
0.66517 27.35232 4.04938 2.77514 25.22094
0.62503 26.1333 4.9451 2.55246 25.81706
0.52334 26.31531 4.74759 2.64466 25.8404
0.58067 26.02586 5.2635 2.32597 25.86697
0.52668 26.15073 5.21486 2.74798 25.42852
0.49706 25.99204 5.29134 2.24003 26.03142
0.54415 26.22041 5.34447 2.21242 25.74146
0.51876 26.8951 4.81044 2.63009 25.23595
0.5348 26.58969 4.62723 2.84348 25.46749
0.61615 27.00863 4.4764 2.86128 25.1144
0.52404 26.81951 4.49205 2.70683 25.52324
0.64015 26.63081 4.38079 2.75929 25.66123
0.51416 25.95337 4.52403 2.73189 26.32825
0.52903 26.76576 4.82218 2.28733 25.69752
0.47055 26.67549 4.94089 2.61815 25.41434
0.5174 25.97132 4.6946 2.6481 26.22274
0.5953 26.53355 5.35912 2.34329 25.26791
0.59536 26.54727 5.3724 2.52546 25.04717
0.52644 27.0379 4.50932 2.43818 25.53658
0.49713 26.93195 4.95815 2.3337 25.35428
0.53655 26.33942 5.02641 2.19138 25.95981
0.5591 26.48303 4.74354 2.14498 26.11865
0.54787 26.91585 5.04703 2.38089 25.18451
0.59689 26.54753 4.67704 2.44028 25.78912
0.51994 27.50129 4.74099 2.2103 25.09665
0.59798 27.08796 4.69523 2.41692 25.27782
0.5248 25.94952 5.04965 2.30376 26.21869
0.54469 26.94497 4.70952 2.70813 25.16895
0.72514 25.93964 4.84292 2.60073 25.9767
0.61154 25.62018 5.13658 2.62597 26.08773
0.70073 26.57162 4.9026 2.75345 25.18748
0.73603 26.65613 4.66127 2.45997 25.57834
0.65215 26.05885 5.0045 2.55546 25.79071
0.52272 26.22992 5.10785 2.37147 25.83241
0.56819 27.51153 4.97974 2.29577 24.72658
0.59902 27.12248 5.21098 2.24137 24.89935
0.57954 26.33341 6.10392 2.3308 24.7419
0.58481 27.42975 5.24793 2.42447 24.41846
0.58168 27.56241 4.85202 2.49088 24.61025
0.55183 27.28 4.81231 2.69731 24.73394
0.49819 26.87836 4.7005 2.5803 25.39372
0.53029 26.63841 5.25031 2.6236 25.02775
0.57622 26.42606 5.45511 2.66769 24.95354
0.49657 25.80091 5.7804 2.04836 25.9675
0.46342 26.67435 5.91211 2.28138 24.79663
0.48226 26.35 5.40154 2.41378 25.42656
0.58616 26.75602 5.73333 2.59952 24.44413
0.60199 26.64148 5.6807 2.71264 24.48192
0.55496 26.84423 5.8213 2.40043 24.50132
0.54231 26.76501 6.24368 2.46443 24.16404
0.505 26.07269 5.75484 2.40255 25.34686
0.58399 26.2294 5.41219 2.5061 25.35694
0.53596 26.75855 5.03078 2.45592 25.32158
0.5369 26.94974 6.10339 2.20944 24.36665
0.6047 25.95313 5.20701 2.40654 25.89169
0.5728 26.63976 5.87868 2.29917 24.71558
0.61855 27.33137 6.08642 2.2452 23.85725
0.6757 26.60494 6.15792 2.88735 23.82331
0.72653 26.59685 5.79229 2.63492 24.355
0.54122 26.59972 5.72243 2.41549 24.8248
0.55 26.82974 4.94167 2.74525 25.0081
0.44715 26.8331 4.72951 2.51885 25.53315
0.40281 26.84995 5.1733 2.25231 25.43454
0.41158 27.65599 4.99983 2.59352 24.47831
0.44751 26.8749 4.82772 2.44659 25.47324
0.49889 26.71025 4.79708 2.49145 25.56935
0.46971 26.46455 5.59171 2.60798 24.94384
0.51863 26.81448 5.30445 2.72979 24.72923
0.49181 26.34094 5.6802 2.59075 24.99417
0.48162 25.92963 5.0607 2.77018 25.81267
0.4914 25.74665 5.13422 2.54999 26.13012
0.5841 25.85144 5.43507 2.22215 25.9899
0.51056 27.08288 4.61065 2.38469 25.51317
0.53963 26.59114 4.97008 2.70252 25.2938
0.53269 26.69649 5.0196 2.46615 25.3679
0.47991 26.74246 5.26112 2.26235 25.33891
0.54735 26.19159 4.6387 2.55664 26.12635
0.45456 26.35778 5.05623 2.35661 25.85656
0.51723 26.11648 4.79648 2.94241 25.72019
0.51552 26.27403 4.77501 2.93321 25.56813
0.56638 26.11355 5.02823 2.7811 25.58854
0.55029 26.51592 4.59363 2.92095 25.50815
0.5498 27.37339 4.75311 2.71891 24.70455
0.52202 27.78973 4.77081 2.63695 24.38593
0.47532 27.68933 4.58604 2.72959 24.62712
0.4499 27.58585 4.98339 2.64345 24.44833
0.54906 26.4348 5.47049 2.6841 24.98593
0.48145 25.803 5.64226 2.96788 25.20825
0.45829 26.15778 5.37993 2.81611 25.27736
0.45229 26.79453 5.07546 2.75494 25.02421
0.51905 27.04966 4.48429 3.48964 24.57489
0.63061 28.60081 4.59669 2.88102 23.44534
0.5149 28.12619 4.39888 2.55955 24.48425
0.61597 27.81579 4.66862 2.78775 24.22867
0.5907 27.25837 4.22712 2.78933 25.22215
0.61485 26.86093 4.6212 2.55944 25.40762
0.61182 26.75951 5.03908 2.38226 25.32957
0.54576 26.19654 5.1706 2.14495 26.01585
0.5202 27.69157 4.79443 2.19932 24.89754
0.61464 27.15195 5.04006 2.24611 25.0411
0.64737 27.59107 5.02954 2.29853 24.54814
0.59636 26.09249 5.2965 2.37142 25.73204
0.63442 27.41828 4.91251 2.49927 24.65875
0.55567 27.04311 5.13827 2.78905 24.59178
0.50722 27.69289 5.08623 2.7183 24.1332
0.53667 27.80724 4.79765 2.46246 24.4808
0.49464 27.05731 5.26037 2.42165 24.86978
0.49234 27.26533 5.30308 2.33825 24.73121
0.52922 27.19384 5.69281 2.55331 24.18406
0.47627 27.23404 5.18403 2.37162 24.85156
0.45084 27.88549 5.08458 2.42703 24.26165
0.52381 26.93272 5.15357 2.64445 24.85358
0.45341 26.88096 5.32269 2.39735 25.05959
0.46736 26.05268 5.05637 2.27339 26.23643
0.45966 26.61496 4.65454 2.25449 26.10754
0.47149 27.45519 4.81884 2.3688 24.97759
0.54367 27.03698 5.3211 2.1163 25.09586
0.56109 27.15273 5.01146 2.25943 25.15676
0.62653 27.61539 5.09925 2.52749 24.27801
0.57034 27.1267 5.33553 2.29708 24.80346
0.63367 25.72687 5.64851 2.33819 25.77847
0.52582 27.28366 4.97597 2.66719 24.73455
0.65982 26.62838 5.40591 2.50317 24.96497
0.63131 24.58273 6.26624 2.30965 26.30445
0.64385 24.3299 6.73822 2.57731 25.89033
0.42226 26.17984 5.6342 2.3688 25.46637
0.47673 26.05943 5.61616 2.50447 25.42032
0.52574 26.89442 5.51941 2.64143 24.54466
0.52272 27.39089 5.09693 2.61283 24.49612
0.46548 25.77849 5.1545 2.22943 26.457
0.45783 26.86377 5.16206 2.4277 25.18895
0.47521 26.01103 5.33407 2.78705 25.49893
0.44427 26.24688 4.6552 2.81413 25.90298
0.52939 26.28059 5.44131 2.26501 25.56599
0.52429 26.26946 5.49483 2.57751 25.22045
0.57642 27.3351 5.23637 2.70043 24.2551
0.55503 27.65426 4.72746 2.58687 24.57371
0.54685 27.13611 4.90713 2.59343 24.90535
0.59723 26.29412 4.56519 2.46474 26.14031
0.5315 26.94563 4.82213 2.43933 25.33698
0.5499 26.9118 5.19291 3.14923 24.29538
0.48468 26.36834 5.96654 2.95497 24.33821
0.50202 25.63875 5.46728 2.58881 25.89157
0.51572 26.14824 5.43179 2.49472 25.47671
0.60099 26.87352 5.24831 3.03375 24.34165
0.42723 26.94307 4.9149 3.2097 24.59778
0.43278 26.53273 4.84816 2.30641 25.92547
0.49426 27.35263 4.824 2.35841 25.04256
0.55457 27.3022 4.70479 2.39941 25.11371
0.47783 26.32927 4.8559 2.57354 25.83332
0.48391 27.23917 5.05972 2.56079 24.75735
0.48206 27.48328 5.8219 2.54212 23.8559
0.41513 27.40463 5.7857 2.46672 24.08098
0.42965 27.24512 5.14311 2.53842 24.72327
0.44711 26.62445 5.17986 2.95948 24.89732
0.49532 26.83573 5.54614 2.70494 24.51169
0.51036 27.70331 5.39246 2.85599 23.64959
0.44665 26.86065 5.2638 3.0147 24.50606
0.46252 26.83684 5.25482 2.85242 24.69103
0.48969 27.09114 5.08793 2.72658 24.69468
0.54382 27.29427 4.99962 3.17219 24.11012
0.50043 26.74006 4.6747 2.92615 25.25225
0.69294 26.75623 4.8855 2.65285 25.09737
0.55758 26.67929 4.82528 2.62151 25.39658
0.54932 26.13322 4.9727 2.86563 25.57404
0.45354 25.83484 5.01616 2.75999 25.99499
0.54555 28.38923 4.83389 3.02388 23.35674
0.46249 28.15054 4.28702 2.9667 24.23078
0.4443 27.72272 4.96817 3.04561 23.91678
0.5449 26.11959 4.99827 2.49905 25.90274
0.5089 26.47865 5.07431 2.70748 25.29702
0.48245 26.0432 5.09897 2.55483 25.88203
0.46104 26.07013 4.74022 2.64551 26.12951
0.5133 26.84132 4.98764 2.78851 24.94582
0.50864 27.11513 5.36384 2.52825 24.58269
0.49101 27.77645 5.35461 2.56407 23.93114
0.6179 26.64985 5.75169 2.96107 24.17949
0.55664 27.19198 5.29099 2.91383 24.20032
0.47384 26.99109 4.50307 2.76881 25.34041
0.55146 27.18711 4.43121 2.85563 25.05971
0.51508 27.70592 4.42553 2.78188 24.67394
0.53274 27.41887 4.54729 2.69826 24.88319
0.53012 27.15203 5.08267 2.78498 24.56114
0.53748 26.22809 5.425 2.70303 25.23048
0.59022 26.3965 5.15099 2.64361 25.30406
0.52339 26.91931 5.44698 2.54101 24.64238
0.47173 27.34143 4.90166 2.91728 24.45321
0.50257 27.16061 5.1553 2.69957 24.58848
0.66882 27.18453 5.28824 2.76073 24.22621
0.55563 26.97992 5.32651 2.50693 24.73804
0.47777 26.73187 4.64831 2.16158 26.03816
0.48065 27.86925 4.73717 2.6547 24.37081
0.47389 26.78965 4.93626 2.5831 25.28008
0.55682 27.6066 4.62838 2.98976 24.33843
0.6172 25.97307 5.24238 3.11902 25.16124
0.66753 26.05758 5.38847 2.65864 25.31476
0.59516 26.82907 4.96765 2.85926 24.84593
0.57683 26.26232 4.61313 2.67859 25.93356
0.49596 26.21384 5.58966 3.11896 24.69616
0.52382 28.03949 5.29887 2.81691 23.45348
0.49078 27.69059 5.31669 2.98141 23.67008
0.51014 26.81776 5.33888 3.09228 24.3351
0.52098 26.08934 5.67962 2.85411 24.9495
0.57512 26.57303 4.88036 2.85866 25.20388
0.46867 26.57996 5.48593 2.70669 24.85461
0.5215 27.72211 5.45123 2.50244 23.91299
0.45918 26.49619 5.36102 2.39837 25.35085
0.59057 26.64578 5.75025 2.37599 24.73023
0.52396 27.35094 5.1065 2.42185 24.7624
0.50484 26.54998 5.27554 2.40933 25.34995
0.51363 26.91038 5.17946 2.55202 24.96307
0.53107 27.3384 4.82545 2.54806 24.85804
0.494 26.99136 5.61322 2.89308 24.15671
0.55027 26.42725 5.59521 2.75596 24.78325
0.63305 27.48816 5.3482 2.82373 23.84901
0.57597 26.72882 5.36683 2.61246 24.80703
0.48506 27.88845 5.07269 2.53544 24.18221
0.49157 28.25479 4.79904 2.38046 24.22098
0.50898 27.79583 5.40609 2.51192 23.95917
0.56387 27.4185 4.56604 2.60264 24.97879
0.73059 27.42877 5.03066 2.21856 24.70299
0.57163 27.23404 4.98911 2.33941 24.95898
0.56536 28.36143 4.88145 2.51815 23.78922
0.50349 27.49682 5.42411 2.69841 23.98262
0.61194 26.88934 5.11868 2.39453 25.07238
0.60181 25.83371 5.50179 2.70418 25.46396
0.60982 26.63039 4.88711 2.82439 25.15502
0.69074 26.73358 5.34516 2.40831 24.94932
0.59531 27.03 5.41919 2.38035 24.68722
0.57208 27.16752 5.86019 2.46882 24.0403
0.55563 27.82862 5.19134 2.83301 23.70154
0.58098 28.69945 5.46428 2.62431 22.79367
0.58685 26.91486 5.26473 2.50809 24.81849
0.59513 26.40928 5.12046 2.37062 25.56519
0.6578 27.53843 5.08001 2.16074 24.67505
0.68875 27.25742 4.50085 2.56856 25.07316
0.65485 26.05825 5.44215 2.71227 25.25793
0.6573 26.93392 5.53952 2.76432 24.25135
0.64549 26.65174 5.62498 2.84949 24.37652
0.64985 27.20809 5.30132 3.08062 23.8932
0.7034 26.0481 5.61077 2.44097 25.29258
0.65931 25.84628 5.6208 2.38755 25.55892
0.64781 25.87869 5.22794 2.53693 25.78064
0.64518 26.273 5.03369 2.42193 25.71426
0.5707 25.25903 5.23695 2.7848 26.20092
0.55868 25.99099 5.06949 2.61912 25.84033
0.66469 26.25207 4.77037 2.73719 25.63292
0.61551 26.80837 4.63724 2.76015 25.2594
0.66153 26.80553 4.63957 2.82423 25.13744
0.67606 26.6879 4.79847 2.90642 25.02931
0.71182 26.74527 4.75293 2.91536 24.97009
0.70208 27.28436 5.17044 2.65376 24.32223
0.62241 26.68995 4.92664 2.88772 24.97658
0.6657 26.62715 5.53635 3.19383 24.11383
0.6584 26.59666 5.43016 3.06121 24.362
0.63858 27.57956 5.71096 3.17835 23.09978
0.66394 27.14513 5.19906 2.79843 24.30126
0.70518 26.23704 4.72673 2.37295 26.01554
0.62838 26.52256 4.79975 2.44161 25.66906
0.6126 26.6009 5.66051 2.84696 24.40063
0.58231 27.3617 4.9154 2.38457 24.83901
0.51179 28.10877 5.21702 2.78195 23.50205
0.53509 27.51901 5.44898 2.53896 24.10871
0.64531 26.71187 5.49523 2.83654 24.47096
0.5527 27.02277 5.84237 2.75359 24.01631
0.53058 25.83017 5.7487 2.65627 25.31638
0.52027 26.88956 4.87824 2.81285 24.99489
0.49248 26.61666 5.65944 2.75955 24.62174
0.47914 27.72478 5.215 2.43252 24.27493
0.53315 27.47336 4.64577 2.43836 24.98399
0.46894 26.94127 5.17102 2.16168 25.32372
0.47294 26.84049 5.47893 2.21624 25.07499
0.43416 27.34156 5.09668 2.60519 24.63797
0.46808 27.49714 5.61848 2.54928 24.01267
0.46441 26.95664 5.00584 2.54929 25.13712
0.44108 26.28707 5.64931 2.18545 25.57229
0.56978 26.78945 5.19654 2.38221 25.17117
0.45393 27.19755 5.12455 2.10541 25.20813
0.48477 27.61036 5.27986 2.10733 24.61848
0.4252 26.49396 5.67601 2.43741 25.06301
0.49956 26.6795 5.62002 2.30825 25.00424
0.3901 27.63459 5.47856 2.43183 24.20787
0.54376 26.50038 5.79004 2.64656 24.66297
0.46443 27.78947 4.97141 2.69762 24.19809
0.47991 27.2551 5.03067 2.41888 24.91045
0.51435 27.04744 5.76174 2.07549 24.72262
0.6011 27.89123 5.64279 2.40038 23.61237
0.58397 27.23083 5.51344 2.4969 24.30117
0.62917 26.1049 5.37538 2.78681 25.21471
0.56528 26.94554 4.75442 2.90344 24.918
0.66961 27.18045 4.51467 3.20361 24.53017
0.66701 27.69127 4.25341 2.70214 24.78622
0.63759 27.30598 4.34758 2.81691 24.96687
0.66326 27.9558 4.85996 2.48833 24.13557
0.55502 27.77956 4.61871 2.56986 24.56385
0.57149 27.64823 4.4407 2.35581 25.06619
0.61784 27.00495 4.76547 2.72991 24.97813
0.69516 26.41792 5.13984 2.80575 25.03074
0.57222 26.43876 5.82742 2.48418 24.80381
0.49724 25.30662 6.06105 2.77933 25.44802
0.5641 26.81383 5.63951 3.02395 24.12727
0.56383 27.23309 5.77085 2.61674 23.9678
0.46721 26.45098 5.00526 2.81422 25.3471
0.51874 26.72696 4.91292 2.58747 25.34197
0.50188 26.84358 5.10782 2.59929 25.04139
0.50981 27.78654 5.53494 2.71508 23.62374
0.50177 27.35511 5.08625 2.88269 24.2833
0.45582 27.52527 5.0934 2.82983 24.20742
0.49298 26.0936 5.06543 2.84906 25.58681
0.42003 26.94704 5.62103 2.64137 24.50681
0.51446 27.10214 4.68225 2.47326 25.31768
0.46233 27.96429 4.44952 2.90833 24.29754
0.52498 27.44209 4.55857 2.69232 24.84627
0.52654 26.70867 5.27606 2.06879 25.48879
0.52714 26.94382 5.26604 2.30726 25.0366
0.40842 27.15484 5.14973 2.45286 24.90162
0.4703 26.45369 5.85856 2.67811 24.63783
0.51852 26.46559 4.6409 2.56997 25.84389
0.44302 26.14979 5.21055 2.1573 26.07899
0.42969 27.31321 4.62785 2.37222 25.32532
0.45301 26.0314 5.2726 1.96552 26.33869
0.49304 26.74768 4.84384 2.9066 25.08906
0.43023 26.71579 4.77171 3.15015 25.028
0.46755 26.94073 4.88752 2.87399 24.93022
0.41919 26.27004 5.22113 3.05834 25.13409
0.46034 26.68127 5.00121 3.16164 24.80052
0.39874 26.96562 4.73545 3.18291 24.80663
0.45977 27.33243 4.91922 2.94219 24.47357
0.51217 25.44863 4.90044 2.89121 26.29205
0.41273 25.52077 5.38461 2.76601 25.98441
0.38826 25.91236 5.01173 2.79731 25.95558
0.49009 25.93733 5.56485 2.65474 25.43221
0.50394 26.32631 5.32232 2.64194 25.28813
0.48261 26.8465 5.58321 2.91242 24.34299
0.48497 26.93674 5.56373 2.27822 24.87189
0.46115 27.37099 4.82592 2.69853 24.76387
0.47962 27.61348 5.01303 2.69672 24.30622
0.41549 27.03696 5.01957 2.54823 25.06814
0.46163 27.22528 5.0332 2.41713 24.93887
0.50399 27.47318 5.15833 2.4171 24.56505
0.53386 27.17427 5.12199 2.49953 24.79263
0.49571 26.96256 5.36638 2.52707 24.76206
0.44981 26.90091 4.98568 3.23406 24.54033
0.46634 26.36911 5.26432 2.53258 25.44898
0.55047 27.17922 5.20951 2.49055 24.68178
0.4996 26.81077 5.41377 2.84431 24.62263
0.46944 27.18003 5.67473 2.528 24.30475
0.45276 27.59497 5.70138 2.53169 23.86884
0.48243 25.98642 5.96964 2.72619 24.92774
0.46105 27.57934 5.47186 2.76511 23.84182
0.49772 27.40162 5.77014 2.16313 24.26969
0.43348 27.04706 5.64683 2.39006 24.57413
0.42324 27.59973 5.40666 2.62942 24.09194
0.46508 26.18077 5.4338 2.22685 25.76793
0.42554 26.42282 5.32906 2.50951 25.4021
0.50737 27.59819 5.12354 2.42301 24.45579
0.48454 27.45938 4.83764 2.7067 24.64318
0.5297 27.05504 4.9694 2.30561 25.2758
0.48554 28.15255 4.66837 2.34351 24.46799
0.49772 27.37301 5.06988 2.46877 24.70748
0.55992 26.9274 4.92597 2.72398 24.94315
0.5507 26.74821 4.99754 2.95525 24.84334
0.44601 27.08586 4.7382 3.06246 24.75746
0.54798 26.70666 5.21184 3.31359 24.32864
0.45909 26.97882 5.4713 3.23828 23.97243
0.54964 26.26048 5.31381 2.9664 25.00319
0.49915 26.75845 5.31056 2.77139 24.7697
0.40458 27.11628 4.93451 2.52167 25.11529
0.52558 26.32316 4.89772 2.58849 25.74358
0.56337 27.29973 5.03529 2.62541 24.61386
0.5019 26.99629 5.48813 2.57117 24.60642
0.50003 26.39425 5.72409 2.72088 24.77902
0.46908 26.76918 5.08427 2.52111 25.2866
0.43879 26.24972 5.66804 2.19179 25.57203
0.43841 27.18172 5.21246 2.25442 25.01441
0.41024 27.93131 5.0816 2.46353 24.2255
0.42825 27.37098 5.35598 2.54044 24.41744
0.40262 27.69291 5.18155 2.76161 24.10307
0.35336 27.94854 5.23905 2.4944 24.10623
0.46174 26.94235 5.27521 2.39708 25.01839
0.47047 25.60836 5.39632 2.50989 26.08597
0.43196 25.57103 5.51045 2.6307 25.92936
0.44451 26.21424 5.42042 2.68388 25.35335
0.41554 26.9459 5.45069 2.78923 24.51193
0.49536 26.78449 5.92819 2.9297 23.9936
0.51681 27.7931 5.49416 2.73034 23.6645
0.5297 27.70538 5.78552 2.83031 23.30926
0.64046 27.70028 4.75765 2.83571 24.17549
0.51633 26.33771 5.18912 2.90827 25.14222
0.53244 27.25445 4.98077 2.80817 24.54376
0.58194 28.15728 5.00391 2.83889 23.6138
0.515 27.4632 4.95145 2.9813 24.23857
0.39362 26.75319 4.97443 2.75064 25.20542
0.4744 25.65715 5.18743 2.57687 26.17884
0.52411 26.76424 5.00302 2.59216 25.21007
0.5047 26.60286 5.34381 2.47945 25.17287
0.45939 27.07694 5.18388 2.46564 24.91028
0.46875 28.13913 4.84838 2.18165 24.46983
0.49805 27.96593 5.00679 2.25672 24.38417
0.51204 28.43653 4.92163 2.13242 24.09511
0.47934 27.53938 5.04163 2.26655 24.76553
0.47854 27.83028 5.10906 2.52442 24.20027
0.50027 27.24811 4.9242 2.61139 24.81993
0.50306 26.68675 5.45509 2.21509 25.21188
0.53945 26.21368 4.883 2.15332 26.26293
0.50996 26.18064 5.01714 2.25738 26.08498
0.44408 26.4516 5.26021 2.37663 25.55231
0.4598 27.18341 5.3015 2.4148 24.72182
0.46796 26.15065 5.09105 2.41321 25.93735
0.48613 26.37061 5.83137 2.29726 25.13748
0.44866 25.55034 6.14014 2.06078 25.89552
0.42925 25.90626 6.44404 1.98175 25.42403
0.39274 26.57165 5.71381 2.41039 25.02552
0.48937 25.92386 5.3957 2.52846 25.73191
0.54659 27.34323 5.19978 2.69346 24.30308
0.56343 26.63879 4.87135 2.47959 25.51427
0.54504 27.54604 5.03322 2.50033 24.49182
0.52509 26.7662 5.35158 2.54303 24.90514
0.60501 25.97033 5.1232 2.16865 26.19467
0.58 26.48715 4.90114 2.414 25.68279
0.58421 27.58349 4.88408 2.6282 24.42608
0.56033 27.95698 4.96302 2.70859 23.97217
0.56056 26.84725 4.74647 2.7152 25.24627
0.5035 26.29509 4.80139 2.48052 25.9865
0.58908 26.86978 5.04328 2.8013 24.8049
0.58982 26.78492 5.0373 2.98805 24.72086
0.55515 27.32994 4.60784 2.62679 24.96973
0.46744 26.73766 4.53404 3.07254 25.26806
0.54305 27.30914 4.79486 2.87156 24.60656
0.54528 27.0522 4.93504 2.84549 24.72462
0.532 27.02712 4.85372 2.67784 24.99288
0.53863 26.16827 4.98331 2.50614 25.87584
0.52684 26.20833 5.56929 2.73544 25.05948
0.55169 25.78733 5.49555 2.36639 25.87815
0.59877 26.0525 5.21544 2.35653 25.87357
0.63432 26.04376 5.43082 2.33141 25.64512
0.60392 26.23214 5.97822 2.63833 24.66195
0.54035 26.45465 5.83299 2.52136 24.74859
0.62001 26.57138 5.87432 2.76313 24.30347
0.61104 26.28682 5.10551 2.65317 25.40694
0.67361 26.23808 5.38865 2.76249 25.01099
0.49855 27.61828 5.02408 2.73213 24.21308
0.59083 27.18319 5.18565 2.54826 24.62388
0.56374 26.83018 5.00284 2.49451 25.19624
0.52717 26.68845 5.65946 2.80051 24.41754
0.50551 26.61076 5.6575 2.71553 24.5931
0.53571 26.97801 4.93498 2.54963 25.08971
0.53633 27.58815 4.98475 2.36829 24.60776
0.57544 26.88427 4.92624 2.59867 25.0851
0.60368 27.75918 4.79159 2.59798 24.36233
0.56356 27.18431 4.14557 2.54429 25.64852
0.61019 25.78934 5.70706 2.62729 25.35158
0.44137 26.20271 5.57029 2.48734 25.40855
0.42296 27.25856 4.59796 2.58379 25.2459
0.46157 26.96483 4.99511 2.75041 24.90965
0.46975 25.86986 4.55324 2.65826 26.50227
0.46484 26.57501 4.93572 2.74301 25.36253
0.53792 26.69889 5.32081 3.00467 24.5367
0.51821 26.43496 5.59939 2.59598 24.9478
0.55909 25.85752 5.38292 2.76609 25.49405
0.47813 26.52055 5.91912 2.69653 24.49395
0.51072 26.49384 4.88626 2.20084 25.96897
0.56672 26.02049 5.34097 2.36349 25.76871
0.51134 27.01815 5.01826 2.42008 25.11056
0.5035 26.38576 4.80053 2.82324 25.54431
0.61905 24.91573 4.82147 2.36539 27.31707
0.50542 26.60467 5.39401 2.44383 25.14401
0.61991 26.23517 5.02211 2.64235 25.5615
0.71253 26.06697 5.30148 2.53766 25.46332
0.59899 25.9929 5.68959 2.56501 25.23275
0.77316 26.2747 4.92618 2.92863 25.16577
0.70453 26.86268 5.27392 2.68873 24.56493
0.64988 27.34785 5.12232 2.64388 24.33311
0.66038 26.79712 5.22149 2.66381 24.78572
0.67727 27.49978 5.64718 2.44925 23.88942
0.68813 26.6837 5.53202 2.50143 24.72299
0.63178 27.23614 4.97343 2.56689 24.70729
0.61787 27.22101 5.0793 2.64483 24.55551
0.64737 26.81389 4.72439 2.64289 25.25759
0.55841 26.34695 4.78054 2.52902 25.84439
0.60425 26.36466 5.23951 2.61976 25.29476
0.59517 26.96335 5.43507 2.53456 24.61386
0.52778 27.23718 5.29388 2.39754 24.65815
0.67046 26.43471 5.20024 2.3712 25.3952
0.64796 26.20515 5.39769 2.21239 25.61833
0.5547 27.01277 4.8987 2.43783 25.17875
0.53827 26.39071 5.65109 2.69052 24.83224
0.58661 26.66743 5.25571 2.83246 24.74382
0.499 27.1192 5.31741 2.90087 24.27708
0.45008 27.64976 4.53947 2.62598 24.82785
0.50714 26.56903 5.09363 2.51936 25.40384
0.58854 26.02172 5.47708 2.74445 25.26248
0.56529 25.98243 5.02948 2.71496 25.77722
0.56628 25.55718 5.32083 2.7875 25.84455
0.5814 26.0316 5.2736 2.66395 25.51598
0.53254 26.81735 5.75575 2.65735 24.36304
0.62807 26.11822 5.8946 2.76493 24.72043
0.6358 25.01468 6.30485 2.75668 25.40834
0.66314 25.83997 5.64861 2.63047 25.31349
0.64085 25.66114 5.60789 2.68783 25.48165
0.61562 25.9614 4.96731 2.48983 26.02389
0.61864 27.01978 5.09984 2.17805 25.16558
0.61948 27.36595 4.73403 2.20878 25.13793
0.59965 27.09471 4.73737 2.23866 25.38859
0.62327 26.39023 4.75177 2.29584 25.99906
0.55398 26.96672 4.9032 2.59594 25.06184
0.51432 26.72665 5.17097 2.49959 25.1726
0.55061 27.20182 5.05148 2.588 24.72349
0.53591 26.51504 5.41082 2.55527 25.07415
0.65501 26.89802 4.1376 2.71297 25.64846
0.64252 27.66331 4.7123 2.86235 24.24082
0.60593 27.2679 4.76897 2.40875 25.03886
0.60889 26.84616 4.48704 2.25262 25.87159
0.66429 26.50658 5.5817 2.61505 24.72278
0.55147 26.52904 5.62082 2.42907 24.96119
0.57254 26.25295 5.5316 2.35504 25.40072
0.5302 26.96748 5.81385 2.30135 24.51404
0.54495 27.22233 5.64194 2.48046 24.27826
0.49888 27.35262 5.24784 2.8124 24.24017
0.54212 27.30138 5.29157 2.58546 24.4076
0.52059 27.06374 5.22604 2.46112 24.80344
0.531 26.54664 4.89674 2.8154 25.29788
0.53729 27.38124 4.79359 2.9195 24.47253
0.44421 28.12242 4.75414 2.79562 24.00868
0.52839 27.3263 5.05856 2.59812 24.59161
0.52718 28.38967 4.37186 2.535 24.27157
0.49528 27.42516 5.10555 2.64149 24.44466
0.58609 27.67043 5.00966 2.61084 24.21672
0.66047 27.50662 5.86317 2.42471 23.66786
0.56273 27.14087 5.56644 2.15258 24.67388
0.6324 26.49892 6.21636 2.26748 24.51746
0.54006 26.76252 5.40365 2.43863 24.93932
0.68784 27.25628 5.3001 2.46152 24.39197
0.81804 27.73319 5.16079 2.54136 23.90139
0.68338 27.21391 5.33088 2.31739 24.58584
0.77583 27.49176 4.68885 2.81889 24.36792
0.76777 27.33817 5.36923 2.34038 24.36728
0.79557 26.91468 5.49692 2.70281 24.26835
0.76049 27.79385 5.43875 2.65272 23.50422
0.74383 26.86344 5.37937 2.48555 24.63178
0.71199 26.87512 5.41338 2.46265 24.62982
0.6406 27.97734 5.14302 2.98444 23.42603
0.62195 27.00215 4.79134 2.77874 24.90701
0.59726 26.29427 4.62266 2.65371 25.89492
0.63332 26.87051 4.90037 2.98643 24.70469
0.50908 26.39043 5.2657 2.54296 25.38732
0.55529 26.4872 5.27005 2.79409 24.99325
0.52823 27.62298 5.0613 2.71609 24.22677
0.53294 26.6947 5.66369 2.55469 24.68572
0.66234 26.65367 5.68646 2.56434 24.57119
0.54768 26.63549 5.32336 2.29983 25.3298
0.5498 26.71311 5.09297 2.25023 25.49719
0.45137 27.13148 4.82568 2.67047 25.04197
0.48162 27.15105 5.15266 2.41836 24.9328
0.48254 27.2228 5.18945 2.76286 24.47788
0.48839 26.94135 5.45527 2.45005 24.76614
0.52264 27.37058 5.016 2.27821 24.8851
0.53094 27.51229 4.77737 2.43633 24.81887
0.52918 27.23345 4.74174 2.13931 25.41408
0.5892 27.12643 4.84298 2.38069 25.13364
0.61777 26.82096 5.26543 2.38512 24.99041
0.65966 26.83349 5.23239 2.27587 25.08463
0.60289 26.8586 4.80555 2.2286 25.58479
0.55689 27.18257 5.30782 2.09211 24.95322
0.66588 26.76225 5.39459 2.38692 24.87725
0.56356 26.03144 5.09576 2.282 26.08728
0.66779 26.60094 5.09154 2.45802 25.30996
0.63659 26.49529 5.349 2.79002 24.85822
0.62179 25.87996 5.55203 2.36081 25.67168
0.60631 26.07105 5.32856 2.04556 26.00192
0.61368 27.01599 5.31228 2.39098 24.76461
0.71275 27.4659 5.64921 2.71199 23.61703
0.62409 28.11624 4.78428 2.57819 24.02579
0.56177 27.67473 5.29651 2.31471 24.31587
0.50718 26.51029 5.63236 2.24975 25.25654
0.53241 27.41465 4.96459 2.51758 24.73802
0.56031 25.76972 5.16149 2.29521 26.28572
0.55087 26.16551 4.82305 2.50797 26.03142
0.59489 26.69931 5.29215 2.42572 25.07665
0.54462 26.10107 5.41747 2.28809 25.75174
0.53701 27.15427 5.45844 2.41216 24.59703
0.51999 26.81476 5.21129 2.31393 25.24013
0.48568 27.54531 5.41218 2.07671 24.60341
0.52954 26.90482 5.28965 2.10562 25.23581
0.55399 27.49942 4.72512 2.16658 25.12322
0.52847 28.34615 4.78433 2.51209 23.93335
0.50985 27.42072 5.30033 2.56573 24.30743
0.50548 27.08727 5.49315 2.51341 24.51411
0.46786 26.91827 5.34405 2.34397 25.00048
0.43303 26.38657 5.21523 2.25957 25.76988
0.51872 26.23722 5.28183 2.37506 25.67355
0.56944 26.37146 5.42308 2.32911 25.421
0.50924 27.38381 5.1437 2.44404 24.64925
0.54556 27.43038 4.61138 2.57787 24.91073
0.48967 28.11799 5.08935 2.68203 23.74354
0.51428 27.08682 5.39497 2.67803 24.43898
0.55348 27.99107 4.38883 2.77069 24.38833
0.57165 27.23267 4.55237 2.5139 25.20415
0.48923 26.95942 5.05426 2.51082 25.05968
0.41966 27.13142 5.23837 2.50026 24.81451
0.49918 26.55728 5.54805 2.38359 25.08677
0.5072 27.10878 5.33559 2.7473 24.39866
0.5127 27.58793 5.31395 2.57222 24.13748
0.49629 26.32703 4.64801 2.43174 26.1416
0.54274 26.44116 4.85842 2.52456 25.69813
0.51587 25.68626 5.73672 3.19468 24.97244
0.53581 26.39605 5.29424 3.05363 24.80955
0.50339 25.9014 5.57031 3.17297 24.95188
0.49307 26.12599 5.17307 2.80436 25.49582
0.55805 26.27835 4.7799 2.97325 25.48924
0.50523 26.81525 4.61145 2.67385 25.47352
0.5999 26.62218 5.1824 2.64561 25.05696
0.62234 26.79913 4.97417 2.49793 25.18839
0.57357 26.26215 4.94378 2.44709 25.83247
0.58947 26.18802 4.74811 2.3294 26.2187
0.58876 26.09936 5.21925 2.61964 25.57192
0.61535 27.20583 4.45215 2.49483 25.31371
0.57467 27.23328 5.04215 2.85617 24.38576
0.53206 27.18753 5.12992 2.81746 24.41709
0.51881 26.38439 4.69677 2.70692 25.74039
0.44257 27.01036 4.66274 2.44355 25.50058
0.38859 27.38758 4.45294 2.47473 25.36277
0.44551 27.58508 4.83898 2.65625 24.55924
0.45028 27.51143 4.42876 2.55164 25.13556
0.49045 26.56499 4.4827 2.07988 26.43106
0.50105 27.62186 5.07526 1.99763 24.89751
0.49695 26.59069 4.9208 2.55484 25.50789
0.57321 26.29156 5.18461 2.65325 25.36229
0.43033 25.9952 5.58667 2.568 25.5039
0.48675 27.00354 5.55059 2.47919 24.62534
0.46259 27.62626 5.13722 2.49689 24.39502
0.50178 27.64479 5.47589 2.34974 24.1565
0.43422 27.94665 5.49956 2.32236 23.97219
0.48134 27.27942 5.59483 2.39418 24.3606
0.48236 27.26132 4.69043 2.48045 25.16389
0.46613 27.2025 5.08034 2.70881 24.6171
0.41768 27.29538 5.17741 2.66662 24.54322
0.50537 26.72351 6.0166 2.86277 24.0339
0.48041 27.68462 5.13421 2.50449 24.33285
0.4097 27.27826 4.73633 2.69718 24.95581
0.39592 26.03698 5.42555 2.5338 25.68153
0.50637 26.0927 5.0844 2.481 25.91332
0.56828 26.29803 5.14203 2.30853 25.76094
0.47862 26.41788 5.30317 2.27721 25.61783
0.47009 25.94861 5.79755 2.17737 25.73281
0.48606 27.08654 5.45847 2.90863 24.18883
0.48922 26.28447 5.71955 2.29699 25.28528
0.52394 26.69755 5.88682 2.35067 24.67783
0.52526 26.2717 5.6088 2.64621 25.04264
0.53968 26.65456 5.7751 2.83251 24.32171
0.48271 26.04251 5.43609 2.688 25.43197
0.46624 27.1873 5.27166 2.8766 24.34418
0.43334 26.21318 5.79613 2.93572 24.79543
0.5002 26.30867 5.21097 3.23446 24.85882
0.45317 26.83557 5.02973 2.99903 24.80243
0.43337 25.88861 5.45997 3.12471 25.19719
0.40697 26.85605 4.90279 2.82899 25.10969
0.45596 27.23821 4.91628 2.7958 24.692
0.44378 27.74832 5.54339 2.5954 23.80649
0.40511 27.03209 5.32725 3.02089 24.33938
0.42377 27.86023 5.45 3.29121 23.19789
0.50956 26.7129 5.18371 3.08132 24.62139
0.48931 27.57703 5.04537 2.93614 24.10361
0.49973 26.79968 5.0166 2.55137 25.25485
0.48046 27.08641 5.58497 2.39483 24.61041
0.52756 25.89562 5.31594 2.30856 26.04267
0.5368 26.67066 5.09339 2.414 25.40166
0.51645 26.99407 4.96787 2.62947 25.05005
0.57206 27.32815 5.09428 2.69841 24.46238
0.53843 27.2388 4.60697 2.58325 25.12894
0.59494 27.09645 4.84273 2.58355 25.00444
0.5034 26.74163 4.80163 2.55272 25.48023
0.52014 27.56167 5.06576 2.70186 24.27675
0.51799 26.36453 5.39181 2.62541 25.20079
0.61554 26.81443 5.27769 2.38319 25.04063
0.57182 27.31765 5.23773 2.35727 24.65907
0.6685 27.26776 5.45479 2.88909 23.87571
0.60657 27.16384 5.20979 3.05164 24.12024
0.5777 26.34512 5.89535 2.54842 24.75809
0.56351 26.97607 5.42173 3.10654 24.0922
0.63429 27.33354 4.97335 2.88951 24.30752
0.5309 26.73614 5.35321 2.94057 24.56215
0.58099 26.2303 4.80007 2.82347 25.64252
0.48168 27.58697 4.92511 2.92184 24.20066
0.67595 27.41337 5.23489 2.50556 24.29838
0.50925 27.15779 5.42975 2.64289 24.36967
0.49272 26.02839 5.91375 2.51501 25.15037
0.44386 27.56639 5.19023 2.68845 24.21936
0.50202 27.5371 4.5014 2.84609 24.71902
0.51384 27.20376 4.65943 2.75852 24.95769
0.53966 25.88202 5.36031 2.38799 25.90319
0.53774 26.66347 5.02309 2.69024 25.1924
0.56475 26.37137 5.01715 2.71621 25.42169
0.59637 25.99318 5.17725 2.61787 25.70347
0.46947 27.41492 5.20129 3.00544 24.03319
0.46942 26.45253 5.6672 3.14657 24.36309
0.54346 26.15376 5.06681 3.24821 25.10326
0.54574 26.95874 5.11565 2.82756 24.66802
0.48346 27.54767 4.89703 3.23081 23.97667
0.45766 26.31279 5.69293 2.66277 24.98678
0.50263 27.13114 5.09174 2.84812 24.53811
0.50689 26.90191 5.04842 2.88608 24.77448
0.54652 27.18855 5.15436 2.97752 24.2555
0.44747 27.57053 5.12098 3.1678 23.85294
0.45926 27.17325 4.47474 2.64534 25.34718
0.58833 27.5548 4.59125 3.11598 24.28457
0.6085 27.92699 4.48439 2.77888 24.33482
0.47091 26.58421 4.54869 2.89823 25.58586
0.53329 26.4445 5.04674 2.85556 25.2018
0.54303 26.91361 5.02438 2.50001 25.10699
0.49953 25.88247 4.74152 2.93646 26.01913
0.47678 26.04732 4.99729 3.03276 25.54027
0.52062 26.05797 5.40346 2.8644 25.25203
0.53542 26.35746 5.11882 3.13034 24.96477
0.50713 27.39322 4.61348 2.57441 24.99201
0.46467 27.37305 4.805 2.92515 24.53885
0.52784 26.89118 5.08164 2.50087 25.09873
0.53947 26.77414 4.91231 2.55355 25.29771
0.51068 26.74848 5.04444 2.62163 25.16269
0.56387 26.73113 5.23617 2.73989 24.81089
0.49868 28.03688 4.59899 2.85529 24.12901
0.52149 27.75839 4.9324 2.92757 23.99752
0.60484 26.93083 5.01558 2.4504 25.08405
0.68409 27.18574 5.19746 2.54216 24.49189
0.5665 26.87421 5.64818 2.51023 24.51072
0.71173 26.86533 6.00822 2.41826 24.12955
0.53117 27.30755 5.54789 2.64006 24.08977
0.65339 27.00373 5.44599 2.91414 24.08775
0.61123 26.51235 4.63463 2.77649 25.5262
0.48078 25.92271 5.11954 2.51617 26.02159
0.54782 26.59657 4.46806 2.57068 25.86914
0.64457 28.20066 4.25724 2.6326 24.3784
0.56477 26.63278 4.70953 2.78085 25.39153
0.49173 26.68207 4.34786 2.78977 25.75136
0.39805 26.16234 4.90725 2.52441 26.07565
0.48642 26.26185 4.88777 2.65794 25.78313
0.54095 25.41622 5.48966 2.66005 25.95884
0.47924 25.66711 5.49887 2.21435 26.1961
0.53552 26.12893 5.06859 2.19055 26.1445
0.49428 26.33696 4.71523 2.27521 26.22631
0.53912 25.7401 5.16893 2.6312 25.97114
0.46414 26.42633 5.05031 2.96007 25.17886
0.49114 25.41456 5.52935 2.64231 26.00062
0.56088 25.90774 6.06092 2.66522 24.95558
0.51205 26.53133 5.62015 2.64124 24.80302
0.5597 26.87851 5.16114 2.64979 24.82275
0.50285 27.2901 4.47532 2.51534 25.27139
0.51397 26.64881 4.68241 2.60856 25.61502
0.50148 26.61149 5.12877 2.50494 25.35395
0.41496 26.21245 5.45305 2.80679 25.23221
0.39947 26.38669 5.04196 2.84537 25.41186
0.40331 27.27367 4.7733 2.84504 24.77803
0.45821 26.70205 4.68319 2.49169 25.71297
0.44402 26.08033 5.23133 2.63813 25.67789
0.55199 25.40871 5.39744 2.69903 25.99792
0.56757 26.33696 5.22561 2.2797 25.64967
0.50563 26.11129 5.26292 2.52058 25.66792
0.70206 26.25221 5.00472 2.55786 25.55306
0.59685 26.96652 4.63245 2.52957 25.35943
0.52482 26.31788 5.1117 3.20276 24.93329
0.55012 26.11506 5.57805 2.57703 25.25286
0.59081 27.26 5.71371 2.79564 23.79714
0.56212 27.15866 5.30503 2.77823 24.33426
0.57515 26.91444 4.9763 2.7993 24.84391
0.54885 27.07661 4.5702 3.18767 24.74892
0.57153 27.72057 4.6289 3.07439 24.14775
0.52668 26.75849 4.93844 2.6147 25.24691
0.48449 25.70095 5.13328 2.65189 26.10651
0.48626 25.96874 4.9328 2.5474 26.12953
0.46773 26.60186 4.92325 2.48164 25.61556
0.49296 26.644 5.51728 2.41206 25.03805
0.47752 26.89887 5.30634 2.46946 24.95632
0.5353 26.22883 5.81689 2.47194 25.06617
0.54874 26.66671 5.19197 2.77505 24.94119
0.54987 27.21222 4.75645 2.66661 24.91257
0.53813 28.05314 4.73022 2.6333 24.13193
0.50751 26.80255 5.18364 2.57211 25.02402
0.46639 26.18311 6.09217 2.48382 24.85695
0.52014 26.46881 5.61394 2.34502 25.15468
0.49682 26.92896 5.27396 2.39871 25.04687
0.5322 26.90657 5.11552 2.57834 24.95656
0.60361 26.37485 5.10859 2.48056 25.49888
0.58754 26.63028 4.91002 2.54408 25.40528
0.4932 26.49492 5.07698 2.45933 25.54124
0.45409 26.75736 4.71109 2.62324 25.51243
0.54603 25.97383 4.60121 2.67527 26.24151
0.51142 26.54401 5.19839 2.47728 25.33078
0.39509 26.76046 5.43826 2.5062 24.98421
0.48562 25.97844 5.72565 2.85631 25.05113
0.49322 26.32979 5.7697 2.55578 24.96898
0.42435 26.28239 5.25261 2.63428 25.47268
0.52274 26.45699 5.93793 2.29285 24.92724
0.43287 26.96448 5.37046 2.51067 24.81713
0.3843 26.04242 5.22632 2.75294 25.66254
0.4289 27.90861 4.53745 2.67453 24.5275
0.46035 27.39798 5.15874 2.73372 24.3633
0.47261 26.75116 5.15888 2.34797 25.35515
0.38397 26.69007 4.78359 2.43815 25.77961
0.40929 25.62892 5.63683 2.41978 25.96499
0.51806 26.26462 5.42057 2.65595 25.21253
0.52346 26.15114 4.99229 2.50282 25.89516
0.58529 27.30102 5.28333 2.75811 24.19
0.5997 27.29813 4.71195 2.65839 24.80485
0.53059 27.00931 4.63962 2.85625 25.04068
0.59698 26.89539 4.93982 2.85222 24.82206
0.56229 26.78097 4.53207 2.8556 25.33259
0.50573 25.82842 4.80179 2.78427 26.12709
0.58818 27.66427 5.48079 2.94936 23.46142
0.57539 27.14462 5.0354 2.84077 24.52705
0.61113 28.00687 4.9315 2.92291 23.67749
0.52084 27.34175 5.49549 2.62018 24.14348
0.62867 26.94822 5.55485 2.55388 24.45226
0.58204 27.27832 5.10808 3.05042 24.11391
0.5055 27.37314 5.36454 2.66773 24.21708
0.57868 26.51693 5.40915 2.57796 25.02208
0.51178 25.07013 6.18128 2.66866 25.65251
0.57705 25.41874 5.40656 2.38191 26.27847
0.49677 26.05751 5.49625 2.20036 25.80154
0.50058 26.65806 5.37103 2.14821 25.41241
0.49872 26.58189 5.77607 2.67723 24.57087
0.53919 26.37806 4.90572 2.63633 25.61574
0.45652 26.71533 4.61439 2.38658 25.89383
0.53173 26.81405 4.81904 2.15475 25.73995
0.45839 27.40461 4.87669 2.24642 25.0884
0.41729 26.58215 5.11618 2.06779 25.87045
0.51651 27.56944 4.81433 2.31336 24.85954
0.5431 27.03211 5.72379 2.65488 24.20891
0.55658 27.30203 4.64049 2.70286 24.90299
0.59325 26.40421 4.93426 2.508 25.64303
0.54091 27.52281 4.72596 2.63369 24.67748
0.47844 26.55918 4.95981 2.6325 25.43815
0.51129 26.3421 5.28482 2.32732 25.61025
0.54359 26.71472 5.15252 2.16559 25.49257
0.53614 25.92541 4.92948 2.22755 26.42795
0.58815 25.71837 5.15057 2.23495 26.3591
0.59557 26.43698 5.25208 2.60191 25.17705
0.5823 26.83095 4.66166 2.8047 25.19995
0.58609 25.74091 4.77268 2.55749 26.38563
0.58129 26.13435 5.31601 2.55239 25.48637
0.58704 26.12516 5.1645 2.53431 25.66179
0.5801 26.23324 5.23172 2.43034 25.60628
0.54573 26.90306 5.12183 2.16763 25.36051
0.52485 27.20912 5.51268 2.24597 24.60578
0.52054 27.8571 4.46949 2.62896 24.61414
0.65534 27.18787 4.60981 2.61605 24.99693
0.58852 27.12483 4.92486 2.82765 24.63368
0.66601 26.65587 5.12299 2.65325 24.99029
0.53844 26.83406 4.97484 2.75713 24.99857
0.55959 26.04526 5.38244 2.7298 25.37924
0.60155 27.52177 5.48166 2.35636 24.18946
0.59209 26.39113 5.09068 2.61691 25.37587
0.56267 27.79035 4.52817 2.7643 24.45235
0.59746 26.44154 4.74811 2.34526 25.93043
0.53223 27.65672 5.05665 2.41177 24.43324
0.56794 27.60486 5.26064 2.37889 24.32386
0.50355 26.88933 5.28163 2.31129 25.15203
0.43826 26.34905 6.14219 2.46 24.74418
0.43189 27.16703 5.21897 2.77031 24.54102
0.59503 27.02524 5.56439 2.59537 24.31321
0.53753 26.43706 5.33859 2.49356 25.2928
0.57205 26.13029 5.16613 2.63381 25.58933
0.52582 26.78194 5.20436 2.4291 25.13032
0.54674 26.88716 5.25745 2.4825 24.92905
0.63237 26.41947 4.63426 2.5504 25.83487
0.55729 26.8403 5.07878 2.74513 24.8886
0.54916 26.85567 5.21189 2.51207 24.96426
0.5351 26.50115 5.67107 2.50551 24.88674
0.50111 27.26908 5.54956 2.55603 24.24634
0.52747 26.41555 4.50231 2.63187 25.97294
0.52216 26.44228 4.81453 2.3366 25.93553
0.52021 26.89321 4.8348 2.49611 25.34984
0.43952 28.0949 5.31654 2.37822 23.97306
0.50865 28.10555 4.89339 2.40744 24.1959
0.4872 27.6009 4.74199 2.46657 24.78281
0.44985 26.90208 4.57038 2.60143 25.5419
0.55219 26.46155 4.86295 2.80064 25.39154
0.49932 26.52747 4.62453 3.10635 25.30843
0.58351 26.70047 5.10493 2.80895 24.89016
0.59347 26.3141 5.08232 2.67148 25.41442
0.54546 25.93711 4.81877 2.51304 26.2385
0.44041 25.25867 4.70468 2.45008 27.2016
0.47367 26.21275 4.78941 2.95674 25.63395
0.47332 27.70169 4.62291 2.74709 24.55388
0.51684 27.32169 5.02443 2.70608 24.53238
0.46733 26.61771 5.26921 2.49799 25.28357
0.46183 25.61728 5.31618 2.82401 25.85117
0.44127 26.3293 5.08291 2.67951 25.5382
0.40717 26.08249 5.39317 2.54331 25.643
0.43322 27.16769 5.01672 2.69773 24.77629
0.45421 27.16243 4.74406 2.41624 25.29541
0.43032 26.67324 5.27366 2.25056 25.46364
0.4249 25.42806 5.40538 2.47348 26.37626
0.35278 27.95689 4.89996 2.77932 24.12064
0.44855 27.1258 5.09174 2.44714 24.98427
0.4967 26.62734 5.20658 2.88935 24.91459
0.43563 27.42556 5.75725 2.68248 23.91228
0.46531 27.95554 4.60359 3.04726 24.06346
0.42371 26.9025 5.46945 2.8824 24.4713
0.42131 27.81515 5.15138 2.51894 24.20481
0.42489 26.75903 5.74516 2.34553 24.8822
0.41769 26.52867 5.43426 2.47216 25.27593
0.44983 27.40796 4.90309 2.63525 24.70642
0.4821 28.04913 4.5796 2.75207 24.22426
0.45054 27.94623 4.95526 2.54782 24.22707
0.46265 27.14367 4.60198 2.55441 25.32182
