"V1" "V2" "V3" "V4" "V5"
0.99712 25.84701 5.21264 2.60766 25.43268
0.78348 25.77078 5.19976 2.93963 25.38635
0.65293 27.62774 4.03953 2.87327 24.87051
0.77344 26.47023 4.10813 2.75425 25.93733
0.79533 25.73453 4.30055 3.22688 25.99429
0.56163 27.65094 4.4748 3.74345 23.69847
0.81845 26.24311 4.30847 3.49373 25.2013
0.80577 27.24655 4.28688 4.17824 23.6033
0.75671 27.21011 4.08215 3.93752 24.10114
0.60814 27.99365 3.79379 3.74192 23.95525
0.6642 27.46874 4.2312 2.89844 24.82823
0.55006 27.14804 4.42335 3.17204 24.77928
0.61372 27.43396 5.71925 2.66611 23.70612
0.56961 27.36052 6.30608 3.08581 22.85215
0.52574 26.11011 6.79734 3.02237 23.70382
0.66858 26.14219 5.38818 3.01156 24.8598
0.55545 26.40738 5.32052 3.96426 23.86144
0.68228 27.58841 3.96673 3.25593 24.58141
0.83513 26.67843 4.19553 3.38862 24.97663
0.63288 25.71862 5.20888 2.74616 25.76155
0.52571 28.03917 4.11297 2.59265 24.81839
0.67233 27.3891 4.48252 2.96771 24.58808
0.75042 27.36267 5.31637 3.21908 23.48337
0.7859 27.88737 5.59654 3.35781 22.55923
0.68711 24.64956 4.68461 3.44553 26.56919
0.65352 26.24463 4.3147 4.17924 24.67117
0.70038 27.03854 4.20545 3.68395 24.45869
0.52493 26.60244 5.04466 3.60857 24.33747
0.63008 27.42188 5.22223 3.17486 23.69271
0.5425 25.49035 5.38286 3.07316 25.67369
0.59337 26.46776 5.59732 2.85302 24.66112
0.57755 26.87594 4.54622 4.11809 23.96273
0.62354 27.28251 3.57342 3.95731 24.62924
0.59328 26.32234 3.74111 3.46286 25.95475
0.52989 26.36342 3.99895 3.51161 25.66836
0.40022 26.92765 4.20711 2.76921 25.74129
0.62086 25.76311 4.12018 3.45232 26.08763
0.64426 27.01091 3.98201 3.89746 24.53084
0.48165 26.94022 5.8608 4.00215 22.86728
0.56465 27.49093 4.89818 3.85666 23.29218
0.60623 25.01138 5.19185 3.27981 25.96538
0.51518 26.32138 5.05717 3.63131 24.57382
0.48222 25.61133 4.93671 3.72602 25.32094
0.54308 26.69979 3.73517 3.46445 25.60138
0.65535 25.77143 4.05959 2.97667 26.58075
0.75205 25.99809 4.50566 3.24908 25.55217
0.7499 25.76631 4.84914 3.07696 25.62037
0.59817 26.38288 4.47832 3.38745 25.21007
0.66584 24.4142 4.03314 2.71835 28.19272
0.66337 24.95124 4.72336 2.74513 26.95641
0.7366 25.63796 4.63941 3.49711 25.53375
0.65566 25.44778 4.2159 4.17945 25.54699
0.60921 25.89342 4.27895 4.49769 24.78653
0.62033 26.08581 4.2261 4.4629 24.70105
0.64983 25.42731 4.54916 4.19177 25.25567
0.64925 27.82993 3.50648 3.41765 24.68852
0.48061 26.72384 3.57146 3.79364 25.4988
0.54473 26.37677 3.38057 4.29788 25.46694
0.48103 27.22283 3.91564 4.77712 23.74889
0.53117 26.94924 4.39186 5.19113 23.11184
0.54197 24.59567 5.39772 4.74532 24.84913
0.45615 25.74032 4.61643 4.32231 24.95075
0.5939 26.26629 3.98308 3.36809 25.84233
0.58474 26.82113 3.48235 3.88044 25.30154
0.48005 26.04 3.35935 3.77838 26.39395
0.61257 25.60253 4.03963 3.71162 26.09724
0.51932 25.68884 4.58964 3.615 25.6654
0.54287 26.0065 4.55747 3.43067 25.53705
0.74235 26.71271 5.15442 3.57939 23.9387
0.70835 27.46816 5.68737 3.74581 22.5945
0.77213 26.20622 6.04789 3.34421 23.77104
0.52131 25.45709 5.59004 3.72214 24.80952
0.49409 25.49708 5.19141 3.73701 25.19264
0.62605 23.72819 5.66478 3.90459 26.15232
0.61452 25.96011 4.12748 3.66272 25.69796
0.7363 26.87919 4.53774 3.62706 24.31853
0.79523 25.21835 4.51856 3.91178 25.63058
0.77786 26.01778 3.98715 3.87008 25.39533
0.52959 26.24691 4.01216 3.95669 25.32438
0.56979 26.42356 3.41256 3.71554 25.94138
0.75346 26.41957 3.93554 4.05799 24.90977
0.80244 27.59268 3.17704 3.74329 24.76725
0.66847 25.98957 3.7286 3.19797 26.462
0.84837 27.46004 3.65005 3.47412 24.66084
0.74357 27.07438 3.52868 4.02845 24.70716
0.76731 26.39056 3.35831 3.55702 25.98859
0.51116 25.47735 3.51606 4.59458 25.95204
0.69308 26.82394 3.19083 3.86607 25.49528
0.74064 26.06932 3.55352 4.56909 25.16815
0.73066 26.70608 3.41349 4.24468 24.99747
0.72804 25.7554 3.81297 4.10841 25.68087
0.57292 26.12557 4.09271 3.21576 26.0503
0.77295 25.84556 5.20134 2.98984 25.26827
0.61757 27.02432 4.69038 3.0361 24.73016
0.64783 24.88215 4.25123 3.08672 27.17451
0.68024 24.99258 3.52055 3.51727 27.33663
0.65281 26.98356 4.44289 3.50337 24.52179
0.70446 26.00669 4.02787 4.08008 25.26708
0.76688 25.03322 5.78533 3.33243 25.17816
0.6883 27.12292 5.83901 3.34299 23.14787
0.72881 25.68499 5.14387 2.96611 25.54565
0.64338 24.55278 4.90054 3.18814 26.77941
0.71855 26.282 4.40432 3.95561 24.75062
0.69175 26.12659 3.49688 3.86532 25.87005
0.67685 27.94943 3.22331 3.84239 24.40837
0.69249 26.17511 4.12276 3.92116 25.15838
0.70852 27.04373 3.97831 3.40762 24.95096
0.64579 28.14026 4.22762 3.66335 23.45008
0.57444 28.33553 5.50922 3.11846 22.69909
0.62126 26.13525 4.30889 3.83685 25.19516
0.64833 26.10528 3.31391 2.73332 27.23109
0.67931 27.20743 3.53814 2.86539 25.78496
0.8282 27.53407 4.01249 2.96331 24.74499
0.6362 27.39227 4.11305 3.04129 24.87874
0.64906 27.05709 4.84604 3.43071 24.11541
0.69661 26.80538 4.68778 2.84536 25.03293
0.69252 25.78741 4.04127 3.29168 26.23213
0.58449 25.51007 4.01108 2.70749 27.22767
0.71788 25.50908 4.33151 2.95654 26.52457
0.55082 26.06387 4.39881 3.93245 25.12357
0.58981 26.29269 4.34151 3.39358 25.44011
0.75396 26.7001 4.26094 3.43657 24.90046
0.67973 29.27998 3.45887 3.49445 23.20484
0.77886 25.39775 5.2177 4.01029 24.72259
0.8028 25.4795 4.28312 4.06472 25.45369
0.98727 26.53494 4.65525 3.57932 24.35605
0.98633 26.35364 4.63097 3.32284 24.79763
0.93698 25.0662 5.15857 2.86189 26.02548
0.6309 24.24351 5.41563 3.13374 26.62251
0.74256 26.39814 4.9578 3.52391 24.45795
0.62589 25.51279 5.10247 3.0951 25.71488
0.68943 23.96343 4.87457 3.08698 27.41942
0.48305 26.59305 3.54135 3.44978 25.99916
0.55315 24.35851 3.75433 3.27705 28.08792
0.63725 25.94673 3.91088 4.44266 25.12858
0.48236 25.46246 3.9954 3.59152 26.50729
0.60361 25.60077 4.31801 4.05845 25.48331
0.58872 26.14355 4.69826 3.9902 24.67511
0.66429 26.34965 4.86801 3.50646 24.73043
0.6374 25.53458 5.6933 3.40809 24.82729
0.69722 25.01746 4.71785 3.47758 26.13914
0.75779 27.72676 4.7825 3.79503 23.10119
0.57833 27.1293 4.30104 3.65228 24.44137
0.61378 24.31862 5.31831 3.97835 25.86711
0.81526 24.42377 4.64405 3.77288 26.43208
0.73072 22.90027 5.6039 4.44977 26.39159
0.90383 26.5392 5.08476 4.81503 22.8353
0.80793 26.77296 5.29564 3.77793 23.49848
0.732 27.16295 5.20932 3.31613 23.75492
0.58036 25.47719 4.86643 4.0666 25.09092
0.6302 25.66691 5.65672 2.96854 25.16367
0.66459 24.65769 5.84498 2.6552 26.24293
0.60633 25.56905 5.6086 2.96806 25.32932
0.73185 25.48594 6.19824 2.63003 25.03791
0.63409 25.936 4.61855 2.97913 25.89113
0.67821 26.9476 3.73079 4.22422 24.49098
0.62256 25.6745 2.95674 4.02429 26.75975
0.57423 25.6671 4.39899 3.61186 25.84551
0.66815 27.38338 4.19699 4.02986 23.86259
0.7426 27.71494 4.34698 4.01639 23.30622
0.79342 25.88479 4.35375 4.23025 24.82302
0.67847 26.33447 5.00618 3.42448 24.63462
0.81995 27.75094 4.35363 3.09981 24.08866
0.71692 26.63936 4.54815 2.85687 25.32556
0.71446 25.75584 4.50602 3.74874 25.33767
0.62123 25.9802 3.75744 3.67362 26.02525
0.74569 27.66754 3.806 4.25203 23.64223
0.53333 26.8001 4.44051 4.10908 24.24101
0.6435 26.25707 5.31204 3.10156 24.79812
0.71365 25.59822 5.04114 3.79054 24.96304
0.63864 26.4036 3.95869 3.559 25.53185
0.58579 26.57634 3.19844 4.27715 25.4418
0.62586 27.11876 3.18172 4.17198 24.98271
0.61132 27.75229 3.19002 4.1735 24.38619
0.57233 27.43564 3.31427 5.08009 23.70461
0.73484 27.63484 3.30365 4.70657 23.72854
0.69114 25.26794 4.0177 4.16134 25.94198
0.77235 25.59447 4.67479 4.97092 24.1198
0.62971 25.4583 4.5221 3.4304 26.02848
0.50935 26.06752 4.38438 3.32229 25.79924
0.70635 26.75976 4.59363 3.54147 24.48876
0.61042 26.17174 4.99215 3.05756 25.25768
0.61066 26.34306 5.40993 3.27911 24.47287
0.56308 26.63597 4.13265 3.29659 25.45635
0.41775 26.83088 4.80827 3.49505 24.58397
0.66639 27.45903 4.16617 3.91714 23.94634
0.89554 27.42428 4.58803 3.99905 23.25108
0.69755 27.12769 4.23337 3.43141 24.5949
0.81621 25.93269 4.82222 4.22572 24.31236
0.88341 26.25552 4.56876 4.39958 24.01306
0.87824 27.59899 4.13647 4.57525 22.94574
0.64163 25.90678 4.45038 3.72171 25.37933
0.6199 25.52052 3.91939 3.43282 26.56726
0.7332 24.71887 5.12828 3.23218 26.28533
0.80359 23.13383 4.73877 3.48368 27.89005
0.78494 26.76145 3.86077 3.45779 25.22909
0.7981 26.77578 5.00123 3.36832 24.20905
0.66367 24.97287 4.97472 3.89536 25.60002
0.69024 25.01897 4.93986 4.49759 24.94143
0.60644 27.72251 4.51676 4.49487 22.81239
0.65909 27.17921 5.25805 2.91501 24.08918
0.61723 26.39678 4.53011 2.64021 25.88434
0.78948 28.97517 4.45168 2.63278 23.31574
0.76845 26.52164 5.28124 3.42833 24.12221
0.82458 27.09774 4.7372 4.17226 23.29765
0.79579 27.40811 4.41184 3.97051 23.51492
0.5467 27.23692 4.61184 3.8586 23.85845
0.61153 26.03226 4.96657 3.93067 24.59072
0.58642 25.01773 4.42789 4.04478 25.98662
0.58278 26.11626 3.94356 3.14367 26.27159
0.53627 26.4522 3.588 3.36314 26.11517
0.54193 25.54263 4.53028 3.66119 25.79584
0.71494 26.24133 3.99974 4.19732 24.9553
0.67718 27.89622 5.23203 3.8814 22.58412
0.58473 26.30192 4.19808 3.75987 25.2524
0.52112 26.66146 4.11097 3.7554 25.05771
0.49103 24.36918 5.26509 4.3751 25.65397
0.71046 23.5855 5.1239 3.54932 27.1176
0.69229 25.22109 4.2673 3.41699 26.44913
0.62612 24.79703 4.02009 3.97305 26.6337
0.43146 25.39888 3.92226 3.89464 26.39147
0.67116 25.764 3.20698 3.61946 26.78757
0.6708 26.67427 4.04069 3.62893 25.06746
0.73957 26.08576 4.75559 3.42809 25.07758
0.88373 25.21273 5.78907 2.84343 25.39469
0.79656 26.28889 5.38363 2.75555 24.8728
0.62123 28.36232 3.76324 2.99165 24.37902
0.65525 26.28756 4.05359 3.96522 25.09583
0.73899 26.20801 5.09294 3.44933 24.58996
0.5596 25.59924 4.64153 3.87833 25.39189
0.61335 26.47109 4.42388 4.3376 24.23374
0.61046 27.78461 3.99823 3.84639 23.85974
0.64154 26.91521 3.80328 3.5553 25.14419
0.78436 25.29577 4.62622 3.27051 26.07792
0.83146 26.40228 5.75921 3.08817 24.03101
0.73708 26.48463 4.24768 3.32905 25.2785
0.71098 26.23862 3.82429 3.16352 26.11105
0.65911 26.30679 3.73571 3.47569 25.8772
0.74164 24.68497 4.17286 3.4255 27.01072
0.84403 24.83724 5.56654 2.98555 25.82578
0.74822 26.79658 4.26739 3.77805 24.48951
0.81514 25.23509 4.0862 3.11079 26.78744
0.80339 27.57234 4.28942 3.40816 24.02116
0.85126 27.22636 4.65069 3.70802 23.68071
0.83274 29.58336 4.00539 3.19225 22.52671
0.6987 27.35127 3.96765 3.20907 24.84651
0.9982 25.97715 4.66963 3.09081 25.35229
0.677 26.07821 4.02517 3.7068 25.57955
0.84718 27.04723 3.82717 2.94916 25.38129
0.88182 28.67018 3.29277 3.5324 23.74819
0.87082 27.9974 4.38251 3.53434 23.3267
0.87939 28.81501 4.40292 3.29142 22.7339
0.89982 27.96825 3.45383 3.14984 24.59343
0.68435 26.09191 3.91796 2.9936 26.36304
0.52862 26.82011 4.19867 2.33937 26.1617
0.75991 25.56834 3.78417 3.36191 26.57287
0.58467 26.4717 3.24805 3.21858 26.52184
0.72345 27.42485 3.37706 3.29174 25.24058
0.81811 27.28398 3.59488 2.64424 25.7105
0.81019 27.11183 4.04191 3.43317 24.68676
0.61009 26.44772 4.51985 4.20022 24.30763
0.66675 26.12762 4.89768 3.74074 24.6539
0.7273 26.75678 4.26888 4.07446 24.25382
0.74369 26.38103 4.5376 4.04294 24.37292
0.82259 25.03008 5.46053 3.7903 24.97111
0.70188 25.39671 5.35019 4.15319 24.47197
0.78485 26.38742 4.08663 3.32543 25.4747
0.57342 25.33212 4.41088 3.74318 25.98466
0.67747 24.88675 4.4893 3.73452 26.25086
0.70576 27.59506 4.07813 3.57887 24.13589
0.69749 25.00925 4.85764 3.48688 25.99861
0.72057 25.80234 4.67414 4.07526 24.84423
0.57108 24.52988 4.98876 4.01436 25.98726
0.64387 24.88778 3.80043 3.94683 26.77074
0.60893 25.57481 4.33802 4.29253 25.2607
0.6066 25.99843 4.39954 3.66381 25.401
0.57547 26.78861 4.77327 3.68406 24.27452
0.63322 26.2561 5.51006 3.27346 24.43158
0.5668 26.67594 5.36836 3.01836 24.47413
0.59063 26.74048 4.91024 2.96093 24.87275
0.67475 27.89547 4.60052 2.81823 24.09363
0.61805 25.62484 5.85146 4.13974 23.86119
0.53126 28.29224 4.2013 3.81698 23.29682
0.72232 25.67871 4.08585 3.77403 25.80182
0.67446 25.71015 4.81998 4.11069 24.7805
0.506 27.87676 3.71826 3.8031 24.1758
0.64039 27.60821 5.3969 3.58076 22.93563
0.51509 27.09473 4.32244 3.56612 24.55955
0.59077 28.24001 4.38382 3.55653 23.3761
0.67572 26.11012 4.68903 4.01998 24.59141
1.01071 26.0509 4.43434 3.70494 24.86672
0.92154 26.30155 4.01762 3.21638 25.61611
0.9725 24.2727 4.533 4.34145 25.95987
1.09918 24.06533 4.51167 4.49403 25.9352
0.98407 25.37191 4.45158 3.77391 25.50411
0.9821 25.84518 3.36335 3.29292 26.59561
0.90244 27.20616 3.09617 3.18691 25.67877
0.97405 25.09833 3.95692 2.99265 27.0336
1.02896 24.14287 4.22257 3.21623 27.47028
0.96146 24.57284 5.24744 3.3786 25.94521
0.81867 25.65549 5.8228 2.66879 25.11937
0.79659 26.19664 5.2039 3.05976 24.83525
0.94394 26.63067 4.39721 3.1769 24.94824
0.80488 26.49941 4.59289 3.4934 24.75161
0.87214 27.62429 3.7397 3.63618 24.24947
0.68745 27.27025 3.66131 3.79842 24.6669
0.74922 25.22027 3.95985 3.23707 26.87365
0.66238 26.92522 4.04615 3.84438 24.62634
0.76291 26.05483 3.56496 4.51106 25.17858
1.0246 26.72794 3.06292 3.98106 25.27468
0.71808 27.42333 3.75473 3.28277 24.89986
0.56418 26.46545 3.87798 3.75198 25.40462
0.65177 25.22474 4.57229 3.12198 26.48597
0.68514 25.93364 4.66082 3.35781 25.44965
0.66272 24.31865 5.1263 3.59283 26.36896
0.94422 25.37268 5.24414 2.86304 25.64245
0.84166 25.43459 4.12304 3.72899 25.92033
0.87494 26.71673 3.99599 3.55489 24.92269
0.73854 25.39473 4.53002 4.08805 25.30829
0.97287 24.99922 4.8763 3.94927 25.2769
1.15264 25.46574 4.80321 3.64716 25.01014
0.89772 26.72366 3.95184 4.55518 23.9547
0.91655 26.38252 4.13028 3.80993 24.8515
0.81986 26.93809 4.46526 3.67818 24.19594
0.74193 25.68411 5.09719 3.42378 25.12106
0.76625 28.02127 3.78033 3.41148 24.09968
0.82235 30.09541 4.01831 3.2587 21.98134
0.98358 26.98129 4.06756 3.59864 24.45018
0.71051 24.80651 4.22217 3.13144 27.15765
0.87303 27.09676 3.57327 2.62915 25.88334
0.72462 27.61462 4.2014 2.68801 24.86023
0.63506 25.68788 4.34485 3.58872 25.81413
0.86022 26.19814 4.22398 3.81004 24.9968
0.84115 27.51864 3.74529 3.7624 24.23027
0.80125 26.06554 4.66856 3.54164 25.01424
0.74655 25.55047 4.57837 3.00647 26.16501
0.8028 25.46951 4.46477 3.49612 25.80846
0.88393 26.42376 3.26111 3.88853 25.59281
0.79728 25.73265 4.37454 3.76682 25.38652
0.62478 24.41898 4.37957 3.92007 26.68862
0.5465 25.22502 4.06157 2.97131 27.22647
0.70385 25.96764 4.56116 3.17134 25.6374
0.79039 25.47538 5.37969 2.90585 25.51646
0.70765 27.93316 4.56002 3.27205 23.63096
0.88203 27.19239 3.27293 3.41544 25.29171
0.9141 26.16267 3.79549 4.5496 24.64659
0.83515 27.6548 3.6825 3.99817 23.94457
0.64129 26.60085 3.76604 3.87905 25.17446
0.7965 27.49109 3.03107 4.69149 24.06366
0.83958 26.41906 3.17316 4.8057 24.82066
0.73257 27.1008 3.36216 4.7946 24.08513
0.8405 28.01203 3.06093 4.03252 24.13314
0.8298 28.7108 3.07971 4.31437 23.15197
0.83998 27.97617 3.26173 3.44056 24.54158
0.67179 26.95081 4.3289 3.40583 24.71836
0.68833 25.47308 4.78817 3.56801 25.53499
0.58704 26.68781 4.73376 3.80846 24.26333
0.61661 24.74028 5.52729 2.93387 26.25911
0.85739 24.45277 5.0013 4.00869 25.77207
0.5536 25.2189 4.68772 4.15543 25.47793
0.67331 26.39789 4.43416 3.9128 24.67544
0.64657 26.4491 3.89489 3.90546 25.18455
0.79126 25.87964 3.9065 4.46581 25.04263
0.64876 26.49777 4.87685 3.31175 24.75406
0.6798 27.20508 5.08848 3.33532 23.8064
0.6899 27.34174 4.61039 3.04058 24.39326
0.70622 28.91166 3.59864 3.20726 23.68435
0.66716 28.57231 3.05856 3.98189 23.81985
0.88569 27.21806 3.46074 3.3908 25.12473
0.8595 25.63426 4.03588 3.40514 26.1315
1.02914 26.67171 4.51278 3.4778 24.43868
0.72043 26.36857 5.07605 3.42276 24.55021
0.94824 25.61312 5.24773 3.53327 24.75773
0.89163 25.72861 5.4045 3.30637 24.75721
0.76231 25.05918 5.16896 3.21832 25.86125
0.823 24.59268 5.53557 4.40195 24.7376
0.89371 26.34474 5.51738 4.13367 23.24671
1.03156 24.91657 6.66166 3.53564 24.00627
0.64632 24.16476 5.52266 4.05555 25.68608
0.66466 25.84373 5.67953 3.45422 24.4908
0.6744 26.11616 4.39173 3.82606 25.08262
0.75361 27.29163 3.85208 3.61495 24.57549
0.87244 26.1153 5.0092 2.66524 25.41294
0.64765 26.56719 4.38636 3.41101 25.07038
0.69433 27.50025 4.03414 3.1443 24.70413
0.74323 28.52914 3.60443 3.36588 23.86272
0.95068 27.30029 3.38297 4.27329 24.18726
0.76859 28.30366 3.19217 3.81406 23.99831
0.56873 29.29728 4.16597 3.14329 22.95347
0.70495 27.6468 4.53467 2.75794 24.43332
0.67429 27.37858 4.36014 3.09469 24.57814
0.84857 26.02649 4.10452 3.46041 25.63325
0.72815 27.25315 4.70313 3.29222 24.12603
0.79642 27.08845 4.56507 3.55001 24.12002
0.82721 25.19344 4.67381 3.71984 25.64243
0.74183 25.39778 5.20303 2.95036 25.82946
0.74525 26.72082 5.4223 3.66629 23.59281
0.63586 26.81756 5.1659 3.92569 23.63711
0.54689 26.9543 5.96573 4.14642 22.61252
0.56682 27.66328 4.87976 3.73828 23.27309
0.62864 26.68304 4.99145 4.1295 23.69752
0.60661 25.67405 4.96449 4.33775 24.51809
0.61267 25.59432 4.81916 4.44915 24.62443
0.63404 24.3293 4.96015 4.00775 26.15305
0.48658 28.3172 4.82531 4.4094 22.16619
0.58022 26.42342 3.9568 3.8881 25.21694
0.57649 26.33894 4.01524 4.45584 24.67571
0.61359 26.5739 3.76775 3.38516 25.70607
0.64637 26.81421 5.06023 4.34162 23.25669
0.65681 24.95635 5.42063 4.00364 25.03419
0.66439 26.32618 4.79183 3.90198 24.38664
0.84647 26.51852 4.07444 3.65016 24.98649
0.94047 26.47885 4.1212 3.28513 25.22457
0.78117 26.06791 3.80441 3.18773 26.19335
0.8755 25.7379 4.47481 2.91851 26.05428
0.7395 25.24673 5.63735 3.18766 25.27563
0.73313 24.8007 4.9808 4.76516 24.81302
0.94796 27.39187 4.06103 4.1259 23.64785
0.73829 28.14374 4.00455 2.90249 24.33262
0.68419 27.36973 3.98663 3.33485 24.70626
0.94837 25.4509 4.44685 3.41479 25.79717
0.68192 25.95157 3.8837 3.50346 26.02453
0.63497 27.97882 4.29961 3.35834 23.86071
0.77374 25.27666 4.47345 3.20625 26.31672
0.81039 27.24581 5.02897 3.15758 23.88561
0.65228 25.50355 5.30302 3.32094 25.29195
0.93589 25.8302 4.78342 3.51971 25.00917
0.87237 26.79548 4.20099 2.92156 25.27601
0.87812 26.16836 4.40615 3.41954 25.22631
0.90677 26.52718 3.57029 3.26877 25.80931
0.7509 27.45719 4.16791 4.0179 23.72693
0.75928 26.86979 4.49458 4.06127 23.91367
0.7868 27.10733 4.11053 4.26222 23.82844
0.80364 26.5221 4.05721 3.43638 25.246
0.86952 26.34529 3.88501 2.56266 26.38739
0.82032 26.3916 3.64115 3.1492 26.05121
0.62668 28.4914 3.7144 3.10367 24.16155
0.81313 25.3613 4.37767 3.07501 26.41531
0.7672 24.36629 4.74356 2.96699 27.19201
0.72356 23.91409 5.30869 3.37103 26.73231
0.59919 25.03995 4.82885 3.78961 25.81405
0.61715 26.02717 4.92843 3.41325 25.1084
0.57023 26.05319 4.51649 3.30857 25.62415
0.60221 26.7183 3.91365 3.23923 25.58144
0.61255 26.96312 3.10791 3.53669 25.8296
0.8232 27.4226 3.37732 3.31512 25.11799
0.69805 26.28426 4.26868 3.81603 25.00518
0.96399 26.56524 4.23137 4.09952 24.2574
0.71865 26.21111 3.53928 4.0984 25.50787
0.65582 28.16205 2.71445 3.44831 25.09545
0.74283 26.30819 3.43421 2.5215 27.03494
0.59532 26.30902 3.89648 2.99815 26.27128
0.66432 25.54002 5.07868 3.41406 25.44035
0.71178 27.6585 3.67606 3.26044 24.79493
0.63407 26.24238 3.85189 3.98264 25.36443
0.63911 24.38902 4.15089 3.72805 27.12996
0.69724 26.05107 4.66027 3.83948 24.84226
0.65435 24.86585 4.88339 4.06427 25.60797
0.59771 26.76703 3.77358 3.69145 25.25241
0.71153 26.2256 4.13934 3.49179 25.50024
0.68238 25.58756 4.571 3.12462 26.0932
0.61996 25.69259 4.07626 3.272 26.38703
0.67629 25.05062 3.63312 3.24169 27.43855
0.59847 27.57706 3.82349 3.5265 24.563
0.62516 29.26987 4.2828 3.56757 22.41503
0.53706 28.12621 4.45398 3.85584 23.16026
0.5212 26.87318 4.38181 3.3157 24.98625
0.52839 26.3066 4.27164 3.08221 25.88485
0.43996 27.02743 3.95909 3.03364 25.62819
0.56762 26.13655 4.62151 2.81968 25.91779
0.44877 25.34 3.80074 3.33677 27.12529
0.40692 25.66239 4.35899 3.20695 26.43562
0.49361 25.77333 3.97639 3.6859 26.1437
0.50879 29.10965 4.20224 4.06946 22.32431
0.68142 26.45411 4.55981 5.05582 23.38632
0.63741 26.40246 3.42722 4.33256 25.28405
0.72303 27.56703 4.17953 4.39788 23.273
0.88485 25.54263 5.62512 4.22323 23.95106
0.61004 25.63671 5.09536 4.13633 24.65189
0.74045 27.1221 4.18946 3.79475 24.26648
0.76162 29.45182 3.45563 3.37753 23.11474
0.73412 27.06064 3.5714 4.03387 24.70275
0.72777 27.86008 3.41745 3.9162 24.18252
0.50532 28.47106 3.62056 4.53449 23.01462
0.82377 26.7642 4.74007 4.6238 23.1899
0.66997 29.20308 4.48102 4.29529 21.61554
0.56908 25.49695 4.46328 3.87417 25.67326
0.6373 26.9913 4.19752 3.89097 24.36776
0.65229 25.56001 4.62337 3.40802 25.82458
0.54043 25.26506 4.31166 2.76907 27.1537
0.46374 25.61346 4.50026 3.51477 25.97147
0.51185 25.29032 4.18299 3.78745 26.27553
0.49127 27.65862 4.3702 3.70187 23.86686
0.5712 25.29209 4.76474 3.44115 25.98352
0.58482 26.96046 5.05911 3.61119 23.87792
0.66481 26.06898 5.17747 3.52029 24.65718
0.57154 26.23807 4.15454 2.8743 26.23283
0.64204 27.37784 4.18673 3.14924 24.74521
0.52594 25.14647 4.76252 3.52144 26.09662
0.66051 28.37237 3.85026 2.88273 24.33197
0.7389 27.52738 3.58732 3.51548 24.69775
0.75777 27.27744 3.57037 3.88813 24.59188
0.68346 25.50977 3.8755 4.4245 25.55648
0.91785 27.75538 3.95649 4.41298 23.06351
0.66525 26.7135 4.67588 3.7158 24.35252
0.59187 25.67481 4.51354 3.66465 25.65921
0.52326 27.26254 4.94518 3.1253 24.34488
0.53877 26.10717 4.48431 3.33279 25.64358
0.83942 25.15057 4.05934 3.09188 26.9031
0.7706 26.92289 4.46457 3.41099 24.49996
0.75816 26.01747 3.88067 3.15127 26.24225
0.78637 27.49548 3.7947 3.86331 24.17558
0.78119 26.7124 4.08612 4.00376 24.52098
0.6325 25.65699 4.51006 3.6663 25.59258
0.87757 27.05971 4.15411 3.44164 24.5346
0.71477 28.07559 4.01962 3.12442 24.16921
0.66975 26.86876 3.41495 4.0516 25.08659
0.49644 25.40041 4.85141 3.61152 25.74416
0.58948 26.37132 4.35608 3.60695 25.1569
0.55139 26.37393 4.7263 3.67762 24.78602
0.64006 24.74753 4.38252 4.83766 25.49269
0.76543 25.73947 4.06503 5.30299 24.24531
0.65573 25.59778 4.233 3.90161 25.69873
0.72001 26.59851 4.08841 3.35036 25.36088
0.70651 26.49704 4.36221 4.82946 23.75298
0.59795 24.71814 4.68617 4.71896 25.37494
0.65706 25.61958 4.72914 4.82582 24.30908
0.58749 26.19458 4.7494 4.84837 23.76102
0.64968 26.72452 4.34483 4.43545 23.97419
0.6548 27.06605 3.97583 4.36292 24.10929
0.65254 27.2352 3.33268 3.78886 25.07842
0.55544 27.92777 3.56055 4.38206 23.70353
0.55194 25.88825 3.26084 4.07254 26.2746
0.74786 26.74176 4.74214 4.51339 23.39099
0.67229 25.97718 5.29232 3.77347 24.36201
0.79705 25.57495 4.18954 4.68132 24.82279
0.70836 27.55564 4.59396 3.85122 23.39062
0.86293 26.27302 4.29816 3.02617 25.64178
0.76025 24.58399 5.17052 2.60689 26.94063
0.64494 24.29529 5.26028 3.29776 26.54958
0.60593 27.07924 4.96799 3.48072 23.95023
0.60358 28.19464 4.55713 3.68443 23.10402
0.68484 28.24701 4.57399 3.64814 22.98154
0.56228 27.30287 5.23654 3.74268 23.27107
0.78075 27.34111 4.56879 3.07831 24.32579
0.63253 27.99726 5.15805 3.26894 23.10816
0.75347 23.92049 5.36202 3.81809 26.22654
0.66867 24.40102 5.58846 3.26102 26.19365
0.56072 27.123 4.72642 3.95845 23.76212
0.56234 26.55971 4.35778 3.96928 24.61601
0.62742 27.077 4.02099 3.50652 24.84049
0.67267 25.99984 4.1376 3.28338 25.96561
0.76116 25.6463 4.31966 3.68264 25.64806
0.52162 27.89934 4.51121 3.38183 23.78642
0.58273 26.56063 4.09194 4.06799 24.75414
0.69797 25.54662 5.32324 4.00844 24.51238
0.76624 26.92463 3.91067 4.29956 24.17073
0.66336 24.96231 4.81207 3.47484 26.13344
0.6235 26.10751 4.40904 3.79482 25.12596
0.59657 25.58651 4.8192 3.3445 25.70417
0.71715 25.73415 4.16286 2.86401 26.56079
0.48811 24.45169 4.68929 2.60533 27.80575
0.58417 25.31396 5.44938 3.17073 25.55693
0.77901 24.3673 5.86525 2.84504 26.21208
0.75327 24.17933 6.06663 2.88732 26.17148
0.89064 24.74561 5.32082 3.21015 25.89104
0.94446 24.89762 5.85476 3.10634 25.27974
0.79816 26.46811 4.73117 3.16817 24.90478
0.96507 25.57709 5.09234 2.7142 25.7456
0.78639 26.51738 4.56844 3.11528 25.09998
0.91768 25.79462 4.87319 3.60091 24.90952
0.93389 25.04335 4.04627 3.83018 26.21596
0.80778 24.98429 3.60858 3.21482 27.44558
0.87907 23.74536 3.56008 2.63936 29.20916
0.67627 24.78409 3.80815 2.08209 28.67072
0.97993 25.4468 3.93496 2.79341 26.90576
0.988 25.78743 3.54171 3.13598 26.58931
0.74059 25.63548 5.07949 3.29369 25.3272
0.74976 26.04163 4.59645 3.36128 25.31912
0.83593 26.64603 4.90582 3.21881 24.52785
0.98251 27.68275 4.25364 3.66658 23.54279
0.79718 26.74078 4.13842 4.30625 24.10863
0.61732 27.0794 4.29398 3.6975 24.39937
0.59323 25.80325 4.61131 3.53002 25.53528
0.54804 26.79289 4.16693 3.68437 24.88703
0.62038 26.08188 3.88673 4.62147 24.88143
0.63472 26.00619 4.73381 4.20865 24.54445
0.8843 27.03454 4.83075 3.27913 24.08572
0.67204 25.99763 5.39697 3.91499 24.18688
0.81609 26.38525 3.84083 4.26228 24.78233
0.80976 27.16666 3.64643 3.96779 24.52306
0.76292 27.21242 3.84979 3.89814 24.38519
0.85039 26.23176 4.42475 4.01517 24.58078
0.81777 25.90189 4.62234 3.49623 25.25176
0.75355 24.89299 5.06501 3.78885 25.57735
0.86627 26.63601 3.87671 2.98387 25.71324
0.7421 27.5274 4.00022 2.95481 24.85728
0.66539 28.21912 4.05971 3.43865 23.70854
0.71316 27.78012 3.68054 3.63644 24.26099
0.76179 27.30364 3.94181 3.19532 24.86579
0.76822 26.37257 5.13824 3.34132 24.47725
0.63459 26.98763 5.14537 2.36599 24.95702
0.67424 26.67474 5.43042 2.96983 24.35904
0.84236 27.02046 5.67192 3.0585 23.54484
0.91636 25.89931 5.08662 3.39136 24.7733
0.83672 26.60746 3.94732 4.10795 24.59262
0.91391 25.93647 3.67878 3.94065 25.60895
0.9608 27.55472 3.04818 3.59147 24.92483
0.91673 26.97189 3.50332 3.47821 25.20458
0.56502 26.85003 3.02472 3.55008 26.06078
0.66616 27.27883 3.73095 3.6022 24.81845
0.52731 27.00537 4.84021 3.31292 24.43346
0.6445 25.98574 5.28093 3.0292 25.17506
0.75953 25.62384 4.57399 4.00769 25.12821
0.73016 25.71471 5.27523 4.00277 24.39796
0.82766 25.26766 5.12233 3.82028 25.03384
0.79575 25.59223 5.38731 3.89031 24.45964
0.83735 25.36311 4.07841 4.10087 25.68981
0.77649 27.04222 4.37068 3.80305 24.09732
0.91818 25.05712 4.39039 2.9901 26.69683
0.70584 25.12655 4.88978 3.94004 25.40483
0.69003 26.33435 4.98748 3.90532 24.18506
0.67469 26.32523 4.90328 3.51164 24.65896
0.74297 27.09353 4.57612 3.59436 24.07274
0.73169 27.49058 4.61058 3.83535 23.43722
0.86115 25.47777 4.02263 4.07174 25.64395
0.7601 25.81822 4.07234 4.34365 25.08859
1.03885 25.24793 4.31511 3.11774 26.35086
0.94089 25.83102 4.31111 3.17 25.82403
0.96523 28.21187 3.23434 3.33675 24.35862
1.10208 27.30425 5.03556 3.22157 23.52792
1.10719 27.25617 6.07541 3.03443 22.79396
1.13525 27.1577 4.84485 3.88054 23.19189
1.17605 25.38505 5.10027 3.76686 24.68842
0.88449 25.63054 5.30713 3.56837 24.68395
0.83098 25.57733 4.86522 3.46906 25.31876
0.85953 25.42957 4.91147 3.2786 25.60749
0.86747 26.03687 3.7692 3.20086 26.18018
0.68994 27.48689 3.67126 3.14667 25.06097
0.84258 27.20918 4.16716 3.24653 24.60652
0.75018 26.16884 4.47327 3.11788 25.5506
0.65314 28.04973 4.436 3.21135 23.75593
0.57886 26.23472 4.68266 3.51792 25.0945
0.80237 25.5983 5.10571 3.54025 25.09309
0.73639 26.3469 4.05398 3.57549 25.34693
0.77653 23.76225 4.24909 3.14359 28.11085
0.62835 26.33838 3.91245 2.7544 26.4311
0.57756 26.21947 3.99657 2.61676 26.65052
0.70021 27.03259 4.91689 3.08246 24.39193
0.74402 27.54453 3.9575 3.5826 24.28324
0.9248 26.09747 3.686 3.56508 25.77116
0.62798 26.19834 3.83039 2.96571 26.40711
0.64509 26.71471 3.9138 3.19143 25.58212
0.69455 27.07016 3.76391 3.43315 25.08546
0.72356 24.99307 4.62738 2.39966 27.29093
0.61956 26.7726 4.44201 2.98243 25.24146
0.48588 26.79946 3.70628 2.89247 26.1612
0.68061 26.81939 3.29369 3.32038 25.9272
0.68464 27.01614 3.8287 3.47079 25.06003
0.53606 25.06036 4.24257 2.89024 27.29566
0.54213 25.7482 4.06476 2.68979 26.98492
0.66346 26.11563 4.1551 2.69815 26.43255
0.752 24.93814 4.28888 2.72139 27.33973
0.56113 26.66722 3.85911 3.30601 25.66243
0.54493 26.26795 4.01097 3.23134 25.98739
0.54526 27.69704 3.83348 2.66748 25.33474
0.6441 27.95256 4.37226 2.7454 24.39924
0.57609 28.35899 3.50866 3.02487 24.63067
0.52663 29.10683 4.0584 2.62667 23.83643
0.55455 26.69227 4.65725 2.63603 25.56955
0.45128 29.12701 3.98069 2.882 23.76129
0.49291 27.89987 4.42946 3.31876 23.96601
0.44904 27.1121 2.89462 3.47694 26.11554
0.62086 26.54686 4.32274 3.64569 24.95116
0.78086 26.57642 4.11559 3.64426 24.95726
0.79189 26.09785 5.04184 3.59011 24.62866
0.64465 26.79444 5.25945 3.29923 24.11813
0.52072 27.96723 4.26018 3.15735 24.21195
0.77408 26.79055 4.5546 2.12791 25.81188
0.9418 27.82381 4.0328 3.08247 24.19776
0.70013 26.80772 4.59483 3.68292 24.29449
0.68462 27.77497 5.0908 3.05182 23.52055
0.78907 27.353 4.37132 2.83768 24.72362
0.69111 25.88345 3.94564 3.9164 25.60763
0.60135 25.59157 3.54999 3.30211 26.97887
0.90878 26.41653 3.81354 3.988 24.93561
0.86119 26.97295 4.46609 3.33232 24.50352
0.66246 27.28048 3.41794 4.05822 24.66296
0.67017 26.27584 4.67165 3.44982 25.01361
0.78872 28.56288 4.54277 3.47577 22.79906
0.68583 27.26908 4.7047 3.89116 23.59652
0.69365 27.59517 4.74259 4.08902 23.06042
0.657 27.95211 4.15484 4.07149 23.29107
0.71488 28.16379 3.044 4.61159 23.54432
0.6074 28.47167 3.67758 4.39701 22.97671
0.70788 27.96973 4.13667 3.78512 23.5089
0.64655 27.28562 3.4507 4.15897 24.53934
0.55084 26.05314 3.43618 3.67856 26.33583
0.45578 24.25849 4.51529 2.82616 27.96792
0.61528 24.34106 4.8582 3.48522 26.74199
0.60954 25.72989 3.87724 4.20824 25.65203
0.58847 27.89297 3.52991 4.31728 23.77631
0.82872 25.41846 4.53557 3.87333 25.43233
0.77552 25.96056 4.33375 4.51103 24.52809
0.68755 26.7716 3.70347 4.35217 24.58638
0.70649 27.63044 3.47405 3.07417 25.18521
0.81411 26.70765 3.67395 4.04625 24.87385
0.8058 28.17023 3.33181 4.40524 23.4134
0.78902 26.38161 3.65336 3.52101 25.71069
0.86151 25.8514 3.51004 3.67894 26.15059
0.9775 26.40947 4.43913 4.33193 23.96306
0.73403 25.50456 3.83575 3.51642 26.47998
0.72103 27.65875 5.33174 3.1315 23.29864
0.94806 26.70435 4.65164 3.60566 24.18553
0.74253 25.92881 4.49115 3.18469 25.71648
0.66768 26.85157 3.97867 4.0048 24.56954
0.50864 27.40763 3.74649 3.5715 24.84208
0.55384 27.22531 3.97246 3.8962 24.4333
0.64522 28.01791 4.09702 4.2465 23.11314
0.54673 25.06818 5.22607 3.83228 25.38626
0.57049 27.00779 5.3642 3.43577 23.73252
0.56135 27.88983 3.78264 4.16028 23.72064
0.56631 25.44181 3.86732 4.24689 25.91693
0.44102 27.24782 3.65165 4.36028 24.37391
0.46713 27.83571 4.16835 3.80896 23.82602
0.50603 28.56772 4.61301 3.62035 22.82942
0.77542 27.92298 3.64965 4.3338 23.43315
0.53674 28.6781 4.50835 4.35795 22.0971
0.84456 27.12043 5.00839 3.24363 23.89328
0.90643 26.16325 4.4721 3.87791 24.65512
0.83539 26.90775 3.35237 4.43881 24.52353
0.60168 26.30895 4.1173 3.15395 25.8706
0.66087 26.06711 5.31571 3.21636 24.84305
0.617 28.15781 4.562 3.78062 23.00686
0.66121 29.01437 4.09895 3.77404 22.58753
0.59372 27.13841 3.58485 3.75529 25.00004
0.6459 27.27058 3.52278 4.38929 24.27214
0.65249 26.90687 3.86478 3.78981 24.86185
0.81968 25.90015 4.36937 4.55407 24.45555
0.63711 24.62791 4.16961 3.27235 27.34246
0.50446 26.07597 4.0924 4.08467 25.30131
0.63017 24.72795 3.68915 3.8255 27.15593
0.51415 25.68382 4.45782 3.55909 25.84689
0.78594 25.10159 4.66907 3.33316 26.16944
0.52625 24.95105 4.04549 4.05505 26.47573
0.57494 26.25558 3.87297 3.96079 25.4022
0.61173 26.38361 4.49088 3.88316 24.7424
0.50829 26.90955 5.41866 3.60037 23.73684
0.58012 26.31965 4.98854 3.52102 24.68944
0.53446 27.2724 4.97309 4.37692 22.99309
0.61152 26.99511 4.70593 3.93245 23.86656
0.49056 26.43063 4.40514 4.0461 24.73154
0.56953 26.41009 4.98155 4.07572 24.06938
0.64492 25.66622 4.79939 4.1278 24.84877
0.50077 25.12233 5.66417 3.75167 25.08206
0.64378 25.94118 4.78885 3.52241 25.22279
0.66179 25.04577 5.25407 2.90172 26.21004
0.49573 24.87358 5.8732 3.11839 25.78637
0.65367 27.71037 4.13795 3.70067 23.9417
0.70511 26.79585 3.40022 4.31189 24.86972
0.67408 25.34562 3.67486 3.92627 26.42707
0.74841 24.55535 4.30235 3.6628 26.77641
0.7743 27.67858 4.24593 3.2498 24.19002
0.63408 26.62862 3.84905 3.54974 25.41523
0.67629 27.21775 3.96202 3.27969 24.93515
0.64046 27.65342 3.72498 4.16476 23.93085
0.67968 27.28966 3.76671 3.18917 25.13744
0.47466 27.09435 4.19218 3.19298 25.13295
0.58168 26.70383 4.07793 4.00189 24.71653
0.53216 24.81995 4.41547 3.11491 27.1655
0.6226 28.27004 4.45555 3.03797 23.76207
0.73988 25.11431 5.76485 2.68819 25.79748
0.56368 25.44033 4.91267 3.36989 25.82888
0.55559 27.24797 4.89275 3.43386 23.99937
0.7343 24.16065 4.16854 3.193 27.77983
0.75491 25.87644 4.74491 2.88571 25.81013
0.70024 26.11635 4.33694 3.91391 25.00567
0.74589 27.3689 3.47725 3.66046 24.79916
0.59555 28.52534 3.7336 3.65893 23.58263
0.64499 26.45785 4.39167 3.81134 24.77194
0.67162 26.40223 3.84519 3.62737 25.51076
0.68369 27.95153 3.18973 3.95745 24.30128
0.71795 26.90331 3.90209 3.84901 24.69115
0.594 26.81062 3.71137 3.54298 25.41075
0.6205 26.78133 4.19363 3.47117 25.0017
0.59287 26.09681 4.06409 2.61302 26.67417
0.47821 27.27961 3.96616 3.2146 25.13518
0.48889 26.60818 3.61917 3.81055 25.52818
0.71495 25.84073 3.71429 3.89914 25.88375
0.61071 24.77115 5.3237 3.66379 25.68828
0.58602 25.88872 5.00008 3.24338 25.33775
0.62384 24.89297 5.42324 3.55837 25.57348
0.69553 24.29359 6.18965 3.48486 25.4421
0.75245 23.12919 6.15478 4.0679 25.97797
0.79374 26.16704 4.816 4.16658 24.15584
0.75594 26.82048 4.45272 3.44716 24.60049
0.64989 24.51462 6.07686 2.61949 26.22536
0.91857 25.92771 4.13923 4.0163 25.06571
0.74253 26.51371 3.78491 4.34919 24.67945
0.81547 25.77429 5.10791 4.21523 24.18874
0.9519 24.80412 4.35294 3.87228 26.09852
0.92196 25.6427 4.68223 3.69534 25.1578
0.83432 26.123 3.89983 3.86357 25.35335
0.96217 25.22337 3.28165 4.3958 26.19189
0.83733 28.01875 3.3905 3.33919 24.49977
0.86134 26.9442 4.90827 3.58883 23.80477
0.74733 27.10268 4.96049 3.87801 23.44778
0.93552 24.66941 4.98367 4.24294 25.25001
1.08691 26.21902 4.3411 3.71037 24.74572
0.70445 28.51895 4.27528 3.75366 22.87543
0.57468 28.1946 3.41368 5.15891 22.77848
0.7171 27.57012 4.30252 3.62735 23.89526
0.70881 25.82874 3.6442 2.79426 27.06192
0.77643 25.98931 3.84749 2.65129 26.78736
0.573 25.08259 3.70281 3.29306 27.38726
0.55889 26.12812 3.56817 3.53782 26.25697
0.64438 27.73494 3.9423 3.97771 23.81419
0.78277 26.16293 4.15866 4.92744 24.06895
0.86342 27.09989 3.95163 4.54334 23.64605
0.87916 25.36075 4.57808 4.56798 24.69817
0.84765 25.4988 5.06016 3.18292 25.48491
0.68868 26.83665 4.22443 3.18092 25.13466
0.8432 26.08459 4.06069 4.06861 25.01487
0.666 26.69993 3.65791 3.61894 25.40745
0.58573 26.82326 3.89308 3.50631 25.25949
0.57744 27.34836 3.44294 3.4971 25.19241
0.62496 26.41284 3.16004 3.90333 25.95949
0.5207 25.36217 3.76383 3.72261 26.67267
0.51705 25.60397 4.64795 3.50654 25.79593
0.49862 26.00017 5.18797 2.9971 25.39437
0.45484 26.89514 4.78348 3.81361 24.19517
0.63113 26.7416 4.46596 4.48516 23.78493
0.59099 26.57891 4.32625 3.68778 24.89757
0.54914 25.1529 4.31691 3.3053 26.73203
0.61889 25.46211 4.48528 3.12485 26.35922
0.56196 23.1886 4.41361 4.09198 27.76675
0.35458 23.87664 4.75662 2.64702 28.39181
0.43348 24.51114 4.22959 2.99296 27.86182
0.42977 24.10848 4.5856 3.06239 27.85327
0.47681 24.97341 4.96652 3.77383 25.88486
0.51439 25.34849 5.2046 4.04788 24.94936
0.44865 25.93239 4.66954 3.42841 25.57129
0.54116 25.34154 5.63953 3.6443 24.90989
0.74238 24.14603 5.79447 3.78789 25.60536
0.7034 25.51777 4.41393 3.94228 25.48867
0.68134 23.63755 5.08531 2.93796 27.69284
0.71744 24.61646 5.57588 2.88563 26.24658
0.55653 27.69293 4.26945 3.14221 24.40477
0.61415 26.42165 4.49405 2.95702 25.56292
0.62062 26.18927 3.72275 2.65997 26.84016
0.7273 25.55186 3.92283 2.30225 27.51891
0.7152 25.66875 4.15419 2.65011 26.84096
0.61689 26.15489 4.01601 2.85334 26.3945
0.52812 28.05292 3.58378 3.23129 24.68247
0.73767 25.94798 3.39409 3.95403 26.01955
0.88371 26.28394 3.84917 3.3035 25.7222
0.91224 27.24852 4.34278 3.26299 24.3509
0.78392 27.06836 2.99256 4.6951 24.53544
0.82003 27.59046 3.7796 3.72921 24.18597
0.78791 25.82576 4.17244 3.69231 25.58882
0.74564 25.47402 4.11102 3.50529 26.22058
0.78983 25.367 3.80151 3.54074 26.53933
0.59091 26.03036 4.17018 2.96581 26.29683
0.51143 27.80369 3.71349 3.19879 24.84271
0.56195 26.42441 3.59344 3.13221 26.34231
0.45773 28.35337 3.96433 3.04206 24.2801
0.67127 28.32075 4.58851 2.57917 23.97479
0.56628 26.94323 4.49416 2.75542 25.32688
0.51098 26.45329 4.92538 3.03524 25.18115
0.67402 26.37569 4.59 3.26643 25.16399
0.66149 26.14764 4.48754 2.95962 25.79076
0.68194 25.02658 4.30265 3.36233 26.66955
0.53298 26.92827 3.43368 3.80336 25.35534
0.67557 26.47222 3.86049 2.96875 26.075
0.57423 25.92333 4.10044 3.41296 26.06338
0.79624 28.03457 3.16694 3.05014 25.02171
0.87595 25.83824 4.2225 3.61464 25.50282
0.68319 27.50621 3.64388 3.14575 25.08425
0.82332 27.81407 4.47318 3.35622 23.62298
0.69692 28.85316 4.02818 3.46576 23.09265
0.75222 27.09521 3.33646 2.86087 25.99446
0.85435 26.54995 3.2731 2.62382 26.72982
0.44637 25.07035 4.51129 2.62244 27.38162
0.46984 26.39063 4.64023 2.90439 25.6759
0.60885 25.80806 4.51667 3.29814 25.83795
0.63213 27.18712 4.64197 3.60456 24.02938
0.82008 27.91836 5.01951 3.2156 23.17025
0.58807 27.34085 4.87634 2.78614 24.50088
0.54497 26.3027 5.69435 2.73262 24.80649
0.4941 26.15419 3.74333 2.90255 26.74188
0.55246 27.1439 3.68091 3.82484 24.86263
0.52147 25.92721 4.19594 3.40961 25.98758
0.52448 27.17915 4.22187 4.09618 24.08276
0.52817 28.84827 3.84247 3.61393 23.2677
0.77012 25.34158 4.86742 3.54052 25.53543
0.758 28.17764 4.66022 3.2945 23.22383
0.77599 27.92455 4.37435 4.06435 23.01192
0.76487 26.66566 3.47267 2.80434 26.33746
0.76562 29.45222 3.37785 3.5334 22.99838
1.02977 26.00243 3.91422 4.45435 24.68827
0.96358 26.60671 3.52326 4.03528 24.92113
1.01913 26.32475 3.59112 3.56092 25.5483
1.0532 28.46014 3.43212 3.26792 23.87653
0.96715 27.59412 4.01775 3.30255 24.21558
1.11488 26.43772 4.20881 3.2021 25.12075
0.97677 26.88037 4.77091 3.07523 24.39092
0.86627 25.72341 4.60549 3.31986 25.55415
0.80695 25.94481 4.55895 3.85747 24.92056
0.85716 23.79285 5.5422 3.44618 26.41558
0.85901 25.85747 4.83238 3.56057 24.97166
0.93158 26.51418 4.59309 3.35251 24.69014
0.86943 25.2637 4.72072 3.1294 26.08235
0.85287 24.75152 4.90547 3.48511 26.0584
0.7465 25.44167 5.08691 3.32386 25.47195
0.80945 26.09063 4.1439 5.07364 23.99797
0.7267 27.15759 3.7481 5.00936 23.4962
0.7393 26.23023 4.96922 4.26689 23.92219
0.81201 25.06402 4.77052 4.00084 25.44521
0.77375 25.87657 4.2909 4.13769 25.01257
0.76154 25.81106 4.77218 4.57288 24.19749
0.73274 26.74609 5.11922 3.68482 23.83831
0.87243 26.70744 4.26909 4.38631 23.90783
0.85749 27.45173 3.22478 4.56496 24.05141
0.61981 26.26388 3.04887 3.8955 26.26889
0.55294 26.78959 3.25196 3.71836 25.81115
0.50101 26.2254 3.30429 3.22531 26.80234
0.5111 26.04389 4.13063 2.8418 26.53743
0.58589 27.16527 4.7421 2.19869 25.41275
0.6754 27.85484 3.5117 2.7459 25.31748
0.82224 25.63543 3.975 3.13448 26.47686
0.86426 25.60642 4.80951 2.98001 25.80204
0.70275 26.37325 4.81901 2.70965 25.47768
0.67209 25.14121 4.53381 3.52869 26.17552
0.55477 25.10425 4.55618 3.53684 26.29772
0.75864 25.99392 4.75638 4.21474 24.36827
0.72269 26.48798 3.8709 4.09801 24.89191
0.80301 25.67358 4.99064 3.33766 25.27411
0.69665 27.33125 4.29169 4.38352 23.41702
0.77068 27.05377 4.3334 3.8141 24.13219
0.7712 26.80692 4.75268 2.87247 24.87787
0.60018 24.99327 5.1678 4.22939 25.1361
0.58254 24.51237 5.53298 4.19796 25.29598
0.67593 24.82548 5.68616 3.73764 25.16712
0.66542 25.63009 5.45783 4.28048 24.09845
0.68236 26.90641 5.79048 4.66206 22.21845
0.57995 24.26181 4.63777 4.76574 25.81882
0.61154 25.36851 4.28188 3.52393 26.29556
0.53037 25.09583 4.20634 3.78203 26.44647
0.56772 25.56843 5.25942 4.22732 24.47367
0.71214 27.0331 3.67197 4.37327 24.3129
0.55671 27.24965 3.67854 3.39232 25.21879
0.56745 25.66237 4.0479 3.54781 26.23209
0.49574 25.35473 3.37085 3.9376 26.88184
0.5497 26.01949 4.2679 4.07107 25.16259
0.58523 26.84169 3.98171 5.33211 23.39345
0.52065 26.17717 4.08464 4.12483 25.16866
0.48415 27.5926 4.1959 3.36595 24.43848
0.49826 27.23483 3.51034 3.42353 25.40382
0.57638 26.82765 3.52138 4.44164 24.70562
0.51036 28.49426 2.94952 4.10284 24.02971
0.52336 29.39538 3.34168 3.37581 23.45912
0.5609 28.82468 2.8679 3.82094 24.01418
0.51542 26.73169 3.19732 4.1986 25.41997
0.46674 26.23632 3.48816 4.22015 25.63656
0.57085 25.59808 3.97209 3.57802 26.31695
0.74626 28.70323 3.71046 3.65673 23.32392
0.65783 27.0392 3.68209 3.02639 25.68333
0.59627 29.09633 4.2599 3.7619 22.43712
0.67856 25.81297 3.9787 3.31785 26.24945
0.60918 27.22685 3.68375 3.90691 24.63293
0.82596 26.94364 4.01555 3.47755 24.81198
0.72844 25.96535 4.64327 2.81146 25.909
0.64231 25.00721 4.35398 3.24854 26.79944
0.68409 26.70974 4.10676 3.77058 24.82957
0.69808 27.44452 3.59467 3.36143 24.97442
0.58492 26.28237 3.38294 3.20081 26.61428
0.64052 26.25947 3.59228 3.55663 26.00317
0.67105 25.12809 3.54913 3.6764 27.02063
0.46189 25.9563 4.19485 3.41357 26.03849
0.48711 25.07738 4.22156 3.43852 26.86508
0.70698 25.01319 4.68733 3.86984 25.79032
0.94745 25.43713 4.77192 4.28186 24.65906
0.79418 26.53453 4.77842 3.92974 24.05883
0.76323 26.76283 4.06569 4.53827 23.96033
0.69747 26.64799 3.96376 4.30775 24.46894
0.75131 27.01203 4.26297 3.66271 24.40865
0.73546 25.51325 4.07955 4.03198 25.71959
0.65813 26.45036 4.11787 3.8055 25.03822
0.60148 26.69539 4.81086 3.52007 24.51715
0.62194 25.20922 3.84069 4.13473 26.31278
0.7496 25.29409 4.12139 3.03265 26.91808
0.64518 28.73875 3.40199 3.11872 24.21953
0.57312 25.33349 5.24385 3.36004 25.608
0.51224 27.3495 4.58714 2.74715 24.8948
0.61068 26.80391 5.51214 3.36276 23.862
0.53483 25.41072 4.20629 3.63379 26.26744
0.5892 27.72043 3.7133 2.99853 25.05214
0.74147 26.21855 4.10294 2.75369 26.23382
0.59871 26.27508 4.44824 2.80958 25.93635
0.6292 27.86654 4.3635 3.74645 23.52947
