"V1" "V2" "V3" "V4" "V5"
0.83498 20.47767 8.42841 7.52447 22.9679
0.80222 20.01562 8.47851 7.65551 23.29843
0.78399 20.56749 8.74118 7.20753 22.95767
0.81239 21.30744 9.16204 6.74871 22.21389
0.82236 20.09683 9.02318 7.07148 23.18123
0.61476 19.88685 7.90481 8.12814 23.62822
0.73416 19.61317 9.58357 7.6802 22.67464
0.95287 20.55014 9.08101 8.45074 21.28936
0.84992 20.70675 8.15659 8.26599 22.18098
0.73885 21.40067 8.4199 7.62681 22.0465
0.6837 21.6285 8.51972 7.6984 21.71464
0.66154 21.351 8.8373 7.49492 21.90743
0.75516 20.45732 9.72073 7.38688 22.0914
0.82408 20.4087 9.11741 7.88493 22.03472
0.78802 20.68349 9.20334 7.08948 22.48373
0.91486 21.3708 8.10409 6.9862 22.77586
0.82404 21.28381 9.27326 7.749 21.25576
0.9483 20.18184 8.31759 8.58624 22.23198
1.0478 20.52519 7.85522 8.07665 22.76816
0.97906 21.2932 8.55232 7.63062 21.96899
0.9537 21.37498 8.63001 7.57968 21.89623
0.95934 20.88917 8.84832 7.92816 21.74965
1.00161 21.25655 9.32202 7.65461 21.15243
1.14982 21.16679 8.4215 7.79268 21.82398
1.08082 21.12163 7.89087 7.61435 22.45928
0.99051 21.38655 7.95421 7.7004 22.16037
1.05627 21.06408 7.99728 7.92493 22.17646
0.94997 20.2372 8.86114 7.93952 22.26659
0.87512 19.95778 9.53909 8.2327 21.75799
0.72757 20.65168 9.13441 7.93158 21.92242
0.78502 21.05473 9.00984 7.64446 21.83428
0.92265 21.34844 8.49274 7.57799 21.84464
0.83556 21.14363 9.32472 7.32726 21.6372
0.96818 20.94464 8.37759 8.1275 21.92408
1.00824 19.9415 8.65822 7.73168 22.89569
0.89644 20.89921 8.33501 7.67985 22.36885
0.96774 20.62549 8.38386 7.74143 22.49158
0.91478 20.43217 8.24252 8.08488 22.521
0.86729 20.93387 8.91083 7.60334 22.0171
0.90967 20.37138 9.38114 7.84509 21.78171
0.91393 20.4141 8.97837 8.27007 21.73064
0.86463 19.93613 8.87786 7.92467 22.65693
0.77647 20.96303 8.08938 7.62746 22.74681
0.8193 21.55005 7.36745 7.7613 22.61891
0.85608 22.19799 7.60776 7.23466 22.25849
1.01764 21.90123 8.11734 6.87849 22.25767
0.95266 20.64258 8.91587 7.33633 22.35635
0.94553 22.15133 8.7744 7.6386 20.81548
0.92039 20.35005 9.48568 7.1319 22.34356
1.04802 20.72567 9.03954 7.6418 21.75766
1.12248 20.35903 8.66283 7.94654 22.05867
0.94962 20.94364 8.84527 8.00735 21.4566
0.83345 20.78645 10.02198 8.46168 20.42683
1.00372 20.99477 9.24195 8.89246 20.38561
0.99528 21.03133 8.90171 7.65504 21.67719
0.8638 22.03176 8.19986 8.08805 21.18568
0.75946 21.40536 8.04595 8.28232 21.89105
0.78835 22.19897 7.40014 8.24614 21.69047
0.58099 22.1925 7.42716 8.40128 21.7835
0.67855 22.64016 7.78819 7.75257 21.49914
0.83489 21.96724 9.00118 7.25708 21.31586
0.77873 21.83397 8.49191 6.98468 22.16455
0.95869 21.30789 8.29701 7.61196 22.03238
0.79691 21.11534 8.18254 7.75151 22.36365
0.81566 20.71986 8.74664 8.08472 21.92245
0.74385 21.09428 8.9006 7.86158 21.82808
0.78164 21.1797 8.71476 8.12501 21.58675
0.78887 21.18804 8.48583 8.17434 21.70097
0.84697 22.48434 8.20698 7.96114 20.83789
0.83498 22.69694 8.65479 7.99579 20.31549
0.97516 21.65725 8.31048 7.78558 21.60048
0.8812 20.99616 8.71144 8.25482 21.46617
0.83049 21.58989 8.75895 8.11333 21.12058
0.72357 21.02152 8.60792 9.02558 20.97734
0.69679 20.91881 8.10994 9.11633 21.51416
0.94335 20.67884 8.74434 8.44512 21.56629
0.89599 20.62242 8.30736 8.90185 21.63765
0.92305 20.70571 7.84529 8.47758 22.2458
0.86741 20.17488 8.73464 8.34771 22.1402
0.81385 21.26556 8.39504 8.72182 21.16329
0.79333 20.30696 8.39235 8.78913 21.96076
0.78834 20.87425 7.76309 8.80072 21.97454
0.79268 21.79378 8.0061 7.69827 21.97105
0.79441 20.89065 8.62871 8.24402 21.76816
0.81671 20.71215 8.29836 8.40745 22.0038
0.82895 21.08582 8.84566 7.76115 21.71362
0.86773 20.33273 9.10535 7.77638 22.14295
0.84689 21.62612 9.22805 7.38449 21.2389
0.768 20.01024 9.58577 8.52224 21.52936
0.81808 21.27594 7.95063 8.43375 21.75987
0.76099 21.58589 7.26911 8.21201 22.34934
0.75027 22.01814 8.12982 7.51571 21.82316
0.93251 21.13089 8.86694 7.97095 21.48411
0.99105 20.89622 8.26692 8.73032 21.42988
1.00124 20.89098 8.436 8.22719 21.69092
0.85446 20.18126 9.29492 8.44032 21.46739
0.84597 19.80875 9.53965 7.97415 22.11761
0.76971 19.79957 8.79907 8.7866 22.16622
0.7469 20.34614 9.53124 7.89561 21.88093
0.78068 21.30127 8.95305 7.70332 21.62377
0.82469 20.81722 9.8539 6.72618 22.20887
0.88495 20.72016 9.60202 7.36614 21.86238
0.97128 22.22457 8.61249 7.19207 21.40948
0.82277 21.55963 7.95625 7.83945 22.01212
1.01222 21.30003 8.09945 8.12014 21.68386
0.79735 20.70459 7.90575 7.99571 22.74409
0.85718 20.4634 8.11584 7.86503 22.88838
0.76629 21.26538 7.96352 7.99557 22.18122
0.92181 20.971 8.8502 7.19064 22.36457
0.81462 20.49128 8.26912 8.27544 22.38893
0.75751 19.51692 7.95747 7.82512 24.04904
0.89883 21.02714 8.88789 7.63321 21.80617
0.93295 20.66049 8.68632 7.61052 22.36336
0.80101 20.99292 7.09885 7.67958 23.51501
0.79455 20.91016 7.63068 7.80789 22.97705
0.91468 20.20941 7.72878 7.67431 23.57101
0.89943 20.19649 7.7384 7.69211 23.58114
0.82124 21.69643 7.63618 7.63692 22.38257
0.915 21.13194 6.97354 7.81529 23.25311
0.68456 21.7692 7.5126 7.74157 22.43128
0.76505 21.68986 6.94692 7.9941 22.74225
0.75517 21.24793 7.84261 7.70224 22.59554
0.74232 21.33729 7.80278 8.27367 22.02863
0.84579 19.98579 8.78899 8.35311 22.28699
0.84317 20.70894 8.78536 7.60795 22.28094
0.94114 21.06273 8.20956 8.25194 21.77196
1.00667 20.82136 7.30058 8.48211 22.53315
0.91509 20.5039 7.81145 8.1397 22.77714
0.77476 21.0713 7.71191 7.72424 22.84409
0.76068 21.31995 8.0462 7.58107 22.42925
0.69584 20.43098 9.16151 8.0856 21.8473
0.75175 20.34896 8.60727 7.49367 22.9449
0.70099 20.77097 8.61382 7.86067 22.26878
0.7289 21.0094 8.62559 7.54936 22.33489
0.80952 20.92459 7.49937 8.39205 22.53984
0.71181 21.27047 8.13524 8.20888 21.92318
0.65055 20.66533 8.27473 8.70551 21.95033
0.78112 20.74045 9.04848 8.61478 21.15493
0.70176 21.72894 8.42402 8.16933 21.37957
0.70326 21.84345 8.68827 8.10535 21.06694
0.80452 20.18343 8.71327 8.96269 21.67767
0.74969 20.58891 8.37751 9.61868 21.0667
0.76916 20.70232 8.79971 9.01364 21.15623
0.78607 20.78795 9.82847 8.57458 20.75973
0.75211 20.72104 9.3866 8.39828 21.36009
0.70051 19.76756 9.72469 8.76644 21.66137
0.84132 20.68281 8.48127 8.46594 21.94857
0.78949 20.927 8.3107 8.79556 21.61654
0.73953 21.8958 7.8076 7.9264 22.05073
0.85242 21.59004 8.03873 8.16217 21.61969
0.66803 22.64859 8.16961 8.11551 20.76833
0.69916 21.64828 8.80855 7.6374 21.57479
0.85584 20.8576 9.14606 8.36293 21.22865
0.86826 21.36643 9.31279 8.33727 20.48422
0.67989 21.32834 8.80782 7.95235 21.58961
0.75567 20.29997 8.6086 8.93365 21.6815
0.79829 20.65825 8.43363 8.38925 21.97824
0.75766 20.70716 9.81078 8.0275 21.27207
0.67592 21.63762 8.78193 8.36636 21.01342
0.78495 21.17261 9.12599 8.04769 21.29586
0.73353 21.79415 8.01394 8.42355 21.29241
0.716 21.10655 7.86509 8.6425 21.85469
0.89498 20.18631 8.33546 8.34217 22.43348
0.76957 20.21468 8.84507 8.07298 22.33172
0.87249 20.85242 8.43351 8.02937 22.00332
0.8719 21.16218 8.47093 8.00443 21.68455
0.92885 21.71027 8.89229 7.83408 21.02237
0.86145 21.59185 8.91352 8.10032 21.02241
0.87017 21.30785 8.71194 8.30102 21.15474
0.94766 20.61887 8.80641 8.07887 21.85264
0.86186 20.31787 10.06903 8.243 20.97711
0.89261 20.57748 8.9876 7.77395 22.10065
0.87405 21.33708 8.78362 7.83211 21.60659
0.98387 20.01745 8.9537 8.29661 22.13976
0.928 20.86914 9.19114 8.13655 21.25659
0.79579 20.28902 8.6115 8.16387 22.38017
0.82684 20.61577 8.33153 8.14821 22.37523
0.89174 20.45058 9.26563 8.16818 21.55453
0.77072 21.18676 8.36723 8.0201 21.92489
0.82622 21.29668 8.56163 8.60989 21.1563
0.72104 20.9443 9.69524 8.32775 20.79563
0.89994 21.01865 8.78349 8.06691 21.58032
0.79201 20.83387 8.51202 8.10499 22.03469
0.75744 20.95117 8.19392 7.87569 22.48944
0.62034 21.14626 8.76832 8.44104 21.3712
0.72219 20.4992 8.48258 9.01612 21.60623
0.89644 20.27795 8.71031 8.41487 21.99409
0.78018 21.41032 8.92491 7.63527 21.6171
0.787 19.77948 9.89563 8.94892 21.01593
0.83654 20.27856 10.31172 8.24441 21.0083
0.85981 19.90166 9.22183 8.46563 21.89722
0.76582 21.01726 9.16996 8.33561 21.23924
0.68481 20.66437 8.97285 8.31444 21.70963
0.72673 20.66515 9.27291 8.12499 21.73962
0.88553 19.9978 9.67881 8.29734 21.66018
0.7141 19.94186 9.89233 8.51676 21.45926
0.83849 20.53137 9.22776 8.15125 21.66238
0.81282 20.3186 9.39904 7.88447 21.91899
0.76261 21.057 8.5728 8.61674 21.33621
0.86391 20.52489 8.73587 8.75897 21.43658
0.73749 21.80694 8.07367 8.1512 21.44061
0.6854 21.26653 8.34292 8.43709 21.54468
0.7791 21.34131 8.45488 8.10879 21.64666
0.83016 21.32462 9.29478 8.3764 20.60837
0.7094 20.74094 9.01038 7.98371 21.86578
0.71484 20.96636 8.26174 8.6822 21.5978
0.77879 21.15935 8.11015 8.71735 21.55065
0.75689 20.08507 9.43091 8.7145 21.5073
0.69727 20.8435 9.13369 7.7959 21.95595
0.68529 21.17467 8.04733 7.67351 22.69949
0.58575 21.16426 8.53967 7.96804 22.06868
0.70171 21.01489 8.68341 8.12659 21.85455
0.78881 21.19743 8.30155 8.40113 21.75099
0.84287 20.93829 8.50431 8.88466 21.298
0.77849 21.50502 8.3376 7.88093 21.84145
0.80584 20.61549 9.00863 8.54543 21.51026
0.80025 20.12665 9.36421 8.53764 21.81687
0.94366 19.74447 9.75703 8.49008 21.63665
0.9352 19.56375 10.13735 8.40436 21.43887
0.83955 20.87925 9.26219 8.4183 21.17391
0.71075 20.79012 9.05787 8.68979 21.07496
0.93609 20.49249 7.98359 8.94499 21.91803
0.98767 20.76885 8.81119 8.37526 21.45408
1.00309 20.85916 9.18084 8.23438 21.07548
1.03018 21.40335 8.80827 7.35635 21.77885
1.05209 20.62838 8.82307 7.8902 21.92969
0.95031 20.76727 8.71864 8.29763 21.65064
0.94971 20.59267 7.9482 8.30862 22.39421
0.8408 21.92924 7.79991 7.71053 21.94274
0.81034 20.97107 8.7017 8.18671 21.61611
0.99789 21.09455 8.0663 8.11367 21.94016
0.92952 20.48717 8.08563 7.91783 22.71105
0.89731 21.57288 8.26526 7.94246 21.55552
0.89821 20.83283 8.51968 7.52601 22.45451
0.77418 22.05326 7.88028 8.03537 21.49445
0.75949 21.35754 7.68117 7.97557 22.36824
0.66215 21.81994 8.38363 8.06123 21.32161
0.81744 20.2356 9.34207 8.03368 21.94714
0.81251 20.03636 8.78018 8.34664 22.23319
0.84913 20.36497 9.0111 8.2874 21.71601
0.77008 20.13509 8.96755 8.16672 22.22138
0.75681 21.01388 9.08114 7.00452 22.30503
0.77307 21.58988 8.11301 7.53889 22.13669
0.86297 20.836 8.25399 8.20453 22.07712
0.71734 21.63319 7.68028 7.42415 22.71003
0.71363 21.66293 8.13561 7.58841 22.14801
0.76214 21.69083 8.7276 7.79516 21.55259
0.74728 21.7435 8.71443 7.60116 21.58874
0.80094 21.65258 7.96068 7.62 22.1665
0.79905 21.83874 7.28003 8.30675 21.96558
0.77201 21.56307 8.34334 7.73603 21.80348
0.83902 21.55233 8.03319 7.92327 21.87705
0.88969 20.87928 8.09851 8.81198 21.55914
0.78373 20.55115 8.30953 8.19013 22.40019
0.73074 20.70881 7.88358 7.93519 22.94757
0.80395 21.44642 7.69989 8.45346 21.84155
0.80892 20.67089 8.07819 8.17672 22.55703
0.90906 22.40554 7.84105 7.58595 21.50085
0.87447 21.56478 7.64109 8.33332 21.82977
0.91629 21.62929 8.13361 7.68635 21.93089
0.82489 20.54596 8.97385 8.22627 21.70123
0.94537 21.44639 8.09479 8.22433 21.53217
0.7095 21.45504 8.1608 8.18656 21.69509
0.7083 20.93847 7.50654 8.42134 22.54883
0.83157 21.2447 7.94938 8.12637 22.0358
0.81775 21.27709 8.5134 8.31957 21.26197
0.95999 20.54708 8.26856 7.77707 22.59418
0.84093 20.1906 7.98743 8.65249 22.45204
0.81595 21.06021 8.03825 8.30606 21.96028
0.87508 21.07715 7.98551 7.94816 22.2963
0.82503 21.30885 8.22145 7.0905 22.74438
0.9559 20.80115 8.66378 8.21557 21.72768
0.89586 21.14524 8.3221 8.22256 21.74797
0.87537 21.09059 8.27091 8.04145 22.04132
0.88579 20.94928 9.58238 7.22052 21.69296
0.96747 21.11276 9.24506 7.89761 21.28022
0.86661 20.69092 8.81703 7.35599 22.52993
0.81702 20.4456 9.6098 7.56595 21.92988
1.02349 19.9209 9.61713 7.31482 22.56582
0.9697 21.09161 8.31328 7.69925 22.18911
0.92222 21.28257 8.27157 7.86306 21.83279
0.90105 19.76568 8.33495 8.94438 22.2057
0.87797 20.67545 8.09878 8.22661 22.31137
0.96976 20.78942 9.09166 8.34918 21.155
0.99648 20.90376 8.52369 8.39998 21.44153
0.90638 21.72136 7.89957 8.04545 21.6435
0.98903 20.72634 8.63795 7.59605 22.285
0.82576 20.94897 7.59214 8.54675 22.22709
0.95444 21.74201 7.80407 8.32572 21.37824
0.90023 20.52171 9.19261 8.16794 21.56702
1.10915 21.10079 7.83742 8.08987 22.0717
1.00777 21.07259 7.55364 8.37945 22.20598
1.11388 21.08786 8.33312 7.97936 21.79257
1.09031 21.33605 7.95597 8.65436 21.24993
0.96966 21.68887 8.10464 8.06496 21.41555
0.8658 20.45428 7.99314 8.25223 22.61152
0.98675 20.96027 7.20943 8.62365 22.36022
1.04497 20.44743 8.03063 8.17435 22.53034
1.01134 21.94533 7.73052 8.32007 21.26665
0.9426 20.85648 8.05605 8.95452 21.46549
0.94918 21.27607 7.70062 8.70818 21.58815
0.88422 22.14864 7.62487 8.30345 21.23284
0.89133 21.73281 8.04457 7.47558 22.09456
0.88429 21.52563 8.53804 7.90137 21.63304
0.91174 21.39217 8.11875 7.41524 22.37662
0.76757 21.38701 8.33961 8.15868 21.69444
0.88226 21.32475 7.70822 8.02787 22.2877
0.76771 21.49243 7.83327 8.68612 21.49615
0.8487 20.71942 7.686 8.97521 21.98691
0.98344 21.72225 8.016 8.13174 21.4111
0.98058 21.5772 7.97086 7.68154 22.01897
0.75984 21.6036 8.90718 8.07931 21.15674
0.88339 22.25203 8.68582 8.24459 20.50472
0.82397 21.23172 9.24427 8.12319 21.11399
0.88415 21.38974 9.02887 8.52397 20.67101
0.94937 20.93954 9.54933 8.4096 20.57135
0.68432 20.53615 8.69807 8.85423 21.56901
0.85423 21.05245 8.56199 8.47981 21.33785
0.84899 20.11096 9.4162 8.07092 21.86433
0.82108 20.59276 9.65859 7.80695 21.46502
0.85481 20.29657 9.44832 8.3187 21.51633
0.76188 20.74669 8.11866 8.68715 21.99534
0.84585 20.95068 7.89098 8.44463 22.1697
0.81181 21.33216 8.60662 7.74897 21.71393
0.80192 20.96508 9.03872 8.05264 21.45258
0.7493 21.42756 8.37607 8.68056 21.04401
0.76128 22.07309 7.83591 8.2448 21.32932
0.71921 21.62485 8.44842 7.73668 21.68874
0.7576 20.64889 9.25352 8.03466 21.53595
0.9633 20.8982 8.51474 8.09629 21.8589
0.8674 21.60227 8.83055 7.48903 21.57171
1.03213 20.16447 8.81411 7.74052 22.61812
1.06542 21.93193 8.88243 8.23268 20.36974
1.17791 21.1956 9.4454 8.28277 20.5269
1.13601 20.45374 9.78499 8.83097 20.6005
1.11636 21.42358 8.44285 8.09555 21.28655
1.03417 21.40504 8.37644 7.80725 21.60501
1.04384 20.34133 8.19783 8.76797 21.89766
1.04893 20.57954 8.32289 8.56173 21.83745
0.97007 19.81112 8.60395 8.96295 21.9443
0.90921 21.00863 7.9584 8.41689 21.98043
0.94938 20.77493 8.38981 7.97624 22.1456
0.94667 21.20538 8.37948 7.51392 22.18185
0.84598 21.10818 8.86482 7.82741 21.63159
1.003 21.35955 7.97912 8.57485 21.40562
1.11373 21.05106 7.80608 8.92753 21.4507
1.24011 20.66797 8.62239 8.50122 21.40535
1.04091 21.98398 8.51145 8.62916 20.29168
0.99957 20.79698 9.59867 8.67826 20.41584
0.92453 19.97931 8.89084 9.05899 21.49113
0.98179 21.37881 8.35147 8.99009 20.70253
1.00451 21.30261 8.17172 8.60441 21.17204
1.04686 20.62768 8.19374 8.05814 22.25323
1.02839 20.90322 8.08207 8.62618 21.59457
0.82381 21.8601 8.81885 8.13169 20.73507
0.82657 19.7865 9.63178 8.2124 21.87019
0.85772 20.50223 9.06295 8.1001 21.72486
0.88553 19.99981 10.96019 7.55768 21.2722
0.93286 20.71916 9.66507 7.74116 21.46741
0.87551 20.6666 10.59822 7.60674 20.97748
0.77777 21.00711 9.3197 7.56096 21.71707
0.78225 19.93688 8.83847 8.80116 22.02038
0.81988 21.17599 8.47985 8.83711 21.12815
0.7172 19.931 9.01303 9.056 21.72053
0.6985 21.42016 8.92766 8.11964 21.16665
0.78339 21.20257 8.91769 7.92588 21.43467
0.89431 21.27462 8.42874 7.37914 22.22362
0.82173 21.00321 8.76013 7.89381 21.83344
0.76542 21.71792 8.33499 7.92563 21.57516
0.7384 21.02442 8.14653 8.39421 22.00734
0.84678 20.68302 9.58553 7.57163 21.72203
0.88533 19.82767 10.31148 8.1556 21.36752
0.85325 21.11312 9.41908 7.54565 21.40559
0.89825 20.65777 9.80302 7.83196 21.25967
0.83059 20.85439 9.57157 8.10325 21.12367
1.05801 20.52282 9.28813 8.03624 21.5098
0.87186 21.03991 8.84144 8.24094 21.36099
1.04078 20.73949 8.86981 7.46253 22.20047
0.88171 20.356 8.10104 8.76591 22.19216
0.76355 21.13913 9.0861 7.83177 21.56395
0.84145 20.86247 8.8352 8.05052 21.79726
0.86991 20.69172 8.33011 8.52961 21.83069
0.94153 20.34464 7.96024 9.03738 21.9454
0.81404 21.34833 7.90652 8.98691 21.25656
0.87407 20.7498 7.62156 9.30559 21.62647
0.91744 20.7823 7.78286 8.97828 21.75283
1.03154 21.31033 7.34472 8.72651 21.75465
0.98652 21.35171 7.17324 9.02915 21.64893
0.91139 21.40167 7.56198 8.79889 21.53209
0.92868 21.35456 6.98853 8.39754 22.47058
0.84325 21.42308 8.15103 8.13645 21.70607
1.04502 21.22711 8.36391 8.34055 21.32336
0.88251 20.66895 8.48316 8.30511 21.97055
0.76938 21.48258 8.86846 7.78767 21.47396
0.74404 20.28195 8.1573 8.76374 22.26869
0.702 20.94543 8.80869 8.34689 21.64077
0.81336 21.65258 7.97867 8.5489 21.28406
0.7214 21.96036 7.93325 7.72104 21.93297
0.75616 21.18279 8.7247 7.91169 21.78911
0.76523 20.56711 9.37659 8.05156 21.60661
0.66583 20.86851 9.1509 8.69182 21.03967
0.75983 21.10303 7.96544 9.22016 21.20832
0.74838 20.60964 7.98722 9.01096 21.87361
0.76988 20.1361 8.16891 9.55545 21.65344
0.62564 21.32185 8.07272 8.80818 21.44193
0.79914 21.33925 7.90815 8.38116 21.79798
0.73362 22.42756 8.21983 8.31769 20.57693
0.64934 21.14018 8.40292 8.22355 21.74909
0.74047 21.23935 9.09767 8.15696 21.12397
0.73417 20.83959 9.4857 8.01444 21.29414
0.65297 21.43101 8.40752 7.93185 21.79007
0.72335 21.33266 8.27813 8.23473 21.73495
0.74837 20.7063 7.90273 8.44396 22.32583
0.84671 20.37398 8.16165 7.89227 22.85202
0.91587 21.19802 8.00389 7.93737 22.08988
0.83003 21.86231 8.19973 7.4196 21.90403
0.97253 21.30415 8.36905 7.44274 22.12625
0.95158 21.36545 8.49847 8.05957 21.3889
0.87203 20.90098 8.05234 8.05641 22.2992
0.88806 22.00744 8.13151 8.35438 20.90224
1.01374 20.40553 8.15737 8.23579 22.37716
0.88249 21.33414 7.85662 8.48474 21.64747
1.00734 20.32104 8.81882 9.03759 21.14841
1.03002 20.03092 8.16695 8.57935 22.35153
0.96314 19.6043 8.38689 9.20383 22.04287
0.91231 20.76309 8.72627 8.24602 21.58942
0.94579 19.98028 8.58864 8.64781 22.02071
1.05634 20.76667 7.5463 8.37908 22.42123
0.931 20.69031 8.24948 8.9463 21.5168
0.90486 20.68637 8.42985 9.09137 21.1967
0.86502 19.84408 8.31545 9.43357 21.81567
0.85152 20.36249 9.00025 8.85524 21.21127
0.78741 20.71712 9.05058 8.16807 21.54682
0.81625 21.13625 9.0412 7.66388 21.61905
0.97755 21.76833 9.49883 7.31475 20.94392
0.97768 20.61832 9.36923 8.03357 21.45626
0.84792 21.55663 9.55985 7.61359 20.88047
0.94913 19.80331 9.62132 8.02473 21.90311
0.73688 20.97049 9.35337 7.46806 21.7494
0.76228 20.27692 9.12894 7.93273 22.18602
0.78065 21.00754 9.92841 8.22163 20.80078
0.81394 21.52086 9.17039 7.48811 21.46795
0.89182 20.96551 9.40094 7.42063 21.75799
0.84455 21.20482 8.0245 8.1947 21.92802
0.87822 22.09109 8.63945 7.45726 21.22854
0.96029 21.87773 7.82341 8.15258 21.42377
0.84999 21.49743 9.21105 7.72231 21.04947
0.85776 21.8982 8.47165 8.18283 20.89491
0.89531 21.04046 8.38935 7.68787 22.14998
0.80912 21.13613 8.12909 7.31875 22.75957
0.84848 21.43543 8.77036 7.43056 21.74387
0.91948 20.65295 8.8129 7.98659 21.95708
0.99283 20.40498 10.23402 7.40146 21.57836
1.00483 21.42408 10.72857 6.92112 20.59891
0.9338 21.4417 9.77563 7.9818 20.362
1.03503 19.81988 10.12109 7.13635 22.16593
1.03508 20.54628 9.98863 6.86843 21.87245
0.85664 20.60445 8.62155 7.54926 22.53698
0.84256 21.38114 8.26488 7.87576 21.82538
0.97301 21.68445 8.7896 7.5786 21.2438
1.1675 21.56561 7.86122 8.0702 21.58463
0.96013 21.57939 7.85429 8.45702 21.46199
0.78892 22.12487 8.18556 7.76368 21.40253
0.89381 22.43407 7.45387 8.07556 21.36388
0.89578 21.818 7.313 9.68102 20.67024
0.71658 21.4456 7.97393 9.23201 21.13369
0.74256 21.36748 7.86003 8.64622 21.63732
0.80347 21.62757 7.878 8.62496 21.434
0.74855 21.39278 8.21228 8.54358 21.4414
0.83598 22.05197 7.91228 8.56465 20.92843
0.78381 21.14668 8.53794 8.04553 21.7278
0.75867 22.09318 8.61358 7.95592 20.86363
0.76657 21.64046 8.81707 8.32896 20.85175
0.68196 21.69123 8.12911 8.4764 21.26652
0.72888 21.79758 8.19432 8.45809 21.08879
0.79708 20.41831 9.2403 8.48293 21.39737
0.87409 20.91673 8.71752 8.35444 21.46404
0.88081 20.49292 9.73301 7.8803 21.51592
0.90672 20.06044 9.01404 9.04882 21.29413
1.0278 19.21433 8.42604 9.56045 21.9915
1.01299 20.18813 8.45767 9.46924 21.25362
0.8863 20.28244 9.34409 8.39479 21.35593
0.98405 21.18359 8.25715 8.49357 21.3153
0.79712 21.66885 7.67404 8.36357 21.7498
0.80941 20.04837 8.24317 9.11042 22.03037
0.83536 21.72057 7.79826 9.4614 20.55839
0.75247 21.93768 7.96125 8.03815 21.60622
0.70715 21.15809 9.02245 7.89979 21.48719
0.97098 21.05137 8.36964 8.57276 21.34515
0.89424 21.75345 8.73558 7.79176 21.2024
1.00745 21.67071 9.33839 7.89563 20.62174
0.89036 21.09403 9.39363 8.48459 20.58271
0.92497 21.9922 8.98772 7.49986 20.96902
0.92209 21.41572 9.29738 7.60308 21.08135
1.01625 21.31311 8.7545 8.18382 21.00101
0.94727 21.4422 9.12932 8.15425 20.74465
0.82608 21.24646 9.19545 7.86823 21.32858
0.80442 20.38181 8.34494 8.47411 22.23016
0.87291 21.39367 8.20574 8.50166 21.28059
0.83639 21.16786 8.91239 8.21376 21.11044
0.79141 21.09472 8.30354 7.55595 22.40523
0.81049 20.53154 8.37539 8.20407 22.32248
0.78579 21.06296 8.9688 8.12997 21.30711
0.90301 19.70527 8.73418 8.21563 22.68992
0.77966 20.08702 9.31879 8.18553 21.98042
0.68825 20.16365 10.071 7.32689 22.1593
0.66844 20.56813 10.40443 7.18489 21.71515
0.67678 19.77742 10.56146 8.0157 21.52238
0.74558 20.30752 8.80246 7.99355 22.43095
0.79283 20.1064 8.84359 8.07864 22.37986
0.80205 20.02375 8.03528 8.01129 23.26656
0.87763 21.47955 8.47626 7.81928 21.63664
0.84847 20.73127 8.33379 7.85332 22.43818
0.9079 20.74886 8.49491 7.84927 22.2455
0.95739 20.59799 8.55693 8.17508 21.97532
0.90311 21.83325 8.41214 8.07062 21.19994
0.94679 21.25795 8.28082 8.08676 21.84961
0.86536 20.54305 9.14713 7.36488 22.39535
0.7604 20.68725 8.54374 8.31172 21.98985
0.71074 20.01614 8.78861 8.47625 22.34391
0.70653 20.0725 9.00412 8.39361 22.27382
0.78697 19.91044 8.55973 8.24152 22.82492
0.73531 20.22347 8.73479 7.94207 22.68807
0.70755 20.96432 9.47982 7.86321 21.53424
0.68856 20.12181 8.84753 8.69939 21.9303
0.63562 20.87053 8.348 8.25419 22.09617
0.58823 20.99777 7.92643 8.13661 22.52419
0.82763 21.06563 8.35256 7.67377 22.30288
0.90599 20.38189 8.96786 7.56653 22.40137
0.85677 20.43828 8.96464 8.1672 21.90678
1.01269 20.86193 8.0514 7.61144 22.66843
0.85003 21.13947 8.57811 7.83224 21.86905
0.82423 21.77324 7.91768 8.5447 21.2113
0.92717 21.10326 9.09926 8.36914 20.93218
0.93917 19.92372 8.47404 8.39946 22.44919
0.98614 20.04131 8.55494 8.33598 22.26082
0.78868 20.73267 8.94933 7.68723 22.02355
0.89026 20.0809 9.15182 7.81036 22.36971
0.87684 20.48927 8.71364 8.04023 22.15857
0.77333 19.76066 8.74029 8.65483 22.31744
0.77857 20.5768 7.72145 8.80681 22.27585
0.9136 21.24883 7.82158 7.71983 22.50947
0.8963 22.14795 8.34934 6.76968 22.02762
0.8864 21.56247 8.52806 7.41928 21.81415
1.02257 21.47388 8.75898 7.14416 21.85105
0.96661 21.05546 8.92678 7.48375 21.81468
0.77787 19.95275 8.95995 7.71582 22.7705
0.79219 20.4208 9.74139 7.61091 21.80361
0.87542 21.41402 8.48201 7.79059 21.77774
0.91662 21.65959 9.06944 7.54431 21.17161
0.84691 21.02297 7.62085 7.7534 22.9517
0.83697 22.34028 8.01355 7.32468 21.74895
0.78698 21.91069 8.15449 7.75443 21.59921
0.83463 21.4024 9.04657 7.15676 21.84343
0.7061 20.98823 8.8784 7.4294 22.20038
0.71305 21.22249 8.96312 7.75297 21.60383
0.78119 20.73259 8.57737 8.06811 22.0562
0.80808 20.30002 8.62341 7.97489 22.4592
0.73105 21.82343 7.81525 7.81249 22.01412
0.70325 21.00234 8.22722 8.21844 22.03597
0.82359 20.50422 8.75297 7.67102 22.49582
0.83912 21.1831 9.3792 7.03954 21.92811
0.84583 21.32923 9.34747 7.08852 21.69576
1.00587 20.60819 9.47066 7.13489 22.0799
0.75852 21.70769 8.77431 7.32035 21.7131
1.16139 20.23682 9.20335 8.4351 21.33023
1.29397 21.714 9.01288 8.05459 20.48583
0.93431 21.3917 8.82809 7.92661 21.3294
1.09634 21.62249 7.99935 8.14745 21.542
0.92329 21.77466 9.2882 7.39587 21.13106
1.07609 21.32286 8.64156 7.75279 21.67041
1.00102 21.56673 8.23564 7.61332 21.90143
0.98402 21.10957 8.45075 7.08241 22.63198
1.01469 21.04782 7.94595 6.96666 23.21005
0.77062 21.05183 8.56228 6.97444 22.83686
0.92441 20.56986 8.92593 7.69873 22.35749
0.98328 20.4047 8.66575 8.13234 22.20837
0.82077 21.05736 8.62094 7.97123 21.84621
1.02751 19.99357 9.21549 7.33453 22.66888
1.01636 20.63844 8.34537 7.41867 22.79413
1.04206 21.3515 9.1642 7.32703 21.4188
0.99633 20.79082 9.44598 7.76071 21.32133
0.85077 21.40482 8.94194 7.78666 21.26936
0.8924 20.98934 9.34985 8.02532 21.08438
0.86424 21.1502 8.50669 8.46598 21.2932
0.85114 20.63561 8.27776 8.82025 21.65431
0.88762 20.45047 8.41836 8.96521 21.55711
0.95343 21.10639 8.13327 8.71349 21.34372
0.87891 20.90335 8.64282 8.35153 21.53457
0.92806 20.97232 8.66645 8.04594 21.65588
0.88311 20.941 9.19263 8.58295 20.84374
1.00981 19.98415 8.83097 8.407 22.07766
1.03751 20.01142 7.9859 8.58091 22.60887
0.89357 20.4723 8.26187 8.64657 21.95483
0.91232 20.54157 7.90112 7.9576 22.83476
0.96655 21.47759 7.98538 7.45549 22.26907
0.9395 21.62457 8.434 7.41185 21.77195
0.89226 21.0062 8.71623 7.37058 22.168
0.76756 21.30102 7.51313 8.17899 22.3897
0.89262 21.737 7.36246 7.98038 22.23055
0.88506 22.39453 7.56735 8.05008 21.38144
0.86617 22.12886 8.14994 8.14564 21.06299
0.9365 21.53286 9.12122 8.1574 20.84325
0.98762 20.77894 8.47444 8.20137 21.87122
1.0232 21.44204 8.01749 7.96339 21.73312
1.1207 21.4786 7.25212 8.56629 21.83989
1.00104 20.1555 8.01932 8.8255 22.21059
0.9437 21.86037 6.98016 8.44358 21.97092
0.9492 20.81662 8.51722 8.30604 21.65618
0.87913 21.38055 9.00484 8.05991 21.02357
0.84857 21.37861 8.80927 7.96305 21.46945
0.68451 21.02458 10.31905 7.62126 20.93936
0.78289 20.796 8.61376 8.01341 22.14825
0.77286 20.82232 8.45388 8.44146 21.85088
0.71063 20.75791 8.84123 7.65197 22.3689
0.66902 20.64985 9.73965 7.40964 21.86096
0.769 20.31936 9.94265 8.0058 21.35168
0.84773 20.72129 7.87982 8.62131 22.16171
0.81784 21.23407 8.40726 8.02233 21.82913
0.89824 20.92196 8.87023 8.12482 21.56097
0.8391 20.14564 9.49352 7.59406 22.24268
0.83634 20.07873 9.57095 7.93307 21.99919
0.87562 20.55193 8.78211 8.07249 21.98835
0.85732 20.67671 10.02292 8.09438 20.77626
0.91605 20.42785 9.30922 7.81367 21.8828
0.93307 20.14541 10.00117 8.07219 21.26851
0.82064 21.18265 9.55981 7.48908 21.27073
0.94796 20.62416 9.43556 7.4207 21.80969
0.95104 21.49363 8.33547 7.87405 21.60113
0.84463 22.53255 8.496 7.57969 20.88383
0.81522 21.64334 8.01822 7.95847 21.77415
0.94096 21.14036 8.18544 7.97135 21.99712
1.02011 21.53258 7.284 8.21678 22.15937
0.84167 21.29593 8.20503 8.0796 21.74946
0.81067 20.62294 8.86716 8.04732 21.88629
0.82369 20.41447 10.19998 7.80712 21.09158
0.72948 20.38693 9.74533 8.32512 21.2054
0.94068 20.67607 9.51742 8.68281 20.54353
0.9437 21.2255 9.019 7.76974 21.33669
0.9804 22.14049 7.86188 7.90301 21.36328
0.72572 21.74676 8.80284 7.53052 21.56338
0.82833 21.28554 8.49611 7.68692 21.98874
0.80469 20.72736 8.54094 8.21094 22.11683
0.88552 20.97364 9.12078 7.45518 22.03197
0.86045 20.97451 8.81607 7.72082 21.96566
0.87207 20.46471 9.16152 7.90859 22.09244
0.72603 20.89932 8.5474 7.59029 22.51933
0.68541 20.53326 8.50663 7.7567 22.77781
0.70944 20.66086 8.51404 8.07685 22.33299
0.83965 21.1949 8.06318 8.78899 21.43964
0.87462 20.91022 8.21576 8.29945 21.99364
0.8322 21.79674 7.34569 8.36081 21.86981
0.74985 22.19039 7.55799 8.26372 21.46054
0.91902 21.85686 7.98326 7.84998 21.67191
0.92058 21.28807 8.14146 8.24171 21.74319
0.89684 20.80275 9.26135 8.34986 21.02688
0.75666 20.8858 9.3088 7.82542 21.55048
0.69773 20.49044 9.04871 7.8735 22.23668
0.80039 20.38837 9.66074 7.61251 21.89445
0.80226 21.62993 8.72935 7.30626 21.82253
0.76704 21.21121 8.07392 7.94834 22.21446
0.86075 21.47921 8.39692 7.99068 21.61472
0.81776 20.94221 9.17407 7.401 22.0179
0.87198 21.29496 8.72604 7.67658 21.78621
0.78493 20.96728 8.67349 7.1099 22.62527
0.71976 21.47153 7.84125 7.3505 22.77422
0.77178 21.61598 8.32825 7.54855 21.97951
0.71775 21.63953 7.62965 7.61366 22.58015
0.74421 20.19005 8.36919 8.49586 22.48764
0.71845 21.55125 8.4799 8.01346 21.70968
0.70553 22.0975 8.09311 7.76973 21.7277
0.70797 20.65996 9.55761 7.31239 22.09375
0.81827 21.13818 8.63755 8.10733 21.64164
0.92841 21.10898 8.79516 8.05163 21.42957
0.98089 21.43233 8.21147 7.74814 21.92348
0.94305 21.36647 8.26024 7.78552 21.96865
0.89311 21.36899 9.13687 7.45798 21.44572
1.03119 21.65718 8.51607 7.87845 21.20284
1.04765 21.15077 8.69203 7.04074 22.2379
1.0433 20.39688 8.48656 7.90686 22.32085
0.93025 21.64205 8.91303 7.7104 21.10179
0.9077 21.38751 8.77146 7.24803 21.93441
0.83617 21.43292 8.76204 7.39998 21.90088
0.83336 22.09674 8.33931 7.19669 21.77437
0.75782 21.73891 8.07558 7.562 22.08868
0.89546 21.45968 8.65724 7.32661 21.96406
0.92451 20.80002 9.41441 7.36712 22.12127
0.68968 20.12173 9.63014 8.37084 21.74109
0.77163 20.96206 9.62766 7.7384 21.33362
0.87136 21.13688 10.18503 7.49085 20.85343
0.86849 20.08441 10.5316 8.14806 20.91486
0.92543 20.33599 9.59436 7.86797 21.64234
0.97619 19.65803 9.94856 7.69543 22.13518
0.91569 20.98546 9.02443 7.35361 22.00179
0.87712 21.66572 8.64665 7.24216 21.90561
0.85695 22.3139 8.49727 7.17091 21.39219
0.85008 21.34326 8.65456 7.69539 21.6652
0.88016 21.43311 8.569 7.38775 22.00106
0.61932 20.12825 8.50225 7.44351 23.47686
0.78764 20.5614 7.69008 8.14032 22.98619
0.77053 20.18825 8.11042 8.61236 22.52338
0.83594 20.71316 8.72592 8.22686 21.82947
0.87687 19.87161 9.36764 8.6546 21.63103
0.84854 20.65688 9.48054 7.91855 21.43991
0.90849 21.42918 8.41212 7.97569 21.60287
0.89647 20.43263 9.40941 7.38043 22.18006
0.96208 20.35798 9.54013 8.21664 21.40585
0.84239 21.12791 8.4954 8.10026 21.73201
0.9394 20.79204 9.06393 7.68759 21.82449
0.96218 20.76912 8.72203 7.70079 22.22718
0.91804 19.97785 9.89653 8.10949 21.64867
0.79073 21.26612 8.0207 8.32055 21.83952
0.89272 20.32226 8.90372 8.01167 22.15139
0.84823 21.38428 7.82913 7.82995 22.33125
0.92765 21.28564 8.62122 7.25929 22.10714
0.87173 20.71834 8.65923 7.84701 22.07556
0.81722 21.46563 8.1397 7.91379 21.84687
0.78691 21.70855 8.09181 8.0611 21.59258
0.80424 21.02835 8.06998 7.97446 22.33519
0.82213 21.02117 8.29333 7.26505 22.7734
0.92058 22.09894 9.06069 6.67123 21.52116
0.89297 19.9852 8.34522 7.64329 23.25807
0.90517 20.28668 8.94206 7.33475 22.66299
0.74088 21.02438 8.36677 8.31373 21.77188
0.81258 21.59352 8.02266 8.47554 21.42273
0.78668 21.71396 8.59582 8.07167 21.14313
0.81557 21.65849 8.19815 7.98522 21.59367
0.84299 21.53229 8.76137 8.0755 21.11552
0.84551 21.58907 8.82589 8.07606 20.91378
0.87934 20.81364 8.43565 7.88469 22.19816
0.8899 21.68554 8.54056 8.27926 20.86372
0.86066 20.80473 9.4841 7.85552 21.39064
0.89177 20.32166 10.05855 8.76965 20.50278
0.77718 21.65776 8.34184 8.21389 21.35601
0.7213 21.53139 8.61933 8.03065 21.44216
0.77671 21.73239 7.94225 7.47462 22.27567
0.89599 20.34129 8.52309 8.75417 21.73663
0.82097 20.82144 8.46057 8.14387 21.96903
0.87424 19.54236 8.88808 8.60573 22.36794
0.86465 21.44982 7.95681 8.48636 21.62598
0.73506 20.78707 7.61683 8.67867 22.43909
0.77652 21.17859 7.68166 8.2255 22.40369
0.86332 21.61525 8.24771 8.16768 21.4573
0.85115 21.01855 8.51661 7.77112 22.13182
0.73729 21.09892 8.9836 8.48765 21.03951
0.77848 21.08123 8.63964 8.279 21.4371
0.81056 21.33484 8.43784 8.06519 21.62874
0.68085 19.98777 9.6664 8.24748 21.92142
0.79119 20.44672 9.38547 7.96401 21.82171
0.7157 20.7208 9.53417 8.51306 21.0251
0.79499 20.87058 8.56561 8.74286 21.39611
0.76934 22.18985 8.40479 8.41708 20.66634
0.76997 21.83734 7.76426 8.24348 21.57891
0.80486 21.66516 7.55139 8.27893 21.90925
0.73032 21.91165 8.60298 8.27974 20.77919
0.82321 20.5774 8.76419 9.47561 20.80542
0.83828 20.03818 9.49554 8.36869 21.69705
0.81831 19.52391 9.06638 8.94471 21.99657
0.85272 22.06478 7.47304 7.86538 22.01264
0.88838 20.66281 8.8982 8.00439 21.86641
0.88045 20.81846 8.17532 8.33904 22.04122
0.99714 21.6073 7.47358 8.42658 21.72833
0.89974 20.3342 9.15917 9.03597 21.00525
0.84718 21.48693 8.63027 8.23919 21.17738
0.92832 21.4234 7.71693 8.92224 21.27811
1.08706 21.24547 8.23623 9.30218 20.61157
1.02624 21.09884 8.8541 8.34637 21.07711
0.99074 21.06118 8.80868 8.85859 20.65861
0.83888 20.68138 8.44635 9.06642 21.32799
1.00887 20.49618 8.05343 8.73235 22.00502
0.8797 21.00984 8.59841 9.09883 20.88332
1.02513 20.92212 8.87819 8.4853 21.05024
1.07961 21.80639 9.45696 8.1849 19.92408
0.86941 19.86532 9.77795 9.13017 20.74586
0.83974 20.69109 8.90639 9.4498 20.56884
0.83494 20.98383 9.03955 8.85798 20.72566
0.68275 21.12288 8.3119 9.31259 20.88892
0.83915 21.93034 7.52032 8.93345 21.07644
0.96286 21.48973 7.29603 9.57946 20.95543
1.0133 21.44148 8.35374 8.61666 20.91424
0.89912 21.94058 8.29543 8.31635 20.82412
0.92232 20.25461 8.81414 8.85393 21.40723
0.85721 20.96675 8.3237 8.71045 21.38595
0.75903 21.23897 8.60387 8.83506 20.88314
0.86272 20.68787 7.7513 9.35742 21.56936
0.81051 19.91092 8.88342 8.62512 22.04321
0.77271 21.23016 8.56637 8.98745 20.8044
0.76756 22.30547 8.34636 8.64985 20.27572
0.90581 20.31672 8.85879 8.57192 21.58573
0.89042 21.34854 8.0396 9.18066 20.82024
0.69422 21.05692 8.06339 9.67137 20.771
0.80727 20.4383 7.84899 9.23367 21.94058
0.81522 21.35665 8.43939 9.05826 20.65266
0.9082 21.25692 8.51434 9.79778 19.9667
0.86632 21.58624 8.27973 9.36085 20.32891
0.77894 21.48188 7.54738 9.11043 21.35451
0.88034 21.94803 7.37015 8.85043 21.29432
0.82843 22.50533 7.49305 9.05757 20.45264
0.83303 22.41695 8.06727 8.7945 20.32688
0.82342 21.63496 8.5543 8.40493 20.97864
0.89186 20.76839 8.84104 8.71622 21.15765
1.06093 21.51737 8.94537 8.84879 20.11884
0.94184 21.22281 8.23483 9.29148 20.6738
0.94953 20.8729 8.32453 9.48559 20.68022
1.03662 21.55806 7.52026 9.16907 21.02773
1.00342 20.97954 7.97392 9.10625 21.26495
0.89746 20.7606 8.55894 8.92532 21.21999
0.96899 20.84212 7.76551 9.27567 21.43349
1.13804 20.58984 8.41773 8.56705 21.57828
0.98243 20.76315 8.42909 8.31323 21.73992
0.80966 21.41177 7.10653 9.38663 21.48315
0.99527 20.99945 8.38443 8.74369 21.12384
0.99535 20.84985 8.0176 8.89187 21.46411
1.06216 20.39191 7.47017 9.18848 22.06457
0.97727 21.09186 7.16777 8.94908 21.97541
0.92882 21.88627 7.40167 8.59237 21.45481
0.8743 21.65848 7.60824 8.77045 21.34196
0.85971 21.58022 8.28992 8.6981 20.8669
0.96503 20.86596 8.25709 8.39594 21.7456
0.67471 20.1802 9.6055 8.52043 21.38886
0.87054 20.45286 9.15555 8.55773 21.36222
0.77746 21.09087 9.12721 7.97268 21.33497
1.02319 21.00377 8.17991 8.55768 21.47673
0.93774 21.09174 7.85142 8.38074 21.95811
0.68231 20.71758 8.07353 7.95843 22.72341
0.73715 21.01553 7.56443 8.55905 22.29697
0.8144 21.51923 8.45418 8.31376 21.30209
0.74262 21.12784 8.7574 8.43111 21.37947
0.60779 21.21181 8.59815 8.35024 21.51933
0.71157 21.59183 7.96831 7.89885 22.05602
0.77773 21.00972 8.38222 8.31077 21.80618
0.77445 20.90621 8.95464 7.82924 21.80841
0.76082 21.12817 8.94989 7.2666 22.0922
0.86894 20.59337 9.029 7.68547 22.13999
0.89395 21.16383 8.4557 7.82384 21.83628
0.78569 21.0942 8.08075 7.65319 22.52201
0.61075 21.7325 8.07195 8.04277 21.81506
0.58156 20.44025 7.62932 9.03976 22.5048
0.71908 20.5381 8.4254 8.41228 22.20409
0.78337 20.88486 7.89657 8.69756 21.99626
0.77999 21.29214 8.00494 8.65487 21.50772
0.61606 21.4904 7.95915 8.12895 22.02354
0.69689 19.64508 8.33234 9.06337 22.49473
0.74342 20.21159 8.59857 8.56955 22.16362
0.79289 20.17394 8.48387 8.57083 22.25187
0.80099 20.73516 9.04548 7.9334 21.76094
0.74207 21.94529 8.56038 7.97864 21.03906
0.71231 21.41655 8.95329 7.26269 21.92346
0.66927 21.32816 8.77737 7.69395 21.82856
0.68553 21.10565 8.61489 7.21717 22.55999
0.85547 21.33613 8.73733 7.34835 21.93653
0.7269 21.4945 9.12714 7.13021 21.80029
0.92139 20.78711 7.79903 7.92046 22.71775
0.88953 20.67038 8.64582 8.718 21.41449
0.85542 20.09063 8.58644 8.98238 21.76913
0.79754 20.33328 8.78251 8.48571 21.84948
0.72287 20.96291 9.169 8.18935 21.37155
0.8248 21.18279 9.04237 7.86787 21.47327
0.75504 19.66993 9.05194 8.12747 22.63572
0.71581 20.88158 7.91254 8.10691 22.61263
0.70015 20.9814 7.55269 8.33695 22.65178
0.72783 21.19171 7.87187 8.24439 22.21154
0.79318 21.14789 8.03013 7.81184 22.49548
0.69056 20.99249 7.69641 8.51849 22.3335
0.84083 21.31189 8.42603 8.46005 21.37538
0.85705 21.79654 7.88183 7.83481 21.89551
0.77287 21.06202 8.67283 7.73457 22.06141
0.86638 21.11362 8.4079 7.52124 22.37619
0.81553 21.50324 8.15578 7.49825 22.31464
0.77833 21.45968 8.19489 7.20187 22.58496
0.79855 21.48397 7.85698 7.53844 22.49019
0.83149 20.84288 7.52897 8.54939 22.4174
0.84277 21.02714 8.39509 8.01949 21.89368
0.88127 20.48725 8.68933 8.14998 22.12486
0.90569 19.83098 9.67376 8.73125 21.62094
0.90332 20.45486 9.02695 8.86785 21.17997
1.06812 20.39844 8.34963 8.45949 21.9321
0.88934 20.63822 9.92612 8.20762 20.88591
0.77904 20.03318 8.69564 8.43973 22.29131
0.79922 20.39982 8.7358 9.25102 21.07256
0.94798 19.91957 8.86196 8.97794 21.54563
0.86199 20.85952 8.61981 8.32615 21.58448
0.67863 20.61795 9.01288 8.15919 21.79931
0.66051 20.61572 9.11113 8.71916 21.25276
0.90248 20.06828 9.00174 9.1671 21.23211
0.83177 21.44685 8.79353 7.79138 21.40338
0.85128 21.07299 9.02167 7.66847 21.72764
0.65569 21.79548 8.76332 7.37557 21.66335
0.71637 20.96499 8.69742 7.81984 22.06757
0.67857 20.99201 8.8038 8.28936 21.49412
0.64697 20.64524 8.8801 9.33456 20.88127
0.6246 20.42708 8.48277 8.42703 22.27779
0.72113 20.83806 8.15029 8.92076 21.63289
0.66569 21.35586 8.50128 8.19368 21.51469
0.8549 20.78478 8.66806 8.62295 21.32386
0.84513 20.20494 9.10156 9.39618 20.8513
0.93519 20.23188 8.15235 9.54125 21.369
0.87177 20.80947 8.13656 8.63749 21.7334
0.95561 20.88344 7.96891 8.82093 21.60461
0.96701 20.68408 7.97984 8.49704 22.09795
0.93151 20.18739 8.23038 8.11823 22.72591
1.00518 20.20572 7.87628 8.18264 22.85624
0.98293 22.2395 7.12737 8.8717 21.02231
0.86775 21.59141 7.508 8.89852 21.40418
0.99549 20.63709 9.28993 8.54387 20.90756
0.99751 21.70567 9.34672 8.07609 20.35005
1.10202 20.86642 9.5122 7.62991 21.43076
0.98441 21.19111 8.82005 8.28314 21.21521
0.92747 19.73478 8.87838 8.60994 22.16946
0.94541 20.513 7.67716 8.564 22.56738
0.89074 20.06327 8.61182 8.45552 22.2753
0.8631 19.99543 8.75401 8.07372 22.53169
0.80124 21.03794 7.66006 7.95337 22.67568
0.83229 20.28888 8.30388 7.96095 22.82505
0.93332 20.31409 8.78958 8.58966 21.66944
0.96946 20.90113 8.27009 8.58844 21.50192
0.94874 21.05993 8.68832 7.88467 21.63762
0.88751 21.18416 8.23003 8.22895 21.65545
0.68276 20.91262 7.2187 8.63458 22.70578
0.72761 20.55655 8.21877 7.99732 22.64412
0.86331 20.69672 8.21302 7.95154 22.42731
0.86372 21.15569 8.59199 8.00588 21.65827
0.87995 20.7054 8.57891 7.99569 22.11189
0.94466 21.1531 8.15087 7.67124 22.31635
0.84674 21.21563 8.18309 7.27437 22.64193
0.74478 21.56963 8.43158 7.35002 22.12885
0.82974 21.72882 8.73622 7.35455 21.61864
0.89741 20.23725 9.12696 7.94245 21.98152
0.8525 20.98166 8.446 7.79403 22.11086
0.86168 21.02296 8.24392 7.5483 22.53066
0.92598 20.94337 8.15254 7.99515 22.14823
1.00807 22.12058 7.20847 7.63173 22.18876
0.9538 20.61443 8.39065 8.13076 22.09857
0.88195 20.46432 8.92514 8.15842 21.80334
0.97568 20.33075 8.1081 8.15737 22.59335
1.07416 20.99408 7.89533 8.12516 22.09221
0.94086 20.45966 8.07245 7.53948 23.14803
0.86174 21.84195 8.0177 7.50008 21.96879
0.97373 21.47463 8.23016 8.19722 21.37234
0.99929 20.56368 8.67274 8.06477 21.88736
0.91726 20.33078 8.54793 8.73945 21.7215
0.7868 20.47416 8.22861 9.15436 21.67937
0.86559 20.09139 8.32217 8.90506 22.15878
0.86244 20.46002 8.83695 8.88363 21.345
0.92149 20.15315 9.85941 8.38416 21.19033
0.84859 20.38722 8.69199 8.91618 21.45992
0.90239 20.27411 9.40729 8.65637 21.28155
0.91877 20.85408 8.56654 7.89907 22.08404
0.88231 21.05301 8.39222 8.23371 21.73504
0.91228 20.9943 9.06606 8.05275 21.43538
0.68293 21.21918 8.77135 7.73703 22.08167
0.63524 21.70305 8.61577 8.00257 21.44536
0.6721 20.68101 8.31994 8.28913 22.32202
0.78532 21.08433 8.38386 8.72218 21.30069
0.7572 20.24073 8.57307 8.91205 21.78439
0.86686 19.31409 8.01799 8.74771 23.25121
0.73982 21.00993 8.17767 8.27032 22.04267
0.76414 21.06702 7.57855 8.63528 22.20478
0.84698 20.28046 7.61338 8.68369 22.76469
0.82747 20.96856 7.81493 8.36665 22.29594
0.86121 21.16294 8.74832 8.49098 21.08192
0.75835 20.6651 9.14498 8.04139 21.7619
0.74856 21.53169 8.43092 8.432 21.19517
0.82509 20.63213 7.57977 8.26371 22.84681
0.8228 20.56808 8.41474 7.99176 22.37604
0.78143 20.34842 8.91204 8.38277 21.84689
0.69875 22.02921 9.06179 7.49805 21.20323
0.84198 22.14555 7.50816 7.70351 22.01606
0.77722 22.2724 7.29559 7.5768 22.26794
0.79717 21.8493 7.07084 7.72079 22.71714
0.93164 20.26193 7.47305 8.53423 22.95508
0.94332 20.88157 6.97339 8.74522 22.61633
0.84171 20.74803 7.6381 8.14667 22.80062
0.88397 20.01776 9.08861 7.61475 22.59408
0.94869 20.64786 8.25034 7.77355 22.58094
0.79617 20.10738 8.8872 7.86271 22.62447
0.75515 19.90664 8.59041 8.82134 22.13194
0.9525 19.95995 9.36287 8.30621 21.74885
0.86353 19.90645 9.10312 8.42969 21.98373
0.8164 20.55191 9.09334 7.59764 22.43741
0.73926 19.76228 10.6188 7.10456 22.17741
0.88915 21.56158 9.81922 7.65692 20.546
0.79402 20.64127 9.35033 7.68183 21.77161
0.81265 21.08882 9.09456 7.89262 21.3576
0.85248 21.67897 8.42577 7.64361 21.60137
0.85771 21.28262 8.86621 7.21418 22.09613
0.74384 21.46102 9.07721 7.30958 21.82324
0.76017 20.75819 8.37904 7.65581 22.67375
0.7427 21.84556 8.44114 7.00553 22.20363
0.71586 20.73788 8.88569 8.04172 22.06962
0.75297 21.01059 8.66836 8.07603 21.93137
0.80666 22.37294 8.2396 7.88027 21.09851
0.76184 21.15296 9.55026 8.21035 20.86836
0.75969 21.81247 8.11549 8.04258 21.57672
0.741 21.82961 9.49397 8.07865 20.57394
0.78283 20.13768 9.33179 8.17035 22.03805
0.76014 21.34654 8.65443 8.25583 21.3312
0.82284 20.47895 8.5365 8.35794 21.99393
0.81137 21.22725 8.65079 7.84337 21.75453
0.88513 21.98291 7.59576 8.22996 21.48155
