"V1" "V2" "V3" "V4" "V5"
0.79662 17.42483 12.25183 7.20811 22.67919
0.90436 17.61333 11.501 7.62267 22.7172
0.82932 17.29206 11.67147 7.29146 23.18233
0.82842 18.01193 11.71178 6.53196 23.13896
0.80801 18.13029 10.95473 7.37601 22.98441
0.67916 17.59769 10.935 7.62675 23.41433
0.73 18.08491 11.55121 7.24992 22.66379
0.84052 17.18055 13.48192 7.63877 21.34064
0.77812 17.82547 11.85441 7.2703 22.46826
0.71555 17.34396 12.20342 7.15041 22.80321
0.6513 17.35188 11.80791 7.79372 22.61656
0.74935 17.55756 12.01358 7.70154 22.23721
0.75373 17.21945 12.78166 7.66133 22.0167
0.86619 17.6615 11.20736 8.40651 22.15116
0.84316 17.15839 12.63762 7.68871 22.04092
1.08318 17.98612 11.75303 7.04465 22.3746
1.00071 18.13642 12.55058 7.51119 21.2248
1.16128 17.36552 12.6891 7.88962 21.36099
1.12545 17.76021 12.64985 7.6572 21.39277
1.07411 18.0284 12.89175 7.32916 21.25241
0.91633 18.52207 12.93794 7.09151 21.24821
0.89087 17.95854 12.2431 8.22562 21.23161
0.94201 18.33449 12.51847 7.50607 21.15906
0.95538 17.59311 11.71664 7.75474 22.351
0.83234 18.22762 11.38595 7.2395 22.51581
0.88971 18.28086 11.56829 7.23309 22.29094
0.99768 18.62341 10.54895 7.93373 22.15208
0.96431 17.16915 10.93562 7.83111 23.26089
0.83805 17.04496 11.93795 7.69876 22.69328
0.74457 17.14311 12.24718 7.97731 22.21558
0.80551 17.11186 12.52798 7.81285 22.07771
0.95122 17.4509 12.22954 7.22584 22.35075
0.86938 17.56679 12.13036 6.99804 22.65294
0.82143 18.84846 11.97791 6.96491 21.82332
0.94605 17.71394 11.64418 7.6345 22.31929
0.94503 18.3591 10.51303 7.751 22.61444
0.85742 17.94445 11.25315 7.30027 22.84386
0.87675 17.82297 11.58518 7.55447 22.41988
0.76062 18.39251 12.06876 7.58629 21.55634
0.82244 17.51702 13.35772 7.0725 21.57521
0.93021 18.19931 11.40227 7.54389 22.17816
0.82309 18.88111 11.20464 7.59044 21.82883
0.82482 17.3751 11.3712 7.6169 23.07869
0.89141 18.36186 9.90347 7.96387 23.02364
0.8847 18.827 10.8889 7.41811 22.17747
0.94328 19.21465 11.32777 6.84077 21.88978
1.02361 17.75901 11.95071 7.53037 22.00049
1.05131 18.86507 11.23753 8.11063 21.08672
1.00613 17.44626 12.35886 7.10118 22.33673
1.04987 18.16493 11.21978 7.77153 22.03888
0.93688 17.75878 11.33562 7.97298 22.19875
0.86612 18.06814 11.62605 7.70729 21.93538
0.85995 18.38324 11.73436 7.55731 21.81568
0.97442 18.35464 12.9108 7.60834 20.73834
0.98209 18.37924 11.27538 8.01802 21.61747
0.98064 18.37071 11.0463 8.02977 21.97084
0.8484 18.98309 11.75423 8.0697 21.0043
0.88705 19.01678 11.45419 7.62995 21.50043
0.80946 17.7752 11.7609 8.1237 22.11038
0.73091 18.35383 11.42248 8.47024 21.48568
0.95391 17.73352 12.52068 7.97841 21.25477
0.90422 18.5456 11.78421 7.47541 21.61469
1.00557 16.88729 12.28135 7.69793 22.36767
0.94522 17.65636 11.66647 7.42896 22.55146
0.95781 17.74269 12.32579 8.0183 21.34552
0.96289 17.3238 12.44629 7.77266 21.97863
1.00973 17.92432 12.31243 7.96568 21.27311
1.00181 19.11646 10.58036 8.31515 21.3702
0.9107 18.66984 10.913 8.12791 21.71691
0.9793 18.27392 11.3008 8.86434 21.09203
1.11447 18.42057 11.90415 7.77309 21.24114
1.0815 17.91016 11.80751 8.51322 21.1136
1.09057 17.96402 12.25046 8.53388 20.668
0.97143 17.76731 12.07067 8.87269 20.75337
0.83435 18.02993 11.88354 8.52463 21.17409
1.10313 17.6658 11.73343 8.36088 21.55899
1.0245 17.2229 12.51129 8.38847 21.3637
0.91846 17.46474 11.82458 8.56493 21.54602
0.82069 17.63273 12.21775 7.91528 21.75918
0.8952 18.35009 11.86712 7.71659 21.55144
0.90076 17.57063 11.28656 8.45846 22.036
0.91 18.44415 10.57671 8.48313 21.82354
0.7932 18.78998 10.75607 8.39962 21.56413
1.10008 18.55448 11.22314 8.32068 21.18835
0.94567 18.12577 10.49069 8.78944 21.91211
0.93415 18.38338 10.74589 7.9013 22.23636
0.981 17.94403 11.13366 7.65778 22.51122
1.007 18.35549 12.20886 6.92013 21.80516
0.88073 18.19635 12.5291 7.90257 20.99287
0.95892 18.35474 12.09808 7.47314 21.47957
0.78698 18.58753 11.80439 7.88312 21.32329
0.9282 18.42866 11.8444 7.63732 21.48533
1.1131 18.60383 11.58293 7.8499 21.25907
1.19421 18.3089 11.39465 8.36165 21.12315
1.00604 18.33395 11.41564 7.72127 21.76968
1.06853 18.03368 10.51036 8.31895 22.24138
0.97586 17.48941 11.72522 7.72309 22.3933
0.84118 17.49928 11.31993 7.77047 22.82324
0.92264 17.97311 12.38979 7.10784 21.95179
0.88158 18.32057 11.35389 7.98835 21.80571
0.85767 17.95352 12.12613 7.24484 22.14695
0.99749 18.09428 11.95731 7.3808 21.9209
0.93284 18.42262 11.21854 7.97993 21.8031
0.96844 17.57396 10.62688 8.35363 22.66981
1.17687 17.87956 10.47133 8.26455 22.4213
0.94625 17.67282 10.46761 8.38624 22.7238
1.11995 17.35855 10.48741 8.76053 22.5359
0.97652 17.16668 10.77921 8.29461 22.96628
1.00767 17.98076 11.55843 7.98339 21.88187
0.88354 17.52536 11.58239 8.32514 22.06668
0.9213 16.95103 11.01208 8.24335 23.07848
1.04624 17.58604 12.43088 7.80554 21.54765
1.03485 17.58466 11.58088 8.1443 21.99156
0.96851 18.31199 9.97763 8.16613 22.74662
0.8702 18.64925 10.63271 7.79799 22.28013
0.98479 17.7136 11.0946 7.36364 23.02456
0.95241 18.19424 10.61682 7.22344 23.17535
0.97856 18.53683 10.34728 7.64717 22.6935
1.0682 17.94334 10.21887 7.57502 23.32428
0.94881 19.129 10.72024 7.4642 21.94564
1.07522 19.04804 10.65287 7.92718 21.59447
0.94915 17.27447 11.85386 7.82963 22.35222
0.93885 17.7358 11.36938 8.39627 21.83496
1.25041 17.41233 11.52084 8.33164 21.86556
1.07466 17.48067 11.79155 7.96039 22.0228
1.14819 18.13872 11.32563 8.57756 21.2142
1.18475 18.01389 10.79675 8.23972 22.04211
1.1119 17.84078 11.32145 8.08912 21.90786
0.91263 18.12187 11.21763 7.60293 22.37057
1.0029 18.63826 11.25504 7.72342 21.60841
0.99606 18.11263 11.64076 7.83858 21.67298
0.98497 17.04949 12.47629 7.44065 22.25922
0.96164 17.6991 11.39681 7.89422 22.28037
1.01653 18.04929 11.26316 8.16017 21.80274
0.90121 17.74608 10.78755 8.85532 21.92459
0.86542 18.16627 10.42042 8.52858 22.24115
0.86512 17.56655 11.89703 8.31049 21.64037
1.02821 17.59183 11.71862 8.35468 21.59741
0.83643 17.89419 12.11531 7.38893 22.13644
0.87548 18.09476 12.50368 8.05073 20.98903
0.91542 17.55785 12.3908 8.54094 21.04937
1.02417 17.56375 12.69064 8.53805 20.67266
1.08776 17.34361 12.95062 8.53859 20.60854
1.00288 18.01739 12.59245 8.2529 20.69207
0.98165 17.5507 13.23126 8.53012 20.41537
0.92622 17.65511 12.26921 8.1057 21.47571
1.04076 17.65415 12.05715 7.81535 21.8383
0.95938 18.11901 11.98494 8.1718 21.3062
0.93828 18.276 12.6876 7.66777 21.04702
1.14363 18.18441 11.64546 7.61521 21.70135
1.00407 18.81009 12.15566 7.30401 21.13067
0.98737 19.24187 11.94416 7.62535 20.66459
1.10317 17.40493 13.33468 8.81926 20.03492
1.27557 17.40781 12.71842 8.35671 20.63234
0.97202 17.80907 12.43835 7.91623 21.26294
0.90502 17.31301 11.38813 8.67274 21.99308
0.79247 17.855 10.80799 8.2701 22.48681
0.79904 18.17245 11.88133 7.94294 21.67865
0.77077 18.99477 11.72728 8.7153 20.41443
0.79625 18.70608 10.78294 8.53901 21.55941
0.81538 18.3971 10.59169 8.66711 21.81697
0.83105 17.62556 11.76197 8.56645 21.51067
0.87928 17.55016 12.11614 8.13522 21.61887
0.85466 17.36505 12.31566 7.95251 21.81349
0.90576 17.53144 10.89617 8.64884 22.23837
0.91259 17.52656 11.82005 8.0997 21.88453
1.06239 18.17257 12.66891 7.58297 21.00789
0.92449 19.26899 11.24204 7.86816 21.16085
0.95653 18.56003 11.77117 8.4256 20.75163
0.94495 18.62059 11.37122 7.72863 21.67098
0.86447 18.12149 12.63854 7.32341 21.42853
0.92276 17.53052 11.05757 7.84681 22.8718
0.77419 18.2372 11.51719 7.63129 22.23029
0.8746 16.95945 11.78445 8.39476 22.39734
0.86389 17.20905 11.55659 8.62448 22.0554
0.87005 16.92251 11.9848 8.60163 21.94758
0.93039 17.40966 11.24914 8.5298 22.2359
0.94734 18.5476 11.26288 7.92832 21.61844
0.89518 18.27276 11.74266 7.97966 21.4244
0.77663 18.79582 11.64988 8.53541 20.71658
0.75029 18.33787 12.44111 8.04075 20.90699
1.01281 17.44209 13.01 8.14733 20.99824
0.86241 16.89195 12.95296 8.64463 21.14984
0.8398 17.24517 11.83018 8.47392 22.00064
0.81102 18.21046 11.05514 8.64766 21.65405
0.88335 17.46143 10.58706 9.8294 21.58266
1.10544 18.44016 10.6854 8.37555 21.65976
0.94936 18.76361 10.43964 8.39329 21.73657
0.99194 17.96299 11.33485 8.57998 21.42085
1.01466 17.66986 11.26794 8.6907 21.72106
1.08554 17.59356 11.96419 8.20554 21.51232
1.03275 18.23897 12.56961 7.94263 20.90066
0.95113 17.89929 11.76021 7.68965 22.08825
0.86836 18.76241 11.54344 7.94056 21.3951
1.0552 18.30151 11.64283 7.57988 21.82694
1.0857 18.20059 12.27319 7.60736 21.28014
1.0511 17.27847 12.19302 7.70161 22.15512
1.1093 18.16773 12.27888 7.54733 21.38806
0.95223 17.73735 12.44054 8.14327 21.19939
0.91571 18.42859 12.00833 8.64693 20.50758
0.96315 18.64087 11.74474 7.91399 21.04591
0.87152 18.56795 12.17034 7.76246 21.04907
0.91883 18.93441 11.95891 7.68027 20.99891
0.9272 17.90602 13.31258 7.92447 20.5601
0.79088 18.3705 12.20773 7.92453 21.17973
0.7102 18.75457 11.77444 8.32948 20.81835
0.93387 18.06575 12.06772 8.20783 21.20011
0.82681 18.11062 12.28907 7.7625 21.5129
0.8609 17.96538 11.73446 7.44639 22.40495
0.80529 18.37872 11.14961 7.73003 22.32167
0.84131 18.56141 11.73996 7.65776 21.61086
0.93481 18.67299 12.00704 7.10152 21.75935
0.97275 18.6168 12.22769 7.34926 21.48375
1.08957 18.52514 11.91526 7.87724 21.15124
1.0117 18.87741 11.73929 7.64136 21.20598
1.03464 17.38916 12.70509 7.31556 22.08884
0.83396 19.0069 11.97371 8.14387 20.87467
1.03039 17.95925 13.12868 7.74455 20.90976
1.00878 16.38631 13.92002 7.44252 21.74489
1.01887 16.62934 14.42722 7.7291 21.09414
0.6996 17.91958 12.6174 7.71433 21.41184
0.81684 17.40728 12.02629 8.25127 21.83113
0.97374 17.74223 12.15925 8.00129 21.57412
0.95697 18.4339 11.82937 7.86392 21.2913
0.85375 17.93805 11.58696 7.39119 22.60249
0.85402 17.75547 11.76059 7.88919 22.08553
0.82549 16.88188 12.13913 8.5662 21.99259
0.76136 17.43705 11.58956 8.30418 22.19768
0.92559 18.13148 11.59747 7.59026 22.06421
0.89238 17.60032 12.47281 7.57778 21.8005
0.98507 17.95982 12.17121 8.14749 21.12149
1.02052 18.40471 10.89451 8.0387 21.8713
0.9194 18.04043 11.79703 8.15613 21.43134
1.00806 17.99307 11.37538 7.98345 21.95838
0.87237 18.37816 10.90888 7.99449 22.0989
0.88484 17.56745 11.57737 8.83085 21.43221
0.80498 17.42683 12.58021 8.6544 20.93391
0.90728 16.86281 12.51853 8.38156 21.75662
0.88873 17.24282 12.16737 8.1284 21.87203
1.07025 17.53417 11.86025 8.97907 20.9267
0.80945 17.601 11.52453 9.08205 21.38323
0.79841 17.69211 11.38814 7.5149 22.80118
0.86223 18.03057 11.60957 7.58687 22.1427
0.93777 18.12733 11.91762 7.80905 21.5372
0.882 17.61011 12.0722 8.00504 21.75925
0.85233 18.4317 11.38121 8.0847 21.58982
0.80684 18.6967 12.3044 7.88804 20.90559
0.69966 18.41198 12.52948 7.59438 21.22919
0.73616 18.53309 11.74584 7.97631 21.34797
0.77293 17.82377 11.38641 8.61808 21.71081
0.83459 17.81059 12.053 8.16474 21.44126
0.84743 18.2389 11.96374 8.18287 21.1178
0.80626 17.60456 11.9507 9.18932 20.83709
0.78264 17.70161 11.70047 8.9581 21.20523
0.83254 18.25828 10.70674 8.76239 21.74937
0.92955 18.50882 10.90701 9.63425 20.45305
0.91603 17.60762 11.2519 9.0015 21.64861
1.12791 18.33481 11.22505 8.106 21.53916
1.01341 18.44719 11.67363 8.33029 20.95846
0.91215 17.82808 12.14369 8.54145 21.06343
0.8015 17.34639 11.54156 8.78547 21.82985
0.93866 18.15905 11.44186 8.81847 20.98669
0.74447 18.71638 10.56909 8.55272 21.67222
0.75633 18.45981 11.1146 8.54903 21.3544
0.88638 17.76597 11.55054 7.92579 22.11438
0.85557 17.70316 12.1229 7.94419 21.62586
0.89708 17.41109 12.42081 7.89489 21.68782
0.82699 17.59194 11.2603 8.40742 22.12074
0.88141 18.22721 11.48092 8.31513 21.39896
0.91784 18.27387 11.71054 8.03288 21.38958
0.82399 18.69025 11.01383 8.11178 21.62417
0.93419 17.68763 12.49181 8.75663 20.66852
0.9647 18.48172 11.6245 8.69164 20.76999
0.76326 18.86402 10.72307 8.7279 21.30713
1.01399 18.74561 10.85157 8.69053 21.09945
0.98355 19.01293 10.80431 9.00637 20.72614
0.93013 18.42756 10.87672 8.45309 21.63658
0.85796 17.81694 11.22372 8.74004 21.73144
1.00514 17.36136 11.65464 8.69838 21.79872
1.07884 17.87798 11.3185 8.5339 21.56677
0.98178 17.94022 11.80314 8.43979 21.09904
0.90509 18.06766 11.01313 9.36535 20.94387
0.9345 18.13444 11.73741 8.47333 21.08684
1.18059 17.57834 12.72928 8.60143 20.4226
1.02657 18.115 11.54028 8.34984 21.31105
0.90051 17.97127 10.97347 8.0605 22.34652
0.87171 18.34178 11.54531 8.45349 21.18358
0.9326 18.36244 10.675 8.81555 21.45653
1.07479 18.41446 11.0152 9.09541 20.73014
1.05535 16.68191 12.93076 8.80889 21.03132
1.15605 17.25304 12.51976 7.86438 21.5443
0.99729 17.83705 11.37044 8.60316 21.51748
1.07591 18.4973 10.52473 7.86318 22.31634
0.91422 17.75088 11.82349 8.88074 21.06002
0.91938 18.25019 12.06105 8.07893 21.01046
0.86425 17.98275 12.23226 8.20128 21.10758
0.89009 17.35137 11.87946 8.62453 21.52692
0.88333 17.10287 13.19075 7.99235 21.26918
1.00159 17.83991 11.52962 8.52265 21.42067
0.87047 18.04837 12.1421 8.39638 20.95927
0.9257 19.07602 11.74336 7.9042 20.69455
0.82272 18.78204 11.05168 8.10791 21.48223
1.01228 18.74502 11.91359 7.61936 21.09221
0.89717 19.11617 11.33002 7.7761 21.42927
0.89188 18.39565 11.8521 7.40945 21.77339
0.85552 17.88424 11.96466 7.9911 21.71938
0.96776 18.70761 11.10839 8.12125 21.47133
0.86592 18.10774 12.13014 8.43083 20.9126
1.01703 17.92206 11.8457 8.19239 21.35745
1.09818 18.08936 11.78727 8.21334 21.17361
1.09708 18.10048 11.62725 7.85817 21.61753
0.89317 19.14685 12.6633 7.73498 20.3004
0.93336 19.04363 12.25994 7.78687 20.61412
0.91151 18.36208 13.3146 7.83731 20.3232
1.07702 18.9384 10.98233 8.59198 20.88795
1.26332 19.17704 12.06324 8.06452 19.97111
0.97657 18.89321 11.85997 8.22472 20.57985
1.01815 19.16134 11.88342 8.08604 20.28968
0.95614 18.1738 12.12088 7.76554 21.35032
1.03694 18.19247 11.44963 7.51353 22.09878
1.11588 17.50819 12.30546 8.21234 21.37242
1.07452 18.27838 11.56595 8.31802 21.21437
1.22394 18.57505 11.52083 7.51585 21.58813
1.06652 18.06026 11.63313 6.98361 22.46042
0.97266 17.76538 13.10441 7.03853 21.44527
0.96527 18.24075 12.59643 7.54191 20.98528
1.05346 18.69222 12.32218 7.7826 20.5138
0.9475 18.12018 12.15724 7.31242 21.71457
0.9797 17.85352 11.89598 7.46417 22.01922
1.09174 18.57133 12.55185 7.35736 20.911
1.10609 18.74044 10.91101 8.2879 21.31958
1.14544 17.04982 12.6816 7.80762 21.83724
1.14426 18.14552 12.2607 7.88247 21.00573
1.06944 17.68687 12.44895 8.46241 20.88039
1.1278 18.032 12.06707 8.85826 20.47453
1.18026 17.40834 12.81302 7.91939 21.16112
1.06642 17.53 13.07433 7.13957 21.53751
1.06953 17.94572 12.08215 7.49018 21.77393
1.07348 17.82479 12.81411 7.51935 21.3244
0.99559 17.02167 11.8875 8.30573 22.10907
0.92149 17.94626 11.75317 8.25837 21.55084
1.15718 17.65869 11.57733 8.12198 21.78143
1.11471 17.62396 11.50665 8.46257 21.59001
1.1586 17.18186 11.73301 8.43379 21.79507
1.15139 18.09825 11.13816 9.06211 20.97921
1.23853 17.98481 10.97111 8.80219 21.39964
1.21877 17.73998 12.13378 8.41587 20.96415
1.10309 18.01139 11.92636 8.92575 20.60085
1.08119 17.612 13.2074 8.92131 19.85325
1.12915 17.82166 12.00609 8.67684 20.8466
1.18129 18.39302 12.91933 8.68341 19.62848
1.17756 18.25859 11.68449 8.72351 20.56853
1.28429 18.21062 11.25983 7.98154 21.58407
1.16248 18.08413 11.67559 8.25134 21.18404
1.03383 18.00476 12.69077 8.46066 20.32667
1.03246 18.23654 12.02 7.7074 21.33559
0.90478 18.31309 12.537 8.21271 20.42783
0.90764 18.36558 12.69389 7.65266 20.97475
1.07453 17.8273 12.1682 8.38111 21.14993
0.96349 17.78318 12.99881 7.98652 20.9922
0.86935 17.33955 12.55901 7.93024 21.68764
0.86343 18.2453 10.9631 8.47716 21.81777
0.83458 17.96822 13.13744 8.13633 20.58958
0.86676 18.71387 12.21506 7.70452 21.0576
0.87386 18.45138 11.26057 7.52457 22.13188
0.77923 18.32204 11.97042 6.98667 22.17086
0.81781 18.07676 12.36727 6.90844 22.08075
0.76792 18.82037 12.27394 7.66173 20.97998
0.82191 18.88274 12.5235 7.23098 21.00446
0.8024 18.47236 11.65146 7.53611 21.92585
0.74181 17.89197 13.15488 6.82175 21.88874
1.01779 18.01668 11.72856 7.44773 22.16322
0.77066 18.83209 12.27804 7.07285 21.45843
0.82872 19.30095 11.61276 7.20532 21.443
0.77801 18.31315 11.88071 7.77711 21.64227
0.93714 18.36159 12.24514 7.53221 21.36615
0.71275 18.8114 12.38473 7.55668 21.05908
1.04443 17.80708 12.87978 7.929 20.92051
0.89078 18.80678 11.73191 8.41669 20.7011
0.83207 18.51898 11.74268 7.68765 21.5997
0.86789 18.48219 12.90207 7.17802 21.11966
1.03861 18.82569 12.33508 7.80469 20.49157
1.01647 18.0987 12.48172 7.9469 20.95113
1.10606 17.54422 12.19672 8.53351 21.11916
1.02933 18.26568 10.83076 9.26099 20.92566
1.15633 17.48906 10.99481 9.37413 21.30419
1.16707 18.98973 10.24781 8.3787 21.47556
1.13268 18.50048 10.59127 8.39871 21.63622
1.16502 18.44802 11.16807 7.94797 21.5392
1.06054 18.86155 10.55084 8.07439 21.68698
0.98933 19.03639 10.75588 7.6572 21.83748
1.15428 17.67603 11.43398 8.41774 21.63348
1.26994 17.45078 11.77911 8.3762 21.4456
1.06056 18.22035 13.16178 7.66628 20.43323
0.90758 17.16175 13.06821 8.06439 21.19305
0.97226 18.03566 12.35292 8.8812 20.36044
1.07304 18.79226 11.93243 7.98396 20.66866
0.89032 18.46662 11.15091 8.42258 21.44458
0.97441 18.19037 11.19142 7.82685 22.14796
0.92789 17.98402 12.11417 7.7745 21.57755
0.91991 18.22797 12.62005 8.07942 20.66447
0.93377 18.3557 11.09001 9.11685 20.86538
0.8548 17.76115 11.51801 8.81147 21.40664
0.90735 16.99711 11.432 9.14501 21.87184
0.72994 18.54956 11.71038 8.34674 21.07784
0.86898 18.68312 10.7109 8.30593 21.72788
0.83013 18.72775 10.72138 8.69896 21.2769
0.92039 17.90326 11.16505 7.9549 22.21142
1.0303 18.64864 12.00137 7.17898 21.47343
1.00206 17.84729 12.79367 7.38703 21.33732
0.81447 18.23213 12.1958 7.6405 21.38902
0.79787 16.96623 13.22077 7.86948 21.54676
0.82769 17.85437 11.02465 7.72441 22.71339
0.88571 17.54791 12.18436 6.75612 22.80986
0.81865 18.73102 11.07363 7.36656 22.1991
0.87708 18.16127 11.84537 6.80901 22.57207
0.97981 17.74559 11.04089 8.23241 22.24692
0.83002 17.85471 10.55612 9.14513 21.8834
0.86606 17.95703 11.26328 8.71574 21.49576
0.78601 17.77832 11.43246 9.16811 21.22853
0.91658 17.51969 12.17086 8.90122 20.92313
0.77939 18.24122 11.19187 8.99403 21.12308
0.9288 18.25584 11.59031 8.6292 21.03892
1.01243 17.34073 10.87009 8.28588 22.67931
0.76615 17.07842 11.8944 7.71778 22.76846
0.80459 17.71361 11.41358 7.89897 22.42095
0.97752 17.53935 12.19388 8.1007 21.49406
1.01496 17.97949 11.60753 8.37517 21.36611
0.92149 18.11223 12.77079 8.77827 20.14798
0.89781 17.57934 13.5503 7.25688 21.20232
0.91536 18.17508 11.65959 8.59292 21.09663
0.89473 18.07056 12.1699 8.34589 20.90575
0.72828 18.1958 12.43232 7.93769 21.09648
0.81831 18.42708 11.85995 7.68546 21.51203
0.89992 18.57854 11.70154 8.14362 21.10511
1.00725 18.41408 12.09516 8.46776 20.5633
0.88513 17.72635 12.66825 8.55158 20.66189
0.7828 17.48798 12.30897 9.3499 20.55361
0.82691 17.55648 12.99545 8.01109 21.07597
0.8702 18.28171 12.33149 8.05892 20.97506
0.8412 17.9304 12.85946 8.90887 20.41382
0.83415 18.60663 12.75944 7.79929 20.6613
0.8195 18.46758 12.71208 7.87954 20.68405
0.90571 17.18374 12.69976 8.42517 21.1823
0.8858 18.81893 12.95078 8.18162 19.70585
0.90942 19.04578 12.69349 7.66365 20.17314
0.80821 18.39393 13.05221 7.75427 20.3961
0.78349 18.69188 12.62375 8.3577 20.0534
0.81264 18.29947 12.38417 7.40164 21.40234
0.80598 17.48931 12.67211 8.02483 21.36653
0.85721 18.22229 12.60924 8.28926 20.48506
0.8484 17.90611 11.90741 8.55135 21.26524
0.99501 18.32666 11.72552 7.34114 22.05187
0.89623 18.8282 11.94373 7.40255 21.36116
0.93088 17.90163 12.89139 7.91944 20.82236
1.04346 17.4869 12.55411 7.91371 21.33309
1.06512 17.72644 12.22863 8.10177 21.232
0.84104 18.47395 11.14112 8.91501 20.95906
0.94561 17.75047 12.01044 9.044 20.6471
0.86533 17.55794 12.34861 8.86998 20.74052
0.97495 17.73964 11.48809 8.93615 21.21615
0.9466 18.4103 11.70739 8.58903 20.79206
0.75036 18.90995 11.40927 8.22151 21.07999
0.93021 18.60485 11.40231 8.65045 20.81139
0.9875 18.94423 11.67426 9.0567 19.98725
0.85391 19.02043 11.86537 8.90047 20.09944
0.87958 18.3627 12.21135 8.71323 20.34429
0.88866 18.38166 11.4508 8.45659 21.33238
0.7685 17.90047 12.86537 7.81506 21.20486
0.8219 19.19707 11.55148 7.75104 21.08373
0.78335 19.10937 12.21407 8.11807 20.25002
0.8126 18.61625 11.88344 8.35886 20.70611
0.74516 18.55362 11.82446 8.51253 20.76422
0.64795 18.78813 11.63733 8.12197 21.13165
0.78615 18.80812 11.76678 7.93526 21.03717
0.84206 17.39912 12.53308 8.12399 21.46919
0.75931 17.12206 12.41041 8.26347 21.81082
0.75412 17.6116 12.58569 7.9783 21.61477
0.78344 17.81872 12.94366 8.31076 20.66112
0.93052 17.56495 13.10288 8.38617 20.48665
0.88402 18.41185 13.01216 8.35294 20.07071
0.84592 18.37125 12.93462 8.1057 20.19084
1.10074 18.78957 11.02893 8.45605 20.96589
0.9303 18.23118 11.4505 8.44796 21.31885
0.8755 18.47456 11.46201 8.75423 20.86461
1.04456 19.2907 11.56445 8.40286 20.27485
0.90679 19.31316 11.25962 8.33573 20.71754
0.67218 18.09171 12.20092 7.99597 21.38128
0.88746 17.77389 12.38532 8.40763 21.03027
0.88082 18.55167 12.04168 7.9877 21.00512
0.90092 18.5611 12.12512 7.85027 21.06883
0.74897 17.90507 12.32092 8.23371 21.14819
0.74948 19.27086 12.2682 7.32325 20.84349
0.85777 19.04008 12.25484 7.45208 20.78168
0.94546 19.64719 11.56515 7.52354 20.64862
0.81939 18.63991 12.72565 7.26054 21.00066
0.81067 17.99773 12.86116 7.58801 21.21056
0.83891 18.25454 11.55228 8.02347 21.63823
0.93342 18.41571 11.83745 7.32236 21.7566
0.92316 17.13587 12.07447 7.42764 22.6257
0.92084 17.57403 11.65265 7.44215 22.60248
0.79095 17.69851 12.20867 8.15259 21.53938
0.79375 17.59391 12.92379 7.85773 21.18904
0.80216 17.0417 11.73147 7.65073 23.01912
0.82279 17.22887 12.31211 7.35163 22.61799
0.79341 17.25586 12.81333 7.0476 22.46864
0.78671 17.63726 13.79282 6.94248 21.5816
0.73828 17.78467 12.78886 7.72547 21.4538
0.80859 16.70246 12.09297 7.91498 22.77586
0.86102 17.36962 11.91626 7.96043 22.11063
0.94493 17.51924 10.4762 7.88892 23.33268
0.88749 19.02691 11.54373 7.56064 21.37586
0.81165 17.39357 12.03073 7.78239 22.26782
0.98132 17.81974 12.00969 7.2501 22.2387
0.95052 17.86799 11.87867 8.0006 21.63476
0.9627 18.37621 11.52873 8.10528 21.445
0.95843 18.73976 11.55585 8.07871 21.156
0.92918 17.74371 11.30719 8.23915 22.12165
0.8897 17.99747 10.85714 8.40549 22.15346
0.94343 17.252 11.60676 8.35232 22.16486
0.93941 17.75294 11.98499 8.49441 21.36028
0.87892 18.28721 10.87436 8.3299 21.97939
0.76809 17.58388 11.06975 9.14249 21.8186
0.90808 18.0955 11.78084 8.54923 21.19347
0.89066 18.14265 11.56681 8.57011 21.17845
0.88152 18.08758 11.65859 7.93204 21.71066
0.87736 18.43806 11.04992 7.77852 22.13079
0.90013 17.63552 12.25134 8.38184 21.23525
0.91977 17.70729 12.06492 7.86106 21.76719
1.00095 17.65683 11.77381 7.88001 22.04323
1.08844 17.82822 11.56653 7.73852 22.1099
1.04546 17.71508 12.73071 8.00603 20.93273
1.00887 18.16432 12.45142 7.8251 20.95443
1.09164 17.94248 12.63296 8.18155 20.65151
1.02523 17.79311 10.96817 8.40259 22.03156
1.15542 17.16338 11.78337 8.72092 21.45017
0.9329 17.73325 11.55852 8.60404 21.43711
1.06885 18.24242 12.46441 8.05883 20.70264
1.01509 18.16882 11.78539 8.20945 21.23336
0.95043 17.57995 12.29833 8.21622 21.29408
0.96109 17.77221 11.95652 8.32682 21.28765
1.00928 17.91905 11.09154 8.04483 22.21254
0.92408 19.1686 10.50756 7.61079 21.98866
1.09187 18.60811 10.52175 7.96847 22.0232
1.0994 19.21128 10.78128 7.97608 21.22933
1.07427 18.42424 10.72655 8.26505 21.77205
1.04235 16.64879 12.22871 7.92586 22.3721
0.8765 17.53498 12.43671 7.96803 21.59503
0.8484 18.76796 10.91325 8.40261 21.4839
0.8961 17.83879 12.0163 8.47169 21.12756
0.87238 17.50989 10.48271 8.53566 22.82217
0.82208 18.16479 11.57331 8.11089 21.63007
0.96536 17.44269 11.70278 8.55794 21.57433
0.87728 17.80089 12.28705 8.06555 21.33435
0.92404 17.40144 11.53749 8.32351 22.05444
0.81034 17.67927 11.95958 8.638 21.26581
0.89263 18.69248 11.09354 7.58662 22.03252
1.00492 17.95949 11.63247 7.78574 21.87383
0.9127 18.32472 11.54331 8.04664 21.4617
0.92831 17.73289 10.82716 8.70091 22.02674
1.05611 17.20615 11.29922 7.93705 22.73277
0.90852 18.37376 12.06896 7.53215 21.46971
1.0266 18.18139 11.54895 8.04134 21.53041
1.16601 17.43186 11.6726 8.14832 21.88342
0.99013 17.1634 12.40429 8.15996 21.60454
1.25469 16.9569 11.55169 8.96914 21.53511
1.26267 17.92151 12.30981 7.92119 20.98618
1.09142 18.83413 11.76976 7.94681 20.7255
1.06925 18.45959 11.80852 8.42954 20.77704
1.10658 18.89114 12.12308 7.91447 20.48359
1.22458 17.92348 12.12982 7.75672 21.42417
1.09058 17.90801 11.65796 7.98016 21.68011
1.05817 18.11907 12.0315 8.19191 21.03355
1.08921 18.16377 10.77068 8.0757 22.17874
0.97028 17.82528 11.32117 7.92659 22.22564
0.99525 18.08239 11.93557 8.07549 21.50092
1.01494 18.49175 12.51007 8.23862 20.47747
0.85553 18.47356 12.80702 7.5092 20.9073
1.08175 17.7577 12.81457 7.22489 21.54828
1.03651 17.89582 12.29095 7.20409 21.93622
0.95853 18.46944 11.47319 7.5622 21.81894
0.91887 17.74049 12.37489 7.81823 21.5011
0.99727 17.73821 11.39439 8.39019 21.73204
0.82964 17.9554 11.59314 8.24889 21.67357
0.75531 19.10384 10.44083 8.18637 21.79974
0.8908 17.95053 11.76587 7.89415 21.83615
0.95736 17.43266 12.08353 8.28331 21.61833
0.93517 17.9633 11.46498 8.24567 21.70116
0.89772 17.14026 12.26366 7.77796 22.2495
0.93858 17.77379 12.12406 7.80305 21.6704
0.88575 17.96766 12.78518 7.83825 21.03094
0.9842 16.79547 13.0179 8.08719 21.54798
1.02505 16.94438 12.28026 8.07301 22.07679
1.01912 17.33688 11.80619 7.97528 22.15893
1.02029 17.0833 11.87365 7.83462 22.42033
1.00265 17.61202 11.64764 7.65992 22.29018
1.03789 18.42922 12.14095 7.15839 21.50846
1.00278 18.38498 11.58297 7.16795 22.06434
0.95651 18.63029 10.85179 7.62645 22.1578
1.01286 18.28649 11.054 7.62293 22.31571
0.95157 18.55093 11.52083 8.01098 21.38172
0.86642 18.23054 11.42127 7.89762 21.94653
0.89508 18.54305 12.00556 8.28051 20.91381
0.899 17.94685 12.10965 7.77462 21.68991
1.10061 18.43967 9.83174 8.68248 22.12207
1.10526 18.1561 11.22617 8.91851 21.02583
1.01385 18.12957 11.44852 7.96305 21.7515
0.9585 18.66928 10.8394 7.60516 22.20458
1.11963 17.69136 12.27378 8.30465 20.96966
0.96328 17.72687 12.7417 7.90126 21.07942
0.94464 17.51212 12.6782 7.87498 21.4655
0.89639 17.44577 13.48385 7.61375 21.08308
0.91913 17.38399 12.67394 8.00149 21.50699
0.832 17.78406 11.95388 8.44347 21.41475
0.84928 17.44381 12.21581 7.74827 22.10715
0.85118 17.55639 12.25401 7.46972 22.12172
0.85729 17.77891 12.35364 7.92784 21.50377
0.90557 18.05096 11.85936 8.37934 21.22365
0.80132 18.84042 12.01646 7.89207 20.94353
0.93118 18.10659 11.9987 7.82301 21.55907
0.92195 18.58564 11.90713 7.5119 21.45748
0.87528 17.97079 12.95572 7.32501 21.35596
0.98418 18.06982 12.34265 7.86866 21.11726
1.07863 18.16577 12.87385 7.82203 20.5558
1.00123 18.11942 12.28908 7.45596 21.53239
1.02478 17.41085 13.97703 7.10962 21.01081
0.92485 17.9291 12.72879 7.2668 21.46922
1.16646 18.01384 13.1342 7.26686 20.81578
1.3397 18.73363 12.35641 7.96668 20.14306
1.20616 19.09943 11.82599 7.91704 20.44663
1.37041 18.93039 10.86994 8.45148 20.76971
1.41189 18.6073 12.41886 7.27677 20.85334
1.31641 17.82185 11.65571 8.35029 21.3046
1.27166 18.13044 12.11077 8.07011 20.79204
1.28539 17.79244 12.10474 7.52153 21.63132
1.16466 18.04193 12.22266 7.28847 21.57926
1.07422 18.18772 12.01627 8.6329 20.56527
1.16409 17.56353 12.06201 8.45485 21.11735
1.08994 17.86256 11.52229 8.38147 21.46544
1.18963 17.80236 11.57766 8.64899 21.1472
0.97333 18.42508 11.90069 7.97302 21.20896
1.03137 17.58038 12.02668 7.83483 21.92206
1.00314 18.20219 11.48218 7.9315 21.84092
0.9691 17.73291 12.28205 7.35156 22.11175
1.10119 17.65582 13.04733 7.50805 21.23931
0.99959 18.13478 12.61353 7.37091 21.47319
0.93886 17.93395 12.34722 7.18134 22.0136
0.7892 18.06426 11.34281 7.79227 22.35448
0.88486 18.72371 11.45949 7.27238 22.03932
0.87047 18.2481 11.44217 8.31047 21.50991
0.86939 18.831 11.81541 7.4618 21.43849
0.94193 19.44754 11.24271 7.24187 21.48102
0.94351 18.96612 11.01132 7.54144 21.81157
0.93993 18.86543 11.22034 7.22766 22.03564
1.0341 18.53339 11.13317 7.64632 21.97482
1.03455 18.09508 11.85636 7.59144 21.71888
1.10633 17.67586 12.3606 7.45147 21.72003
0.99855 18.10517 12.00591 7.48162 21.81077
0.93012 18.47216 12.36308 6.86809 21.7102
1.1875 18.15739 12.16966 7.70082 21.16044
0.98843 18.04819 11.26416 7.86437 22.10569
1.22046 18.47779 11.82838 8.2166 20.81825
1.09687 17.87731 12.51084 8.18885 20.86558
1.03741 17.56934 12.28457 7.74706 21.74571
0.99121 17.67421 11.99302 6.92095 22.61561
1.04821 17.88567 11.74616 7.26897 22.27182
1.14011 18.13057 12.40039 7.92927 20.81461
1.06302 18.70927 11.64408 7.85988 21.12628
0.96529 17.81207 12.67673 8.15088 21.01524
0.90038 18.12318 12.8665 7.663 21.18464
0.95452 18.40829 12.11125 8.0069 21.15763
0.90788 17.11539 12.60856 7.48325 22.26417
1.02425 17.71503 11.98159 8.22086 21.50344
1.04307 17.56855 12.61505 7.76295 21.41912
0.97936 17.85792 12.71223 7.43884 21.52925
0.90785 18.41224 13.10367 7.54713 20.71596
1.01205 18.27893 12.62181 7.19522 21.28547
0.96323 18.71903 12.96528 7.00111 20.80376
0.94847 17.95986 12.29108 6.72848 22.24806
0.98876 18.90045 11.79919 7.06107 21.50489
1.03344 19.3983 11.37987 7.83274 20.70825
0.99638 17.91102 12.4926 7.71674 21.26288
0.94237 17.7281 12.6942 8.08824 21.05768
0.89381 18.03499 12.59813 7.57833 21.3116
0.85008 18.34838 12.11278 7.37203 21.65773
0.95492 17.91186 12.21207 7.25995 22.02131
0.99735 17.9703 12.10307 7.44544 21.9921
0.88818 18.16338 12.14576 7.83496 21.49864
0.9448 18.71204 11.2274 7.97938 21.49147
0.87496 18.70437 11.93818 8.07183 20.83267
0.97464 17.44796 13.26931 8.08845 20.72577
1.0209 18.67082 11.1898 8.0007 21.40487
1.05214 18.08282 11.25492 7.97571 21.93106
0.86995 18.11032 11.52603 7.48251 22.2548
0.74193 18.57777 11.62302 7.58716 21.81708
0.90237 18.49091 11.68434 7.3114 21.85952
0.90005 17.95177 11.96467 7.97852 21.47275
0.88555 18.02446 12.55461 7.69032 21.23102
0.81661 17.64228 11.135 7.8292 22.7843
0.87875 17.55603 11.24183 8.26253 22.31409
0.81635 16.7487 11.70546 9.45681 21.62237
0.92181 16.97184 12.02122 8.34755 22.04996
0.87769 16.5187 12.62105 8.86425 21.52807
0.89776 16.98401 12.07467 8.13954 22.20278
0.96385 17.59841 11.14303 8.51008 22.12154
0.82895 18.2768 11.06136 8.4566 21.72974
1.03345 17.6555 11.94028 8.30771 21.47679
0.98786 17.75915 12.0869 7.93359 21.59131
0.96067 17.25304 12.61817 7.77186 21.76881
0.9987 17.38606 12.6091 7.64377 21.88039
0.9436 16.88495 13.36342 8.28393 21.1797
0.98589 18.18429 11.5389 8.06393 21.56682
1.03166 17.44384 11.78792 8.76091 21.31884
0.87766 17.88682 11.6518 8.14361 21.72337
0.87767 17.56957 10.4433 9.03677 22.25942
0.76897 17.98592 10.88518 8.20987 22.32642
0.692 19.2579 10.21268 8.40743 21.66987
0.82825 18.82424 10.61378 8.59223 21.42409
0.80896 18.74946 10.16229 8.74915 21.81181
0.89375 18.55326 10.06811 7.7397 22.93822
0.97062 18.88489 11.94227 7.26158 21.29919
0.83205 17.42861 11.78575 8.04284 22.16954
0.98598 17.43591 12.41298 8.18316 21.29155
0.75566 17.73238 12.84788 7.94788 21.18218
0.88437 18.01523 12.83193 8.00798 20.87796
0.8389 18.63034 12.11103 8.22927 20.67807
0.92045 18.94469 12.31454 7.53193 20.71353
0.84582 18.9393 12.9904 7.79321 20.04296
0.85216 18.00743 12.37108 7.74434 21.31154
0.81409 18.46669 10.99774 8.0541 21.93457
0.84114 18.48655 11.57361 8.29163 21.11409
0.80523 18.54093 12.12482 7.81497 21.08984
0.9247 17.39481 13.38967 8.39163 20.4428
0.87787 18.91402 12.13191 7.8709 20.7074
0.79606 18.5072 11.52969 7.84087 21.65142
0.75487 17.88755 11.97584 7.76525 21.95053
0.93247 18.48236 11.30705 8.10677 21.51354
0.99271 18.72514 11.83401 7.50652 21.32368
0.887 18.34383 11.95361 7.71569 21.50648
0.88908 18.4184 11.60457 7.82687 21.7461
0.81647 18.06542 11.45054 8.84439 21.24158
0.85676 18.52173 11.62591 7.64422 21.69407
0.90417 18.70163 12.58558 7.65105 20.73663
0.94026 17.74649 12.21208 7.96405 21.51785
0.91582 17.93775 12.58122 8.76209 20.26876
0.83889 17.58414 11.89028 8.56289 21.40028
0.8755 18.12831 11.62501 9.02406 20.78075
0.78629 17.47652 13.22742 9.06785 20.23581
0.9262 17.29838 12.12791 9.37342 20.78552
0.84427 17.77008 11.98139 9.16004 20.7843
0.8072 17.22671 11.59765 9.57421 21.18596
0.76615 19.21503 10.79773 8.78346 20.84769
0.85657 18.80138 11.24381 8.4394 20.97172
0.85463 18.74658 12.40858 8.08894 20.37139
0.81479 18.09465 11.84062 8.89612 20.73475
0.85625 17.87744 12.04892 9.69988 20.09094
0.97208 17.67344 11.56665 9.03906 21.17615
1.02287 18.19728 11.77844 8.87336 20.63624
0.91983 18.6107 11.51607 8.48599 20.96957
0.87245 18.24661 12.64132 8.02726 20.78325
0.93591 17.58309 11.98902 7.9505 21.92585
0.93926 18.87154 11.8645 8.33473 20.53598
0.90284 18.29915 12.48763 9.00023 20.05155
0.91276 18.15986 12.23101 8.75756 20.53568
0.935 18.69255 10.94183 8.62743 21.22033
1.13801 18.24724 11.34199 8.38213 21.3998
0.91114 18.14138 11.35498 8.30591 21.67289
0.94439 17.85625 11.94154 8.69904 20.99336
0.90445 17.48398 11.78779 8.75564 21.5098
1.07047 17.85122 11.24294 8.44437 21.81628
0.9995 18.79769 10.92746 8.63684 21.13056
1.21521 18.13945 11.0019 9.59961 20.54342
1.14082 18.49808 11.16274 9.64503 20.12311
1.06475 17.538 12.50551 8.81075 20.58507
0.99453 18.06877 11.37337 10.14099 20.0548
1.12172 18.44193 11.37965 9.57949 20.092
0.94315 17.53633 12.15086 9.47092 20.40352
1.10217 17.66911 11.80347 9.07494 20.85572
0.96387 18.51501 11.31772 9.5986 20.11685
1.23812 18.54226 11.66305 8.62159 20.42578
0.94367 18.35023 11.61589 8.6496 20.83809
0.89138 17.05294 12.80879 8.50056 21.13914
0.81019 18.50712 11.59388 8.90798 20.5951
0.85575 18.348 10.99524 8.6108 21.5567
0.88091 18.37493 10.87073 9.00585 21.24571
0.85873 17.5118 11.76179 8.19547 22.03494
0.88031 18.21309 11.53495 9.00176 20.85346
1.00036 18.2769 11.70025 8.57366 20.89107
1.03718 17.34845 12.42371 8.25787 21.33544
0.78294 18.56248 11.58009 9.28084 20.27673
0.76322 17.64332 11.75344 9.72867 20.49821
0.91959 17.49318 10.68503 9.90849 21.39913
0.9212 18.04368 11.67916 9.21076 20.57324
0.88718 18.12102 11.99106 9.58915 20.02018
0.80452 17.69781 13.21045 8.46239 20.42216
0.81786 18.28472 11.69104 9.07346 20.5915
0.90152 18.50496 11.52141 8.82424 20.76027
0.88326 18.45662 11.78893 9.08237 20.2484
0.81245 18.11875 12.21865 9.69032 19.86287
0.81884 18.52374 10.93028 8.94497 21.2514
1.01347 18.23367 10.85647 9.61403 20.74242
1.04765 19.00252 10.92817 8.75508 20.74528
0.84878 18.11776 11.10306 9.53941 20.87912
0.88151 17.47733 12.35602 9.48546 20.29228
0.98529 18.03146 11.95669 8.8283 20.69647
0.91903 17.53573 11.14108 9.32235 21.49651
0.84326 17.26754 11.51762 9.50872 21.30283
0.94447 17.59936 11.70847 8.81256 21.34831
0.96838 17.33084 11.90968 8.92412 21.2884
0.94733 18.41189 11.48386 8.17167 21.33128
0.82704 18.1427 11.82216 9.01089 20.60355
0.96042 17.96267 12.3094 8.21379 20.93762
0.98575 18.16137 11.4962 8.39547 21.27712
0.93687 17.82418 10.98739 8.48842 22.01736
1.01384 17.75238 11.50081 8.3162 21.65971
0.92255 19.00072 10.57272 8.58561 21.24571
0.90012 18.37087 11.44309 8.78981 20.90036
1.00632 18.19986 11.49094 8.12618 21.49398
1.14546 18.46296 11.839 7.84983 21.04627
0.9331 17.78991 12.86309 7.85456 21.01788
1.22307 17.44895 13.74669 7.99785 20.24025
0.91359 17.66565 12.735 8.2963 20.85624
1.12772 18.1 12.05278 8.67749 20.4633
1.07011 17.68793 11.29558 8.36385 21.89112
0.79275 17.42183 11.70362 7.60981 22.69995
0.88458 17.85662 10.56008 8.4558 22.45765
1.04835 18.53192 11.34484 8.43792 21.10326
0.95272 17.35771 12.34071 8.32811 21.48391
0.89246 17.80523 11.21833 8.53862 21.83779
0.76455 18.06973 11.62745 8.32186 21.55768
0.95144 17.50435 11.61893 8.11376 22.10622
0.98459 16.67342 12.47842 7.65027 22.4859
0.81223 17.65457 12.29152 7.3254 22.15957
0.94563 17.86124 11.30695 7.58576 22.56676
0.8684 18.20975 10.79998 7.95093 22.35915
0.9178 17.66364 11.33714 8.3454 21.96045
0.82354 17.69391 11.31515 9.26943 21.27908
0.81768 16.92405 11.69913 8.85136 22.04432
0.95187 17.05521 13.23183 8.36647 21.0138
1.01294 17.67181 11.60035 8.64436 21.47919
0.94091 18.01024 10.80691 8.65556 21.83289
0.89443 18.65313 10.03004 8.6918 21.95425
0.92141 18.04702 10.71898 8.62228 21.97503
0.85736 18.51067 11.29167 8.41207 21.32936
0.82756 17.86593 11.73509 8.87272 21.15437
0.76711 18.44533 11.29501 8.45243 21.38644
0.71345 18.65487 10.97442 8.51054 21.39475
0.79802 17.97826 10.67951 8.34546 22.39441
0.80578 17.81536 11.89427 8.49707 21.35039
0.99015 17.60623 11.64958 8.01236 22.00383
1.04208 18.73963 11.32972 7.80701 21.3684
0.9323 18.25112 11.46373 8.09079 21.57076
1.22495 18.24241 10.96267 8.2052 21.63072
1.10017 18.25326 10.50314 8.61474 21.81894
0.91622 17.197 11.18463 9.52169 21.49444
0.99999 18.08917 11.51206 8.75296 21.01113
1.0261 18.62034 11.90454 8.55324 20.40476
1.03668 18.34341 12.30521 8.64866 20.31376
1.00306 17.91852 11.8335 8.85728 20.86321
0.99796 18.54329 11.15299 9.16898 20.67463
0.95863 18.51511 11.36048 9.00322 20.70382
0.92832 17.84082 12.30116 7.99043 21.39724
0.8749 17.24581 11.92398 7.70431 22.6007
0.90512 17.49702 11.21223 7.68757 22.96475
0.92472 18.56186 11.65511 7.8184 21.53426
0.95521 18.3916 11.96993 7.88214 21.22976
0.83428 18.06073 12.00648 7.96534 21.54237
0.96886 17.6698 12.39616 7.86144 21.54879
0.97615 17.67573 11.34621 8.38021 22.00678
0.94874 17.70373 11.64154 8.13737 21.88235
0.96301 18.70244 11.01428 8.06719 21.49316
0.88276 18.60563 11.45153 8.21426 21.17688
0.8973 17.55403 13.71066 7.37691 20.82144
0.93697 17.92113 13.39692 7.84023 20.59052
0.89708 18.22462 12.35258 8.38235 20.9313
0.95806 17.93289 11.97178 8.02815 21.49457
1.05699 17.5805 11.62854 7.97716 22.0161
1.03376 17.79844 12.00938 7.84394 21.6896
0.83096 17.87811 11.41684 7.85241 22.27323
0.84954 18.18695 10.80198 8.38135 21.984
0.98459 17.76677 10.83293 8.28996 22.32096
0.89214 18.20551 11.39833 8.06583 21.71831
0.7831 18.31525 11.78968 7.94401 21.49257
0.84342 17.07825 11.94821 8.55609 21.8887
0.88535 17.22931 12.74862 7.7889 21.75297
0.80944 17.81003 11.63895 7.78403 22.20552
0.91041 18.43935 13.1581 7.10176 20.97371
0.75192 18.83985 11.75035 7.88556 21.13582
0.71209 18.10448 10.74908 8.65101 22.0681
0.79879 18.94139 10.75908 8.32115 21.43816
0.78481 18.25908 12.19086 8.77134 20.51742
0.89712 18.21323 11.6527 7.94328 21.65923
0.80268 18.53804 10.37909 8.37666 22.16201
0.77596 17.34926 11.8982 7.93864 22.28253
1.00193 17.66237 11.66119 8.3973 21.5773
0.98742 18.14413 11.5173 8.46448 21.2479
1.01074 18.25953 11.8979 8.58728 20.61259
1.10551 18.2768 11.20799 8.33467 21.33749
0.96532 18.15551 11.18435 8.74985 21.25374
1.01252 17.83337 11.2658 8.41816 21.76182
0.95536 17.77611 11.08103 8.51802 21.93602
0.90327 17.43767 11.05417 8.3353 22.47096
1.01117 18.32821 11.5814 9.06424 20.43216
0.99809 18.50498 11.30356 8.96677 20.65622
1.09095 18.66191 11.96704 9.07173 19.73392
0.9726 18.62271 12.34722 8.38432 20.16626
1.07666 18.68842 12.49408 8.01897 20.35916
1.02271 18.48914 11.88399 8.56892 20.58965
0.87858 18.49995 11.76409 8.68809 20.64746
1.03866 17.96267 11.15629 8.49364 21.71368
0.83867 16.54125 12.68021 8.16237 22.13137
0.93288 17.31201 11.61144 7.38777 22.99134
0.84015 17.53699 11.85914 7.00379 22.94746
0.83999 17.98209 12.56699 7.3293 21.68431
0.83341 17.467 12.65676 8.14107 21.2843
0.97328 17.42032 11.54978 8.34794 21.96779
0.82098 17.76027 11.18225 7.854 22.5947
0.94964 18.1123 11.14728 7.54046 22.44186
0.72816 18.88426 10.93053 7.85958 21.85732
0.69589 18.13897 12.06769 7.25 22.1012
0.88713 18.8074 11.32817 7.57256 21.68864
0.88796 17.82677 13.72586 8.2141 20.1257
0.96772 18.7202 11.7983 8.07923 20.95205
1.02293 18.09719 11.95425 7.97869 21.39987
0.93073 18.03182 11.60109 7.80978 21.89255
0.86545 17.73079 11.58372 8.03933 22.06063
0.91745 18.04924 12.7901 7.39837 21.2276
1.00104 17.96487 11.8811 7.52759 21.8499
0.92773 17.77275 11.94175 7.2192 22.3763
1.02748 17.1722 11.86006 7.23516 22.94962
1.06512 17.74473 11.63675 7.74385 22.02574
1.05036 17.79555 10.76233 8.21268 22.38262
1.09741 17.13303 11.64575 7.889 22.45755
1.02768 17.40371 12.52175 7.73313 21.62202
1.05603 17.43062 11.66532 7.66599 22.43455
1.07214 17.75596 12.27318 7.43539 21.80353
1.0196 18.54266 12.44269 6.845 21.61
0.95471 18.2461 12.73223 6.63608 21.76122
0.93857 18.63798 11.16708 7.68445 21.83199
1.06192 18.15122 11.13317 7.84138 22.03042
1.04094 18.18854 10.88026 8.20566 21.93835
1.07323 18.35716 11.53366 7.98861 21.40655
0.94786 17.80611 11.84866 8.56935 21.31316
0.92691 16.84747 12.77813 8.47964 21.44548
0.99929 18.07622 13.66036 7.48297 20.45979
1.01637 17.07852 12.89372 7.91081 21.47649
0.93648 17.59096 12.83673 7.92556 21.21245
1.08507 17.56635 12.04009 7.30513 22.30212
0.95925 18.77935 11.57362 7.64364 21.35821
1.07079 18.68762 12.25549 7.47458 21.03122
0.89054 18.5362 11.95546 7.55755 21.58236
0.73696 18.09112 13.36778 7.5458 20.83075
0.77427 18.4444 12.24718 8.37461 20.73352
1.03435 17.97185 12.40645 8.21114 20.74366
0.97064 18.03595 12.27016 8.26137 20.93933
1.07133 17.36852 11.7827 8.45494 21.7472
0.97931 17.91912 11.57678 8.17332 21.68232
0.94695 18.22241 11.65666 8.1245 21.45551
1.14097 18.11667 10.25005 8.30737 22.43893
0.99999 18.21063 10.9966 8.55664 21.62087
0.93271 17.8839 12.29639 8.29744 21.04491
0.95453 17.3251 13.04056 7.89911 21.26182
0.90021 18.01351 12.71625 8.11066 20.73842
0.90051 17.77366 10.68236 8.42634 22.4151
0.87598 18.11353 11.08166 7.68699 22.44249
0.8104 17.94235 12.05081 8.41806 21.18592
0.67963 18.95261 12.92382 8.27997 19.92579
0.82239 18.60669 12.01829 7.96388 20.99303
0.80748 19.12264 10.89757 8.17025 21.3091
0.79857 18.31275 11.01354 8.34423 21.85489
0.91219 17.5574 10.75299 8.70414 22.30662
0.91332 17.52643 10.12301 9.63525 22.06053
1.02623 17.9434 11.11385 8.46597 21.78046
1.00322 17.10151 11.24416 8.30406 22.57226
0.91849 17.36631 11.20858 7.6564 23.05987
0.85399 17.49507 11.16516 7.88726 22.90616
0.80532 18.0194 10.87054 8.81324 21.77344
0.90472 18.90493 10.99888 8.03327 21.45872
0.89748 18.4808 11.0741 8.18961 21.66166
0.82951 18.89109 11.61444 7.8001 21.45316
0.76688 17.87809 11.9018 8.24847 21.58931
0.75683 17.89128 12.04388 8.37223 21.28109
0.73306 17.336 12.70827 8.06949 21.48611
0.74413 17.97571 11.75124 8.27548 21.54915
0.82348 18.68447 10.89219 7.76119 22.04698
0.75534 18.24152 11.8034 7.66146 21.88777
0.68367 17.38428 12.42093 8.22674 21.81698
0.60785 18.62221 11.80123 8.32695 21.04852
0.74423 18.11383 11.51365 7.64222 22.27107
0.74998 17.82554 12.1737 8.29429 21.50171
0.72721 17.96706 13.02762 8.12869 20.82348
0.78301 18.80075 11.10783 9.0754 20.76845
0.75135 18.05127 12.44371 8.77569 20.6425
0.76057 18.77954 11.67684 8.7125 20.55423
0.71482 18.63402 12.80638 8.26978 20.39266
0.68794 18.03661 12.56932 8.35288 21.01789
0.7217 18.85671 12.07926 8.5107 20.38821
0.80581 18.87139 10.68981 9.02299 20.90904
0.80545 18.97213 11.05182 8.4669 21.09636
0.79566 18.63001 10.67587 8.13047 22.01403
