"V1" "V2" "V3" "V4" "V5"
0.45659 28.70116 3.61225 2.1949 25.10753
0.43348 27.9496 3.50024 2.3761 25.79773
0.39041 28.50155 3.59379 2.05789 25.51541
0.42749 29.22705 3.89699 1.99375 24.5263
0.42179 28.5017 3.82942 2.24598 25.07298
0.31408 28.16214 3.45531 2.58882 25.54456
0.4119 28.00816 4.39071 2.6727 24.6224
0.50009 30.148 3.9765 2.91051 22.64991
0.4565 29.99879 3.44826 2.71064 23.49187
0.40162 29.20232 3.34505 2.16889 24.95435
0.3804 30.10804 3.31394 2.32407 23.98928
0.38002 29.20408 3.75499 2.13032 24.6182
0.42492 28.50231 3.81497 2.12692 25.22873
0.44107 29.01789 3.61859 2.26276 24.7598
0.40981 28.82203 3.87068 2.01507 24.97957
0.49021 28.74778 3.32634 2.19606 25.2988
0.44183 29.89281 3.74294 2.50592 23.54243
0.48938 29.33997 3.18758 2.6057 24.46176
0.48374 28.82447 2.9858 2.43421 25.34391
0.47573 28.66032 3.46139 2.28359 25.20392
0.47792 29.2313 3.5319 2.27346 24.58275
0.47718 28.42925 3.73497 2.35894 25.08445
0.53185 29.13689 3.84287 2.32204 24.27508
0.57292 29.21444 3.30571 2.46764 24.54566
0.62419 29.1666 3.11971 2.34163 24.81809
0.56815 29.15161 3.0596 2.48812 24.80173
0.53488 29.25831 3.15324 2.5414 24.60621
0.49143 28.73597 3.34692 2.68829 24.81856
0.4478 28.46428 3.66552 2.70015 24.79944
0.39593 28.79487 3.39315 2.56846 24.93178
0.38746 29.15435 3.39258 2.38133 24.77451
0.47735 30.00139 3.21533 2.75873 23.63224
0.43729 29.58476 3.41471 2.54491 24.09881
0.51628 29.32262 3.01074 2.59475 24.64361
0.51432 27.60363 3.32648 2.44887 26.15612
0.44955 28.7551 3.32873 2.42865 25.08546
0.48216 29.13437 3.26289 2.51578 24.68213
0.46758 29.53431 3.21818 2.58775 24.27833
0.44388 29.70426 3.36334 2.58122 24.00753
0.45433 29.91009 3.49495 2.68569 23.56114
0.49764 28.76427 3.75079 2.69787 24.37363
0.46893 28.063 3.67999 2.49609 25.36604
0.39088 29.31648 3.40749 2.38312 24.58886
0.44594 29.38792 3.10658 2.25791 24.85914
0.50011 29.43098 3.19954 1.9887 24.95166
0.57268 28.97086 3.20605 1.99844 25.31399
0.54361 28.53638 3.47095 2.2457 25.27469
0.48868 30.62484 3.81912 2.32696 22.86951
0.51071 28.61904 4.06871 2.20716 24.67737
0.56752 29.82408 4.01432 2.28465 23.42737
0.59804 28.86968 3.7593 2.36258 24.47115
0.51933 29.0134 3.59195 2.50165 24.44823
0.44905 28.79463 4.11758 2.63411 24.13141
0.5223 29.17878 3.70337 2.87694 23.87467
0.53061 28.69343 3.39676 2.4095 25.0466
0.46335 29.71215 3.43466 2.42943 24.08736
0.42 29.47045 3.28 2.69731 24.24275
0.40205 29.82924 2.93123 2.52359 24.4076
0.32138 30.02003 2.82936 2.74818 24.20303
0.38691 30.12146 2.99241 2.607 23.99959
0.42418 29.1872 3.60903 2.25491 24.62252
0.41748 28.84116 3.52251 2.10327 25.20518
0.53517 29.4251 3.44091 2.40256 24.27948
0.43967 29.47536 3.2041 2.51698 24.45577
0.46097 29.91847 3.28663 2.75822 23.69017
0.40698 29.65802 3.44283 2.52728 24.09309
0.42511 29.45275 3.49919 2.62641 24.0962
0.42084 29.10767 3.46808 2.54191 24.55276
0.48467 31.21003 3.04263 2.60865 22.82211
0.46839 31.15179 3.3422 2.50928 22.71763
0.52419 29.17038 3.58948 2.32627 24.49399
0.46353 29.22572 3.68856 2.711 24.01233
0.41193 29.6903 3.72507 2.63492 23.67863
0.39958 29.01173 3.62963 2.87228 24.17978
0.40598 28.67351 3.19869 2.84017 24.95394
0.48986 29.23077 3.55125 2.67707 24.16504
0.46163 28.22588 3.58213 2.62786 25.19349
0.50888 29.16527 3.01723 2.48994 24.87635
0.46538 28.56557 3.36773 2.59668 25.07766
0.46413 30.03246 2.95742 2.77292 23.88863
0.41297 29.07817 2.94549 2.85461 24.78568
0.42091 29.57548 2.77374 2.66867 24.64466
0.42007 30.03471 3.05352 2.1701 24.41717
0.44138 29.65946 3.42543 2.588 24.00427
0.44029 29.4596 3.22295 2.67421 24.28703
0.40551 29.45322 3.44212 2.41323 24.37067
0.42465 29.00427 3.6715 2.39945 24.58083
0.41893 30.30418 3.76646 2.36328 23.28691
0.39765 28.61417 3.93186 2.765 24.39274
0.44432 29.46166 3.11722 2.67796 24.38203
0.45163 29.84179 2.82569 2.49273 24.47134
0.44117 29.92989 3.0432 2.20383 24.45884
0.55524 29.05061 3.51904 2.30866 24.64607
0.54093 29.73676 3.23512 2.61562 23.96692
0.56149 29.28389 3.31088 2.45778 24.45632
0.49939 29.23186 3.3844 2.71562 24.24368
0.50552 28.46723 3.92233 2.62366 24.56843
0.44278 28.32745 3.41819 3.01597 24.88562
0.4399 27.79481 3.71725 2.51346 25.60601
0.43613 28.55841 3.84577 2.48391 24.75616
0.45147 27.73837 3.88048 1.90357 26.09025
0.45615 27.99182 3.85513 2.06608 25.70215
0.51017 29.63055 3.35247 2.1706 24.45243
0.42361 29.82853 3.16338 2.47343 24.20253
0.49669 30.03592 3.15014 2.71957 23.71093
0.41669 29.53889 3.2291 2.47454 24.42778
0.46554 29.13451 3.20588 2.29795 24.97683
0.3811 29.83845 3.00961 2.45972 24.40417
0.4565 29.09288 3.56805 1.94112 25.04675
0.41003 29.89714 3.36 2.60475 23.88658
0.40122 28.04014 3.1579 2.3943 26.05096
0.47978 30.04808 3.64361 2.23397 23.7222
0.49872 29.3393 3.80902 2.25337 24.19981
0.4069 29.25667 3.00322 2.21959 25.16137
0.42511 29.36676 3.41495 2.36223 24.52043
0.46933 28.81838 3.2641 2.26939 25.23443
0.50279 28.33847 3.21117 2.2726 25.72422
0.43812 29.71289 3.30217 2.29475 24.34356
0.47835 29.10051 2.80805 2.41507 25.25067
0.35127 29.45537 3.00244 2.21121 25.04186
0.39747 29.29148 2.86295 2.36513 25.13794
0.38415 29.80307 3.06658 2.21802 24.58584
0.40076 30.11421 2.88355 2.56772 24.12059
0.45963 28.42999 3.4822 2.57107 25.13332
0.44589 28.42127 3.55157 2.41633 25.23441
0.54086 29.5789 3.33196 2.60586 24.04694
0.59634 29.52632 2.90592 2.52213 24.51761
0.50563 28.36123 3.18341 2.54168 25.45573
0.41892 29.18205 3.25338 2.41402 24.80837
0.4057 29.80682 3.30475 2.2005 24.36888
0.39396 29.31642 3.87927 2.3297 24.16635
0.41528 28.78469 3.81497 2.17345 24.8919
0.40503 29.89779 3.63653 2.29446 23.8868
0.39963 29.14891 3.4245 2.07796 25.03567
0.46933 29.00534 3.0003 2.31868 25.26829
0.39 29.00108 3.23687 2.3494 25.08151
0.37615 28.95439 3.22464 2.63897 24.87589
0.41066 29.08284 3.83529 2.66851 24.10748
0.39094 29.37097 3.50595 2.26816 24.59002
0.34809 29.89412 3.68396 2.2031 23.99906
0.39572 28.39861 3.45836 2.46928 25.33964
0.39778 28.98812 3.31136 2.83439 24.57283
0.38958 29.15722 3.39663 2.71544 24.45009
0.40151 29.01836 4.08639 2.44848 24.21272
0.37586 28.90291 3.95645 2.31229 24.6148
0.35113 27.79763 4.10043 2.64705 25.22551
0.43333 29.00663 3.3869 2.73669 24.54177
0.40699 29.50603 3.10015 2.66895 24.42687
0.38988 29.403 3.10395 2.15304 25.0621
0.41579 28.96631 3.13514 2.55746 24.9994
0.3469 30.43273 3.47379 2.58242 23.29941
0.40986 29.30389 4.08681 2.15831 24.15817
0.47888 29.11109 3.8696 2.48129 24.16745
0.45334 29.95477 3.78227 2.42695 23.51006
0.34504 29.20702 3.60699 2.21252 24.72873
0.42383 29.44749 3.38209 2.72434 24.11487
0.41366 28.83389 3.36481 2.41993 25.04147
0.35078 28.93683 4.04269 2.27754 24.54411
0.33267 29.59478 3.57151 2.43371 24.20096
0.41451 29.05794 3.86556 2.29845 24.45765
0.41806 29.82943 3.44709 2.38035 24.02236
0.37425 29.54515 3.41436 2.54852 24.19347
0.48869 28.64737 3.26882 2.67308 24.99816
0.41402 28.22693 3.67001 2.41293 25.35858
0.42991 28.81752 3.69977 2.39367 24.73385
0.43772 28.93419 3.34511 2.35107 25.00121
0.47579 29.05037 3.46164 2.18627 24.91527
0.44958 29.18035 3.352 2.39899 24.74143
0.45914 28.86186 3.43792 2.55344 24.78567
0.50408 28.34792 3.65492 2.53137 25.04629
0.45084 28.89382 3.83942 2.55463 24.37544
0.49229 28.85304 3.44184 2.43748 24.87412
0.47991 29.00724 3.53737 2.34745 24.73537
0.5418 28.82458 3.37515 2.76037 24.61182
0.51836 29.17453 3.38601 2.49243 24.51901
0.48079 28.38011 3.2757 2.35192 25.58018
0.45525 28.44191 3.14613 2.46256 25.5738
0.48501 28.60263 3.70347 2.67519 24.6348
0.4145 29.58198 3.04832 2.42986 24.61774
0.47356 29.23952 2.99728 2.55088 24.8378
0.40887 29.8954 3.53259 2.65628 23.63832
0.45523 29.77597 3.38502 2.54178 23.95642
0.4124 29.14905 3.31886 2.5506 24.65184
0.38749 29.30556 3.38675 2.4193 24.59038
0.32873 29.89573 3.82269 2.65086 23.43787
0.39787 30.09361 3.36953 3.07315 23.23281
0.48087 29.97982 3.56088 2.77015 23.36683
0.39758 30.26385 3.47568 2.21722 23.76007
0.46232 29.5171 3.75889 2.88238 23.52447
0.45537 29.31568 3.63867 2.53337 24.20095
0.45844 28.42427 3.28664 2.5433 25.3497
0.4273 29.39451 3.43511 2.51622 24.34747
0.36502 28.95906 3.78532 2.41631 24.56372
0.40969 28.88857 3.6864 2.22995 24.89199
0.49698 28.523 3.93419 2.50064 24.65879
0.40002 28.70274 3.8166 2.58766 24.61249
0.44174 28.98887 3.6086 2.47285 24.60187
0.4338 29.16156 3.60495 2.62359 24.28344
0.41497 29.54097 3.15611 2.8379 24.15134
0.44589 29.45407 3.48491 2.79463 23.93805
0.37816 30.43902 3.02415 2.51569 23.73511
0.36401 29.3487 3.27717 2.61518 24.48667
0.3969 29.4273 3.43383 2.52177 24.33277
0.45014 30.58883 3.67721 2.68189 22.77443
0.40552 29.02687 3.65114 2.36114 24.65355
0.429 29.80763 3.44207 2.51386 23.90673
0.41097 29.48676 3.11619 2.71275 24.36243
0.39102 28.4339 3.79197 2.71564 24.78422
0.35323 28.36943 3.65596 2.36171 25.36081
0.36494 28.61324 3.10715 2.21963 25.77677
0.30705 29.01935 3.16731 2.38169 25.20148
0.38307 28.87899 3.54878 2.49062 24.79956
0.4231 29.2092 3.1684 2.62027 24.69138
0.44881 29.57782 3.27911 2.91994 23.90842
0.40798 28.96336 3.44222 2.3336 24.96051
0.45911 28.8472 3.6469 2.79989 24.38861
0.4759 27.7981 3.74198 2.84343 25.28278
0.56665 27.8579 3.81762 2.74448 25.13989
0.5469 27.7043 4.11199 2.63479 25.10551
0.48913 28.55526 3.85266 2.80965 24.43274
0.40114 29.23657 3.64574 2.73994 24.06712
0.50778 28.80899 3.27847 2.65077 24.83267
0.49747 29.28081 3.61015 2.64795 24.09447
0.51192 29.5647 3.73749 2.7554 23.57319
0.52509 28.98676 3.66995 2.19467 24.74084
0.52268 29.01031 3.56327 2.34831 24.66337
0.50366 28.99854 3.37745 2.51498 24.72762
0.51142 28.58096 2.88874 2.70911 25.3709
0.44356 29.30539 3.27147 2.22397 24.83402
0.44155 28.91673 3.41327 2.64848 24.66499
0.54177 29.47646 3.16879 2.5406 24.35057
0.47171 29.1122 3.36585 2.47206 24.66588
0.4983 29.84639 3.13132 2.34606 24.26848
0.50409 28.16525 3.11044 2.1651 26.10748
0.45023 30.31253 3.12614 2.36071 23.8578
0.44124 30.03707 3.15739 2.6218 23.84061
0.37274 30.17453 3.55637 2.5404 23.47668
0.42801 28.45043 3.6582 2.31911 25.23858
0.44464 28.60466 3.60654 2.52221 24.88932
0.44401 29.20194 3.84221 2.65908 23.94791
0.37995 28.64528 3.71061 2.65865 24.68212
0.38162 29.77457 3.7234 2.12195 24.07475
0.41088 30.70608 3.07979 2.34316 23.56013
0.47592 29.57794 2.85334 2.50142 24.66267
0.35922 29.40774 2.69261 2.21838 25.38004
0.3755 29.31503 3.26959 2.19387 24.93049
0.42286 29.52396 3.59299 2.34764 24.26897
0.41434 29.64187 3.44481 2.29541 24.33417
0.43752 29.29624 3.07709 2.23509 25.01143
0.43016 29.99915 2.91306 2.72298 24.06149
0.43151 29.84015 3.35334 2.39363 24.08095
0.46939 30.00421 3.1622 2.59736 23.85614
0.46341 29.25119 3.15754 2.69175 24.50935
0.43187 28.20495 3.30746 2.33676 25.78397
0.40178 28.75534 3.41381 2.34135 25.15587
0.44019 29.07475 3.13026 2.54927 24.88651
0.41392 28.90217 2.98 2.44149 25.33671
0.51985 30.28594 3.0565 2.37587 23.86281
0.44731 29.06864 2.74565 2.53317 25.26515
0.51233 28.8027 2.89383 2.3454 25.51657
0.44047 28.546 3.51274 2.43494 25.1353
0.51234 30.23657 3.06031 2.48722 23.82637
0.40975 30.09318 3.0623 2.6714 23.86328
0.38799 28.90542 3.03088 2.71627 25.01859
0.4759 29.00824 3.03172 2.43262 25.12533
0.45403 29.98804 3.23051 2.78497 23.64114
0.4811 28.88182 3.1649 2.44388 25.08763
0.43739 28.32104 3.09583 2.70586 25.48445
0.44393 29.03094 3.20295 2.68533 24.70421
0.45618 29.05462 3.34138 2.36801 24.85541
0.45814 28.4422 3.61807 1.98844 25.56461
0.58388 28.35532 3.62097 2.56018 24.99328
0.49271 29.15824 3.4529 2.60047 24.41187
0.51204 28.22222 3.20225 2.43085 25.69547
0.44862 28.8025 3.93791 2.3079 24.59148
0.47531 29.3338 3.72088 2.40104 24.18
0.4643 28.59434 3.48933 2.17301 25.3422
0.47338 29.10322 4.19458 2.25271 24.10217
0.51568 28.08681 4.34154 2.13564 25.04062
0.49779 29.06365 3.44561 2.27228 24.80126
0.46207 29.54797 3.43058 2.24051 24.38833
0.44147 28.3602 3.55419 2.71138 24.99042
0.43928 29.06477 3.31862 2.55573 24.70234
0.50829 29.67887 3.39686 2.58356 23.94803
0.50552 29.47859 3.64035 2.5598 23.93317
0.44805 30.20934 2.96898 2.2137 24.24216
0.51407 29.63175 3.34174 2.40328 24.20813
0.39688 29.18145 3.16818 2.59903 24.71472
0.46891 30.35648 2.99802 2.6529 23.66101
0.49009 29.11946 3.4209 2.7325 24.35361
0.59674 29.0572 2.86219 2.61329 24.94436
0.56104 28.9638 2.81279 2.59227 25.14244
0.56861 28.39995 3.31592 2.72033 25.07311
0.56366 29.13777 3.3415 2.92274 24.13434
0.51983 30.24425 3.09685 2.59111 23.66074
0.46718 29.20479 3.15455 2.81082 24.46367
0.53434 29.78961 2.81482 2.92555 24.02799
0.58209 28.37612 2.97661 2.73026 25.39406
0.54908 29.8538 2.82031 2.61188 24.27375
0.48502 28.85456 3.2471 2.80251 24.69045
0.50634 29.31854 3.13069 2.69188 24.43296
0.46249 29.85386 3.36275 2.45601 23.95356
0.48274 28.64458 3.48872 2.23263 25.21364
0.48505 29.14486 3.55005 2.45876 24.51865
0.48084 28.68868 3.21494 2.29477 25.39556
0.42787 29.87519 3.1854 2.51393 24.12339
0.45088 29.45489 3.04301 2.49083 24.64553
0.40933 29.80057 3.17491 2.86882 23.87032
0.43294 28.69595 3.08041 2.96748 24.91079
0.52728 30.60864 3.24667 2.67517 23.09166
0.48508 29.54713 3.21409 2.43738 24.40393
0.38859 30.23335 3.28899 2.6483 23.58587
0.4346 31.59552 3.06259 2.57084 22.52994
0.4315 30.32301 3.45717 2.56458 23.39899
0.43282 29.74897 3.59291 2.58885 23.80873
0.51422 29.14093 3.77386 2.3343 24.34739
0.37262 28.71006 3.50343 2.57687 24.9063
0.44175 29.47578 3.28123 2.58685 24.29896
0.41821 28.92732 3.91659 2.76627 24.06429
0.45628 29.32073 4.04402 2.53581 23.76427
0.43369 28.34337 4.01312 2.71668 24.60689
0.40478 28.68766 3.11011 2.91926 24.96629
0.45045 28.83281 3.32725 2.69635 24.79827
0.4295 30.0678 3.66607 2.62819 23.35936
0.44743 29.80725 3.5932 2.78361 23.48203
0.41179 30.50788 2.89013 3.31347 22.99414
0.39509 31.24597 3.01339 2.73538 22.75667
0.41827 29.85228 3.3019 2.63917 23.90102
0.43774 29.42188 3.66201 2.64955 23.91877
0.54363 29.42307 3.12273 2.38651 24.61503
0.50948 29.00204 3.37124 2.18404 25.01721
0.55197 27.96605 3.38826 2.42633 25.75543
0.57391 30.19628 3.49435 2.80711 23.10769
0.66202 29.50572 3.79224 2.64604 23.57357
0.61368 28.6881 3.76853 2.86732 24.21789
0.61904 29.36379 3.19011 2.33086 24.58286
0.59661 29.59115 3.15798 2.58891 24.14485
0.59814 28.66327 3.17244 3.09198 24.54411
0.58587 28.84122 2.88934 2.80935 24.94954
0.52019 28.04912 3.33952 3.07299 25.07598
0.50863 28.83144 3.1585 2.66376 24.90765
0.50608 29.01211 3.05668 2.5896 24.89035
0.47884 29.2104 3.05104 2.18399 25.15181
0.44654 29.94555 3.15582 2.37665 24.15969
0.54665 29.33619 3.09455 2.57612 24.53955
0.5935 29.41621 3.10519 2.79467 24.19054
0.66294 29.37351 3.23004 2.4999 24.35898
0.53526 30.29336 3.29114 2.63403 23.36571
0.56608 29.12466 3.71877 2.91888 23.78446
0.50137 28.40018 3.72103 3.08186 24.37821
0.48454 30.11449 3.2989 3.14989 23.08464
0.51691 29.7364 3.32763 2.68424 23.8275
0.5309 28.40752 3.29902 2.43058 25.37415
0.51784 29.0387 3.05069 2.51861 24.93017
0.45212 29.47923 3.54544 2.55859 24.06879
0.43747 28.07039 3.72233 2.4898 25.34487
0.45436 29.16916 3.47382 2.57973 24.40233
0.49153 28.62736 4.49818 2.42919 24.116
0.52412 28.68999 4.12252 2.36377 24.44696
0.47563 29.10963 4.47377 2.40557 23.72951
0.45176 28.07981 3.71351 2.21048 25.61745
0.4539 27.83428 3.59443 2.78921 25.41519
0.45855 29.24468 3.21773 2.89759 24.30295
0.38277 28.78939 3.61596 2.93625 24.38059
0.40482 29.82779 3.43673 2.52522 23.91573
0.45036 29.72749 3.4907 2.44653 23.98149
0.48973 29.16308 3.32736 2.22192 24.8812
0.44075 28.79855 3.34872 2.60368 24.88974
0.41045 29.3472 3.2966 2.64309 24.41097
0.4001 28.84816 3.16712 2.76835 24.91722
0.47831 28.78077 3.72228 2.39357 24.7561
0.46722 28.34404 4.30924 2.58594 24.44922
0.46225 28.98188 3.89712 2.27037 24.48093
0.49426 28.70041 4.31416 2.35181 24.25689
0.42222 28.86244 4.29812 2.61704 23.93209
0.528 28.37087 3.95936 2.55345 24.69844
0.44883 29.63398 3.72025 2.74553 23.57957
0.50386 28.38292 3.65198 2.35632 25.1969
0.42552 28.64078 3.20689 2.8165 24.98372
0.40776 29.20904 3.561 2.472 24.45415
0.46606 28.78341 3.5592 2.38792 24.89518
0.46928 29.42827 3.46315 2.7376 24.0044
0.5072 29.46261 3.23099 2.94093 23.95079
0.42994 29.59197 3.11064 2.95049 24.02077
0.44956 29.325 3.12072 2.9907 24.19976
0.49321 29.93207 2.88554 2.97661 23.81128
0.55117 29.72355 2.70052 2.90513 24.21061
0.51654 29.68852 2.62515 3.05549 24.19061
0.48433 30.86155 2.89075 2.82954 23.05954
0.45228 29.51108 2.68373 2.62201 24.79658
0.45475 29.36814 3.07009 2.52528 24.66628
0.51707 29.43934 3.03861 2.56097 24.54468
0.44572 28.18054 3.14425 2.56992 25.7323
0.38206 28.79462 3.45991 2.42337 25.04467
0.37586 27.90076 3.29458 3.00874 25.48236
0.37801 28.62026 3.54614 2.63462 24.94487
0.39691 29.89912 3.54047 2.79596 23.49236
0.35174 29.11551 3.27354 2.43838 24.89565
0.37217 29.18973 3.5356 2.5846 24.42895
0.38185 29.13529 3.74775 2.70369 24.14016
0.33981 29.84399 3.6961 2.85649 23.42378
0.38113 29.52955 3.36603 2.79067 24.03408
0.3689 29.72268 3.27466 2.71359 24.01995
0.3896 29.20916 3.26944 2.93335 24.2977
0.33543 29.5154 3.5909 2.76653 23.91852
0.44141 29.68314 3.25832 2.5171 24.20627
0.37736 30.97254 3.23016 2.63126 22.91527
0.34047 30.05584 3.08467 2.64254 23.95896
0.3484 29.46171 3.68432 2.43393 24.16852
0.35618 29.35893 3.46635 2.37529 24.53308
0.30282 29.61577 3.07407 2.41767 24.65332
0.39449 29.61379 3.03403 2.52378 24.51585
0.43913 29.08157 2.98491 2.77986 24.7634
0.39518 28.62364 3.13999 2.53251 25.34882
0.45137 29.40091 3.03825 2.54879 24.6338
0.3934 29.68935 3.3561 2.1577 24.49281
0.44645 29.34188 3.31977 2.36907 24.60301
0.45415 29.70171 3.58483 2.51357 23.87163
0.43141 29.00527 3.25738 2.37992 25.0142
0.44529 30.06816 3.4054 2.53305 23.66674
0.47444 28.47139 3.1067 2.63565 25.37415
0.41942 28.98505 3.09733 2.75346 24.8158
0.46666 29.19966 3.57689 3.08355 23.80038
0.48708 27.8526 3.37511 2.96544 25.3704
0.4873 28.12013 3.51163 3.35643 24.61193
0.41261 28.77502 3.59364 2.91905 24.38762
0.44201 28.06026 3.71138 2.81049 25.04737
0.49351 28.28084 3.1584 2.54872 25.57416
0.45503 28.92729 3.3251 3.02739 24.37151
0.45234 29.73894 3.03763 2.95446 23.94732
0.40812 28.93434 3.16649 3.15265 24.43774
0.427 29.61985 3.42434 2.93251 23.7059
0.42176 28.90712 3.37255 2.58202 24.79319
0.43102 29.10423 3.52935 2.34684 24.66351
0.50991 29.64502 3.8661 2.04652 24.07571
0.48404 28.60564 3.73645 2.26922 25.01212
0.44449 29.61905 3.65017 2.02661 24.37916
0.51653 28.11237 3.77692 2.48724 25.18277
0.39094 29.26969 3.55728 2.23209 24.62362
0.45588 28.73556 3.74335 2.39583 24.75053
0.43691 29.71585 3.94565 2.56692 23.51621
0.43398 29.39476 3.7016 2.33438 24.25578
0.471 28.95999 3.78426 2.25844 24.63672
0.41647 29.66962 3.4245 2.61383 23.95613
0.42395 29.74677 3.26681 2.44315 24.20127
0.492 29.56773 3.17527 2.39528 24.4351
0.42828 29.22534 3.5113 2.35915 24.55665
0.43545 29.93605 3.28369 2.54896 23.92732
0.48783 28.3697 3.4473 2.34478 25.41391
0.39918 28.97882 3.08263 2.1501 25.45643
0.46984 29.99876 3.24557 2.08809 24.28741
0.49208 29.65864 3.30019 2.48072 24.18783
0.4981 28.8783 4.10168 2.37524 24.33718
0.51048 29.97719 3.94137 2.16173 23.58531
0.46421 30.2648 3.46316 2.41681 23.54517
0.52217 27.78868 3.69669 2.22614 25.82651
0.5024 28.26637 3.86692 2.30159 25.14987
0.42496 27.91382 3.61059 2.41984 25.68694
0.44956 29.08498 3.40879 2.65511 24.48207
0.4856 30.27157 3.50345 2.57858 23.28835
0.6166 29.87922 3.30262 2.64808 23.66325
0.47143 29.83143 3.1597 2.78952 23.85495
0.39869 30.0619 3.16995 2.41463 24.0621
0.46531 29.92298 2.89828 2.51716 24.2803
0.47312 30.38096 2.7989 3.08725 23.38263
0.39621 29.50792 3.13721 2.81238 24.27248
0.39136 29.0232 3.1773 2.76082 24.7282
0.39238 30.18931 3.171 2.66865 23.72358
0.39871 29.8969 3.19258 2.50474 24.12922
0.41748 30.04756 3.27542 2.59951 23.76669
0.38676 29.21496 3.29303 2.43239 24.74611
0.37379 30.26461 3.59602 2.29811 23.59367
0.38714 29.85134 3.4418 2.56413 23.89933
0.34888 30.52957 3.31798 2.59775 23.36218
0.40699 29.57393 3.23313 2.5038 24.38072
0.42326 28.11662 3.53725 2.58114 25.41625
0.47108 28.93454 3.42106 2.56139 24.69317
0.49791 28.41131 3.85323 2.50583 24.84629
0.45507 28.905 3.54359 3.03781 24.14923
0.51741 27.94889 3.44007 3.30047 24.86661
0.55377 29.49069 3.25287 3.18753 23.64625
0.5252 29.13055 3.84828 2.92369 23.69123
0.53842 29.93537 3.36416 2.86685 23.41331
0.41389 28.99697 3.13702 2.77318 24.7605
0.46307 28.35475 3.41155 2.94464 24.90852
0.43494 30.63581 3.14951 3.29602 22.68057
0.39782 29.39035 3.33494 2.80841 24.18287
0.38929 29.41493 3.35046 2.67927 24.25282
0.48023 28.674 3.20559 2.66207 25.05175
0.49026 29.42114 3.35309 2.45115 24.38551
0.52142 29.52592 3.84962 2.50154 23.73961
0.50414 29.66962 3.44879 2.48649 24.01854
0.53017 30.21166 3.30306 2.22269 23.84371
0.49649 29.60542 3.51591 2.27791 24.21248
0.51776 29.68318 3.52221 2.36949 23.99948
0.51737 29.9017 3.27294 2.58133 23.83091
0.45582 29.57228 3.22304 2.42406 24.4561
0.45426 28.29728 3.14822 2.60991 25.56633
0.44205 29.33366 3.39214 2.59564 24.32029
0.45899 30.07071 3.1822 2.3666 24.02443
0.40845 29.20779 3.28478 2.21531 24.95031
0.42719 28.21908 3.26257 2.23808 25.91682
0.42464 30.10105 3.31235 2.43938 23.81393
0.49482 28.72135 3.41315 2.6052 24.83903
0.4342 29.05879 4.08806 2.53616 24.03402
0.36543 28.22372 4.45073 2.13934 24.93725
0.33859 28.88804 4.76586 2.067 24.11549
0.34013 28.18732 4.44907 2.49535 24.66023
0.41487 29.16535 3.65232 2.45995 24.39536
0.46929 29.21132 3.49588 2.55159 24.35448
0.44326 28.51691 3.6143 2.41634 25.07974
0.50568 29.69051 3.50014 2.58703 23.83007
0.51158 29.45921 3.32745 2.47682 24.31661
0.52301 28.61219 3.24283 2.43182 25.25647
0.54642 29.0115 3.18757 2.4949 24.82583
0.51734 30.65214 3.11162 2.57037 23.27494
0.52196 29.41953 3.14371 2.59702 24.44931
0.48832 29.01827 3.66152 2.36044 24.60344
0.4003 29.11356 3.64951 2.53195 24.39863
0.41129 29.14756 3.41412 2.75165 24.38872
0.41758 28.64603 3.42539 2.89171 24.7249
0.46833 28.61298 3.42178 2.65077 24.92921
0.418 28.40774 3.32131 2.51599 25.40446
0.39706 29.35301 3.57829 2.5779 24.22767
0.39703 28.81781 3.49957 2.90337 24.47753
0.36291 29.44663 3.09192 2.73366 24.45078
0.34152 28.67376 3.39095 2.63744 25.03108
0.45705 28.9745 3.45028 2.33066 24.86665
0.51558 28.12667 3.83595 2.26275 25.33631
0.48947 28.69135 3.58922 2.42674 24.91877
0.56256 28.50755 3.43338 2.2035 25.36451
0.46334 28.6831 3.57226 2.41152 24.95703
0.42138 29.75138 3.22801 2.69962 23.99805
0.50209 29.63123 3.73061 2.82485 23.45305
0.53409 28.35222 3.69344 2.67847 24.80596
0.54877 28.75224 3.56575 2.5616 24.63842
0.40368 30.36235 3.65785 2.35146 23.32079
0.48339 28.38026 3.54265 2.36737 25.30594
0.47801 28.74637 3.43165 2.38774 25.02701
0.41672 28.14969 3.5913 2.84827 25.058
0.39695 29.14174 3.28125 2.87037 24.37047
0.46987 29.88919 3.14533 2.34321 24.25194
0.49652 29.7448 3.76087 1.97516 24.12176
0.43635 29.59884 3.76959 2.36899 23.91824
0.53679 29.25994 3.7061 2.19073 24.41663
0.4864 29.4362 3.34219 2.25315 24.59516
0.43014 28.17594 3.81387 2.37191 25.28859
0.3814 28.514 4.12093 2.2934 24.81046
0.41402 29.32834 3.4861 2.30307 24.58581
0.44623 29.9716 3.31706 2.2415 24.12419
0.42602 28.83743 2.9167 2.24952 25.63234
0.44241 29.76998 2.96168 2.21851 24.70143
0.40888 30.13748 3.29986 2.3738 23.89833
0.45858 29.30387 3.83193 2.10936 24.39359
0.39586 29.05166 3.84494 2.32952 24.45044
0.39227 29.8175 4.1216 2.34101 23.45142
0.42115 29.09016 3.60839 2.52632 24.43086
0.42241 28.72018 3.68093 2.58549 24.65985
0.37806 29.59556 3.03048 2.23886 24.83054
0.35487 29.03655 3.36351 2.51441 24.79652
0.45124 27.93677 3.38057 2.23174 26.05312
0.4339 28.32504 3.82164 2.13698 25.37471
0.47601 28.496 3.85063 2.1752 25.08962
0.57743 28.38312 3.98568 2.04601 25.10019
0.42185 29.58241 3.57144 2.09484 24.41926
0.66787 29.21 3.42555 2.63719 24.15239
0.67479 30.06579 3.31358 2.61087 23.47092
0.52287 29.16477 3.30396 2.53517 24.56899
0.6334 29.32941 3.11406 2.47803 24.55799
0.52995 29.29049 3.91134 2.14748 24.27485
0.56755 29.01973 3.40496 2.34704 24.78369
0.5383 29.73576 3.01448 2.30597 24.52813
0.53643 28.46926 3.18911 2.05988 25.81934
0.56097 28.38281 3.20013 2.09528 25.82743
0.41414 28.52553 3.36088 2.06588 25.68797
0.5268 28.24383 3.61703 2.38735 25.3294
0.54111 28.21624 3.49135 2.42402 25.4048
0.47474 29.42918 3.24061 2.48854 24.45358
0.59665 27.91618 3.55565 2.3193 25.6599
0.59477 28.42126 3.31766 2.21388 25.51644
0.56385 29.2578 3.67651 2.27529 24.33017
0.54731 28.929 4.0323 2.58469 24.01904
0.46653 29.63549 3.89171 2.46398 23.6573
0.5008 29.40803 4.004 2.66568 23.56198
0.48796 29.60567 3.58639 2.67644 23.76107
0.45058 29.52566 3.403 2.90461 23.83877
0.50915 28.88322 3.45556 2.94077 24.31466
0.54042 29.00984 3.2952 2.81784 24.42392
0.51811 28.85037 3.29131 2.84128 24.59147
0.53954 28.277 3.37098 2.54896 25.3269
0.49474 29.41147 3.74922 2.86681 23.61066
0.60136 28.71196 3.52796 2.74975 24.52201
0.60524 28.02621 3.74679 2.92789 24.78585
0.55085 28.83874 3.59629 2.76969 24.33804
0.53827 28.44325 3.28297 2.56306 25.23819
0.55426 29.17794 3.08918 2.27926 24.96852
0.52709 29.80287 3.26555 2.20717 24.28539
0.51648 29.84929 3.38 2.28772 24.05162
0.45059 29.54336 3.06256 2.38362 24.61775
0.51734 29.87793 2.83309 2.39192 24.44997
0.48017 30.41031 2.89581 2.48356 23.82112
0.48431 30.63304 3.24534 2.5394 23.22419
0.54074 29.79886 3.48927 2.48871 23.80817
0.54979 29.2595 3.46158 2.66689 24.15556
0.57043 29.38929 3.1964 2.38595 24.52802
0.60985 29.90568 2.64547 2.52085 24.41198
0.56259 28.8131 2.98456 2.66902 25.04418
0.56039 29.86597 2.55166 2.55535 24.54612
0.52516 28.94358 3.46369 2.52459 24.62148
0.4686 29.52429 3.57274 2.39328 24.13935
0.47545 29.14769 3.35111 2.27141 24.87642
0.3765 29.70126 3.95596 2.22247 23.89559
0.43162 29.64489 3.37313 2.33525 24.35872
0.43363 29.74232 3.33221 2.72706 23.9124
0.42418 29.34467 3.39503 2.34905 24.60254
0.38447 29.33683 3.67389 2.33613 24.35876
0.44568 28.67971 3.79888 2.85967 24.31505
0.46709 29.36861 2.88335 2.94462 24.41671
0.42417 29.81117 3.04803 2.80574 24.00712
0.47824 29.81498 3.35146 2.69793 23.77415
0.45058 29.36631 3.25531 2.57882 24.4308
0.44226 28.85257 3.43046 2.8669 24.50725
0.48202 29.46106 3.31636 2.65749 24.16516
0.49034 29.60045 4.34197 2.51403 23.17955
0.48164 29.23452 3.95171 2.29887 24.13388
0.54263 29.1585 3.98676 2.61718 23.82447
0.44944 29.75143 3.6789 2.52212 23.71263
0.51783 29.11218 3.59512 2.41598 24.4383
0.53715 29.82166 3.23748 2.45237 24.06004
0.44709 30.04381 3.49484 2.16275 23.96909
0.42946 29.58556 3.22864 2.59505 24.27426
0.47182 29.75162 3.27996 2.63886 23.97644
0.56766 29.97305 3.12334 2.50198 23.96637
0.46424 30.42141 3.39907 2.58787 23.23843
0.434 29.41264 3.65609 2.6158 23.96477
0.47395 29.34489 4.36315 2.68706 23.24599
0.40342 29.48832 4.03568 2.70633 23.51824
0.46848 30.26433 3.49612 2.83481 23.0874
0.48068 29.18555 3.35553 2.32604 24.73011
0.47255 30.20914 2.97752 2.507 23.93468
0.34511 29.10344 3.53984 2.31526 24.78411
0.41043 29.52202 3.39469 2.5587 24.21171
0.38903 29.04897 3.43759 2.62651 24.629
0.45243 29.03753 3.67974 2.45284 24.51166
0.47638 29.32844 3.51182 2.57563 24.22124
0.44274 28.04769 3.57125 2.42547 25.62776
0.39199 28.95654 3.17327 2.29462 25.274
0.36357 28.76793 3.33163 2.50736 25.13578
0.35954 28.39776 3.5633 2.62862 25.16428
0.43344 29.21665 3.25297 2.78065 24.44377
0.45902 28.60421 3.36141 2.78537 24.86638
0.42625 29.5254 2.95319 2.71845 24.43763
0.39023 30.45946 2.90642 2.68765 23.64921
0.4782 29.86615 3.07007 2.3221 24.33406
0.48677 29.15278 3.2416 2.49358 24.70429
0.50485 29.52705 3.84692 2.689 23.54565
0.42008 29.6777 3.56698 2.36736 24.07674
0.39293 29.02016 3.41122 2.45958 24.80331
0.44915 28.92451 3.87493 2.43933 24.41456
0.41827 28.99815 3.5266 2.13155 24.99731
0.41399 28.83551 3.34432 2.31899 25.15164
0.44453 29.07613 3.41307 2.36605 24.81272
0.44627 28.45066 3.62957 2.37815 25.1928
0.49407 29.08304 3.49789 2.29205 24.73256
0.45417 29.4277 3.46952 2.15585 24.56439
0.39195 29.81772 3.14727 2.32887 24.4128
0.4553 30.09086 3.32342 2.3961 23.86325
0.39322 30.56595 2.87236 2.43011 23.858
0.40311 30.15533 3.27057 2.48172 23.8309
0.3791 30.02743 3.36269 2.43837 23.94365
0.37129 30.61872 2.99817 2.39097 23.77571
0.41236 28.91373 3.57012 2.20459 24.98319
0.40785 29.08979 3.21176 2.42225 24.95119
0.49481 29.98039 3.28519 2.45139 23.89183
0.51189 29.23039 3.13981 2.30668 24.88842
0.53115 29.36003 3.05808 2.35359 24.79058
0.43366 29.54123 3.46885 2.32024 24.34153
0.49783 30.34863 3.22066 2.36513 23.68926
0.55678 28.81068 3.28518 2.0455 25.36479
0.55347 28.89349 3.23146 2.46478 24.9147
0.45387 29.88662 3.50505 2.3635 23.89064
0.43978 29.4331 3.39546 2.136 24.68255
0.42608 29.91465 3.35186 2.13126 24.27057
0.41129 30.57854 3.17947 2.10433 23.80481
0.36243 29.28356 3.09857 2.22171 25.09078
0.461 29.35682 3.47853 2.29246 24.51192
0.50145 28.88535 3.79572 2.27819 24.68805
0.37693 29.2856 3.88295 2.68742 23.91838
0.42244 29.60166 3.86715 2.51706 23.70162
0.46564 30.05726 4.08998 2.41123 23.13466
0.43349 29.30029 4.00011 2.66434 23.73988
0.47416 28.83291 3.58744 2.69855 24.49987
0.50175 27.82403 3.82402 2.37313 25.55647
0.48478 29.02266 3.65069 2.40438 24.52458
0.46667 29.42538 3.51941 2.31387 24.38496
0.4456 30.04568 3.64719 2.31192 23.64955
0.45036 30.17271 3.49809 2.55539 23.44003
0.47939 30.4023 3.17953 2.37494 23.68448
0.35553 28.2303 3.22699 2.23836 25.98765
0.45716 29.25904 2.97021 2.4881 24.88772
0.45785 29.00244 3.61554 2.87134 24.15829
0.45287 29.62274 3.35849 2.93119 23.74517
0.4716 28.8532 3.67489 2.96976 24.14023
0.43575 29.50377 3.73341 2.68741 23.77904
0.49128 29.65575 3.27973 2.71264 23.96188
0.51393 28.68032 3.79722 2.33264 24.75873
0.53057 28.94926 3.72186 2.61037 24.31906
0.49263 29.46835 3.1197 2.50931 24.49781
0.52488 29.547 3.19791 2.39817 24.40435
0.53052 28.78566 2.98992 2.23656 25.52221
0.54063 28.88629 3.5609 2.49812 24.61201
0.45739 29.94457 2.91979 2.55156 24.22221
0.46408 29.26703 3.45657 2.4171 24.4763
0.4826 29.645 2.91697 2.46713 24.55833
0.51204 28.73059 3.46344 1.88893 25.4568
0.47058 29.49937 3.48101 2.2435 24.38427
0.43776 29.38393 3.39269 2.28999 24.57139
0.39974 29.87959 3.3964 2.36148 24.0547
0.42041 29.22132 3.40254 2.25366 24.78044
0.42406 28.68362 3.52434 1.95365 25.47595
0.45041 30.58804 3.58989 1.8476 23.64514
0.50541 28.59815 3.30521 2.40889 25.24398
0.49904 28.82673 3.55729 2.3577 24.81549
0.40211 29.5427 3.35483 2.78092 23.99339
0.42544 30.24576 3.09547 2.61007 23.73454
0.41547 30.13572 3.37907 2.39788 23.78246
0.42552 29.63512 3.32751 2.48654 24.2303
0.41367 30.32696 3.45498 2.48826 23.46795
0.4499 30.55881 3.62397 2.47875 23.04
0.48733 28.92195 3.3978 2.38871 24.88019
0.46525 29.86313 3.41862 2.67227 23.66256
0.4237 28.47432 3.68109 2.56548 24.94931
0.45202 29.14064 4.13319 2.88086 23.54582
0.39362 29.78856 3.26727 2.59351 24.06805
0.34732 29.42847 3.15462 2.63848 24.51471
0.38189 29.08943 3.28818 2.27133 25.03404
0.45652 27.98769 3.6272 2.74583 25.25627
0.43752 28.43152 3.59908 2.57871 25.01911
0.44433 27.37614 3.75031 2.63261 25.86582
0.43284 28.96686 3.50711 2.46687 24.74565
0.40929 29.05463 3.17803 2.75378 24.68864
0.41593 28.57992 3.081 2.50069 25.48035
0.46973 29.30714 3.47292 2.50379 24.34786
0.45155 28.73438 3.46492 2.44192 24.98974
0.411 28.97885 3.70573 2.58803 24.4215
0.41855 29.30904 3.63466 2.52743 24.21435
0.40786 29.70039 3.46338 2.39072 24.17246
0.35557 27.73641 3.91629 2.4002 25.70276
0.40639 28.37381 3.67855 2.41624 25.21832
0.36532 29.43157 3.63251 2.62268 24.07539
0.40442 28.95966 3.47254 2.59645 24.67455
0.39396 29.62737 3.37057 2.60885 24.12606
0.39165 29.58233 3.04107 2.58591 24.48231
0.40556 30.19257 2.91871 2.64207 23.93572
0.34906 30.09553 3.43043 2.64755 23.61485
0.38798 29.92317 3.52935 3.05448 23.29991
0.42445 28.29827 3.93829 2.71167 24.73696
0.38253 28.20075 3.59653 2.98249 24.9429
0.44921 29.18189 2.91447 2.30308 25.24223
0.48041 28.94685 3.6352 2.41988 24.63238
0.47693 28.79136 3.25114 2.45794 25.10702
0.54603 28.82601 2.99936 2.49425 25.20695
0.49258 28.53234 3.54055 2.67248 24.87625
0.49996 29.76738 3.2983 2.42648 24.13504
0.50516 29.88005 2.93822 2.75342 24.0191
0.53571 30.19355 3.15033 2.95961 23.31703
0.54322 29.10518 3.396 2.48078 24.56897
0.52125 29.85389 3.30152 2.60202 23.84145
0.4565 28.9761 3.42378 2.60765 24.63022
0.55336 28.42396 3.24321 2.36377 25.50762
0.48104 28.67827 3.75003 2.42686 24.79163
0.53315 29.0835 4.08367 2.35325 24.0756
0.54356 29.79428 4.18724 2.41573 23.21852
0.44274 28.78383 4.40351 2.68127 23.81718
0.45517 29.19155 3.89928 2.77454 23.81696
0.44587 29.37207 3.75515 2.60392 23.94567
0.36256 29.74204 3.22649 2.74561 24.03214
0.41144 29.78555 2.76878 2.64 24.46247
0.45853 29.75121 2.80342 2.80882 24.26169
0.52535 29.19606 3.28791 2.38023 24.70147
0.46114 30.08997 3.44785 2.43668 23.67462
0.48583 28.97355 3.65174 2.55461 24.43146
0.45179 29.35718 3.46811 2.52718 24.27981
0.41907 29.86746 3.21753 2.84173 23.76406
0.4705 29.44824 3.15801 2.95615 24.05763
0.47471 28.14821 3.81044 2.59064 25.04987
0.43553 29.58321 3.4301 2.72877 23.94086
0.40241 30.64544 3.24053 2.83588 23.01719
0.48445 29.06934 3.44998 2.7939 24.30117
0.4966 29.90539 3.30164 2.95628 23.44888
0.39751 29.3432 3.48088 2.99274 23.8781
0.44675 28.0308 3.34944 2.80047 25.4596
0.4514 29.59548 3.36575 2.71638 23.99353
0.466 30.41675 3.21597 3.25397 22.7969
0.45767 29.66222 3.15073 2.94944 23.89379
0.44657 29.27352 2.85767 2.6915 24.81258
0.45904 28.88766 2.82394 2.62165 25.28642
0.47431 29.81912 2.84214 2.7104 24.25882
0.42164 30.46792 3.02371 2.56013 23.65092
0.42702 29.77904 3.23114 2.38779 24.28502
0.48199 28.85726 3.41958 2.6015 24.74693
0.57661 29.77272 3.46565 2.67089 23.66256
0.48665 29.19734 3.16169 2.61349 24.62319
0.5331 29.28331 3.05236 2.57825 24.62339
0.53154 29.73743 2.7852 2.39967 24.62207
0.51087 28.80062 3.05257 2.68627 25.02877
0.47575 28.76193 3.26057 2.55917 25.03209
0.50316 29.01608 3.13149 2.83424 24.60434
0.58525 28.84744 3.30461 2.67577 24.67717
0.49169 29.15741 3.20311 2.55483 24.66281
0.41892 30.06672 2.60177 2.94864 24.05777
0.5136 30.1518 3.16484 2.67971 23.61826
0.50897 29.50171 3.13968 2.69378 24.23883
0.53717 28.99256 3.06346 2.77828 24.70846
0.50588 29.4535 2.74564 2.79321 24.57581
0.45438 30.19947 2.81098 2.72425 23.92012
0.45874 30.61667 2.99495 2.79223 23.27804
0.47036 30.29574 3.29728 2.61894 23.43449
0.52569 28.9402 3.36038 2.66661 24.58974
0.37663 28.91475 3.908 2.71025 24.19244
0.4643 28.92853 3.59731 2.4564 24.64336
0.41562 30.26498 3.70281 2.427 23.30867
0.54869 29.19847 3.35638 2.72127 24.25612
0.49605 29.64964 2.88594 2.75308 24.2828
0.38163 28.86513 3.17138 2.59667 25.05213
0.4242 29.13597 2.85398 2.53589 25.10689
0.46597 30.59175 2.83216 2.49532 23.74025
0.40435 29.88388 2.9331 2.65851 24.21759
0.30471 29.88269 3.06741 2.6534 24.18439
0.33868 29.22325 3.01916 2.31566 25.17692
0.36638 29.32101 3.0839 2.61064 24.71317
0.38952 29.17542 3.51502 2.59308 24.41704
0.41588 28.50062 3.58111 2.10852 25.45403
0.45677 28.11254 3.8109 2.12414 25.5805
0.47319 29.05259 3.50675 2.22001 24.81507
0.42753 28.59126 3.3793 2.2993 25.3537
0.31749 29.40023 3.20815 2.30963 24.83555
0.32285 28.84866 3.19886 2.61867 25.08024
0.39151 29.08864 3.45477 2.57175 24.59465
0.36884 29.5635 3.41253 2.58428 24.1695
0.43169 29.72211 3.39325 2.54941 23.98653
0.32186 29.37817 3.22349 2.2465 24.88919
0.36245 28.1655 3.41655 2.84865 25.27266
0.40587 28.40446 3.63482 2.62901 25.01619
0.3701 28.42171 3.64901 2.71843 24.94163
0.39356 28.1805 3.77649 2.62331 25.10769
0.39895 29.87054 3.37607 2.48605 23.95911
0.38752 29.32833 3.56966 1.99192 24.79078
0.34804 28.94767 3.53752 2.23832 25.00374
0.3645 28.22468 3.69496 2.24549 25.51979
0.45367 28.55561 3.88132 2.12195 25.04862
0.37905 28.65876 3.92368 2.07911 25.03409
0.50786 28.29361 3.32364 2.38764 25.53739
0.47892 29.58926 3.48889 2.59799 23.95637
0.48121 28.98387 3.58951 2.92293 24.12674
0.43453 28.22483 4.03253 2.50339 24.86943
0.40854 29.18631 4.11055 2.60946 23.82801
0.43268 29.50915 3.70778 2.46154 24.00573
0.41571 28.02816 3.63898 2.48323 25.50241
0.37837 28.79661 3.06717 2.70254 25.13528
0.39844 29.50743 2.73277 2.7247 24.72038
0.39165 29.72502 2.81786 2.62689 24.50869
0.41936 28.90475 3.01934 2.52116 25.21189
0.35204 29.23493 2.92938 2.83379 24.72517
0.41472 29.46328 3.18346 2.77775 24.26038
0.41997 29.4822 3.22129 2.35752 24.60706
0.42359 29.24801 3.4149 2.3542 24.65727
0.44954 28.49316 3.49599 2.23916 25.40816
0.43302 29.75322 3.34796 2.36758 24.23271
0.42505 29.67212 2.95035 2.13653 24.90526
0.42575 29.34366 3.00585 2.20895 25.07657
0.4558 28.20452 3.11895 2.65747 25.62172
0.41263 28.83926 3.24315 2.59556 24.97072
0.46572 28.41737 3.26758 2.43356 25.47408
0.48481 28.4461 3.75439 2.55309 24.9016
0.47974 29.37881 3.42436 2.82019 24.00718
0.5773 28.99575 3.38747 2.56586 24.55059
0.47858 29.17231 3.73184 2.57452 24.16428
0.43976 28.07997 3.56145 2.58462 25.39846
0.40859 28.84244 3.60742 2.89311 24.333
0.49755 27.96826 3.61509 2.84982 25.12395
0.46575 28.75381 3.69007 2.45777 24.70073
0.32261 28.46026 3.88615 2.49596 24.91174
0.35222 29.04341 3.98791 2.71668 24.02839
0.47059 29.26432 3.74562 2.99265 23.66338
0.41033 29.87034 3.7051 2.56765 23.55586
0.45631 28.87395 3.81479 2.52161 24.43676
0.3561 29.20041 3.75014 2.24583 24.5318
0.36289 28.2127 4.06726 2.37853 25.05587
0.34382 29.3668 3.48267 2.61416 24.27516
0.35315 29.55424 3.52363 2.99118 23.68243
0.30432 28.63935 3.61324 2.52221 24.9925
0.32516 28.96779 3.47238 2.66088 24.6721
0.32467 29.3131 3.64897 2.45928 24.33572
0.41181 29.20969 3.728 2.73475 23.99776
0.42338 28.57614 3.6141 2.87474 24.60077
0.50553 29.21027 3.38368 3.10565 23.89899
0.44165 29.2461 3.07166 2.69035 24.61457
0.48903 28.82041 2.95878 2.71552 25.08003
0.53285 28.76211 3.01097 2.71903 25.06398
0.51418 27.9215 3.13107 2.49813 25.98094
0.53617 27.83988 3.10151 2.58997 25.97034
0.5376 30.40844 2.91951 2.62863 23.60945
0.47082 29.68981 3.02004 2.72973 24.19678
0.52268 29.51995 3.65243 2.69408 23.74392
0.49852 29.76619 3.7901 2.4211 23.65685
0.59872 28.35735 3.90122 2.31838 24.93969
0.52671 29.19699 3.38325 2.80889 24.20974
0.49981 28.3316 3.85403 2.70149 24.70854
0.49446 28.62888 3.3039 2.53317 25.12811
0.50796 28.3049 3.6915 2.71153 24.86992
0.5031 28.158 3.77187 2.6334 25.01098
0.4408 29.47211 3.12288 2.54302 24.48452
0.46344 27.93194 3.21168 2.2392 26.20419
0.52092 28.65151 3.54333 2.69245 24.67777
0.50388 29.53853 3.11039 2.65848 24.2861
0.49424 29.93328 3.39975 2.36975 23.91276
0.4674 29.81708 3.28344 2.36964 24.15372
0.40453 28.82959 2.83532 2.44071 25.54021
0.40944 28.807 3.15918 2.28455 25.39047
0.47395 29.32809 3.32503 2.45337 24.48677
0.49552 29.51228 3.33703 2.38951 24.35634
0.48395 28.79142 3.18844 2.57267 25.0393
0.51472 28.52405 3.16733 2.22903 25.62621
0.45717 29.53027 3.11728 2.26309 24.72588
0.38481 29.36495 3.26506 2.20044 24.85634
0.4346 28.97218 3.23031 2.14574 25.28529
0.46152 28.82362 3.75475 2.29115 24.74649
0.46781 28.9923 3.22572 2.4343 24.9392
0.46476 28.992 3.20055 2.2605 25.14116
0.48728 29.03305 3.34626 2.59022 24.61603
0.5219 30.48099 2.85425 2.43581 23.83575
0.47507 28.60771 3.15913 2.51961 25.28983
0.464 28.48759 3.45728 2.61044 25.0482
0.50942 28.60987 3.31176 2.62486 25.01622
0.54462 29.21532 3.10269 2.61869 24.60088
0.47578 28.42815 3.16199 2.40829 25.58135
0.44123 30.28779 3.20571 2.46636 23.71079
0.50503 30.27909 3.06239 2.79147 23.47708
0.57942 29.46944 3.38294 2.71418 23.93706
0.48532 28.42666 3.61006 2.902 24.67319
0.45278 28.21632 3.32255 3.04814 25.04149
0.46063 27.9634 3.16959 2.7338 25.74468
0.48623 28.87466 3.31684 2.77116 24.65088
0.51786 28.54403 3.64999 2.60669 24.7945
0.45749 29.19357 3.02968 2.96944 24.42277
0.50732 29.51308 2.91872 2.91835 24.24325
0.46663 28.63344 2.96152 2.43213 25.5739
0.45384 29.15388 3.30446 2.56451 24.6058
0.45261 29.28879 3.53219 2.56258 24.28874
0.35871 28.57173 3.42579 2.29969 25.47091
0.3475 29.06876 3.43718 2.52058 24.72677
0.34607 28.48094 3.30603 2.6967 25.24159
0.41799 29.27037 3.28485 2.70532 24.40013
0.38779 28.49217 3.49906 2.79159 24.90497
0.42614 27.65688 3.2728 2.76379 25.93529
0.36567 29.55783 3.34043 2.43202 24.37422
0.40797 29.43734 3.01653 2.62987 24.59368
0.43958 28.66407 3.18378 2.74356 25.04554
0.42839 29.40313 3.25178 2.65968 24.36137
0.47161 30.16242 3.40656 2.59965 23.46668
0.39651 29.43793 3.46383 2.49206 24.30335
0.38822 30.56993 3.15691 2.63754 23.37409
0.45022 28.60038 2.95175 2.44383 25.60634
0.46066 29.25928 3.38549 2.53682 24.43255
0.46774 29.26366 3.36759 2.51878 24.48408
0.42148 29.94794 3.36152 1.99557 24.42746
0.48437 30.53427 2.60613 2.18447 24.28217
0.441 29.8656 2.76436 2.16227 24.83646
0.41615 29.58478 2.67395 2.29885 25.08172
0.52589 28.46773 3.01511 2.62669 25.42318
0.47762 29.42478 2.94003 2.66017 24.56357
0.44602 28.77498 3.21556 2.53797 25.08672
0.48892 28.96342 3.7957 2.36623 24.4785
0.5264 29.01197 3.22241 2.5326 24.78157
0.38465 28.20732 3.59936 2.50215 25.38797
0.41586 28.26404 3.62322 3.06713 24.70091
0.46932 28.25841 3.74842 2.91151 24.7059
0.46501 28.47966 3.87078 2.84849 24.43312
0.42865 27.79562 3.90055 2.40475 25.58814
0.41703 26.66634 4.72527 2.27211 25.99724
0.48308 29.49114 3.87676 2.30167 23.96893
0.41005 29.29261 3.71993 2.35691 24.30349
0.44173 30.10479 3.57497 2.53105 23.46667
0.43859 29.81904 3.30281 2.36487 24.17071
0.45659 29.06803 3.56446 2.07426 24.93496
0.42943 29.06101 3.58248 2.15299 24.89442
0.41413 28.75466 3.14566 2.40604 25.34137
0.4169 30.38709 3.35063 2.19607 23.77626
0.44416 28.64844 3.40792 2.67279 24.94117
0.41945 29.51118 3.38388 2.59401 24.24573
0.44817 30.93674 3.10745 2.52401 23.12384
0.40214 29.52549 3.93626 2.59774 23.68997
0.38942 29.88308 3.30992 2.18479 24.32235
0.41444 29.66722 3.81343 2.23673 24.0275
0.44468 28.2564 3.83684 2.35464 25.20747
0.43943 29.25442 3.29072 2.47211 24.62378
0.4606 28.5964 3.42191 2.39844 25.18027
0.42406 29.2696 3.70721 2.22763 24.47866
0.48216 30.5866 3.04452 2.59001 23.42171
