"V1" "V2" "V3" "V4" "V5"
1.2883 17.15184 5.92324 1.9429 33.69807
1.39353 17.31488 5.77331 2.08354 33.44055
1.29575 17.80725 6.04762 2.02231 32.83178
1.43146 17.84003 6.15527 2.07561 32.5021
1.29844 17.21647 6.2726 2.23702 32.98064
1.23487 17.26403 6.26271 2.29527 32.94959
1.2329 17.57952 5.85076 2.37159 32.96967
1.292 17.53661 6.41148 2.34263 32.42482
1.36312 17.3495 5.8558 2.26004 33.17412
1.31531 17.51169 5.7623 2.28416 33.12948
1.26197 18.06749 5.44519 2.52651 32.70337
1.38701 17.90989 5.82433 2.20758 32.67501
1.25541 17.54393 6.14702 2.17441 32.88389
1.33076 17.46071 5.63872 2.11287 33.46025
1.12049 17.33198 6.03891 2.07136 33.44118
1.23385 17.20589 6.13426 2.39225 33.03728
1.33031 17.6182 6.19916 2.47349 32.38584
1.33489 17.57751 5.914 2.28576 32.89289
1.30044 17.4985 6.22435 2.25295 32.73308
1.24361 16.92427 6.94655 2.2262 32.66866
1.19869 17.97628 6.07267 2.32103 32.44174
1.3098 17.01336 6.37804 2.33147 32.9744
1.25273 17.3747 5.75307 2.45989 33.16301
1.25208 17.44812 5.85447 2.47715 32.97262
1.25241 17.63461 6.37801 2.47069 32.26768
1.24383 17.61809 5.76885 2.55121 32.82107
1.20019 17.70541 5.59179 2.43866 33.06879
1.18111 17.20252 5.51168 2.45504 33.65276
1.28917 17.53238 5.42238 2.33225 33.42702
1.31419 17.82631 5.38352 2.33886 33.14189
1.26198 17.89735 6.10626 2.60939 32.13385
1.24046 17.4503 6.12585 2.44941 32.73807
1.21648 17.2442 5.60857 2.26992 33.66345
1.26738 18.03905 5.37128 2.31899 33.00922
1.19041 17.24868 5.87721 2.33009 33.35697
1.12312 17.20204 6.71961 2.14906 32.80972
1.20817 17.06968 5.65093 2.21438 33.85916
1.18494 18.13293 5.53307 2.44987 32.7033
1.19368 18.29336 5.23147 2.54587 32.73976
1.20199 18.02066 5.79181 2.25406 32.73512
1.22636 17.91741 5.94781 2.11973 32.79327
1.27548 17.96729 5.74104 2.09614 32.92581
1.29283 18.49613 5.92554 2.22808 32.0646
1.31777 17.73533 5.78912 2.19651 32.96358
1.34383 17.52752 5.90401 2.13723 33.09013
1.4625 17.36771 5.81483 2.07241 33.2848
1.4661 17.73108 5.45626 2.22571 33.12393
1.33794 17.93723 6.01571 2.25098 32.46277
1.24505 17.89053 5.89535 2.32929 32.64321
1.50387 18.16669 5.83662 2.14152 32.35512
1.34541 17.34397 5.47274 2.10976 33.72918
1.29718 17.97232 5.67066 2.42796 32.63431
1.35677 17.81465 5.99547 2.38419 32.45297
1.34173 17.64735 6.00273 2.55467 32.46025
1.47551 17.8244 5.67171 2.40756 32.62485
1.42528 17.76124 6.30353 2.49236 32.02949
1.41802 17.96891 5.99641 2.49622 32.13204
1.29766 17.6074 6.13175 2.46145 32.51163
1.29135 17.23906 6.79757 2.29117 32.40522
1.36347 17.18665 6.16251 2.47456 32.82073
1.23092 17.04673 6.27086 2.26478 33.19233
1.27768 17.48548 5.7455 2.36292 33.13238
1.40024 17.33825 5.90566 2.36503 32.99414
1.37861 17.9028 5.89466 2.64491 32.18529
1.42162 18.12276 6.21097 2.52222 31.73143
1.45379 17.97686 5.73279 2.40666 32.44127
1.40491 17.2457 5.95786 2.39106 33.00852
1.49447 17.40663 5.70885 2.38181 33.01417
1.40504 17.69393 5.3957 2.41477 33.09494
1.40311 17.1849 5.84171 2.44516 33.133
1.30365 17.14945 5.97277 2.22449 33.35623
1.21854 17.56048 6.11611 2.4792 32.63203
1.151 18.06121 6.27535 2.26656 32.25475
1.30066 17.19977 6.34139 2.31383 32.84899
1.26517 17.59688 6.10767 2.18979 32.84593
1.23063 17.78542 6.2091 2.14879 32.63515
1.44239 17.02457 6.74414 2.142 32.65662
1.4174 17.83092 5.99425 2.4132 32.34871
1.24619 17.62225 6.20921 2.54095 32.38775
1.28376 17.90007 5.6203 2.53849 32.66338
1.31394 17.64814 5.57717 2.48216 32.98245
1.18637 18.07377 5.54757 2.33911 32.85716
1.21901 17.67053 5.65969 2.3151 33.13947
1.58406 17.75355 5.766 2.37603 32.52581
1.27192 18.05238 5.72924 2.47867 32.47225
1.21007 17.54696 5.9038 2.45427 32.88813
1.13701 17.8119 5.98555 2.557 32.51363
1.34729 17.51793 6.09364 2.51375 32.53227
1.35526 17.98349 5.90854 2.51828 32.24039
1.25566 17.32793 6.36302 2.40661 32.6515
1.41494 17.91935 5.86367 2.26294 32.54425
1.31385 17.61385 5.93059 2.17618 32.96887
1.49103 17.94067 5.82223 2.19305 32.55807
1.44755 17.50398 6.41526 2.19236 32.44642
1.46978 17.84731 5.88493 2.05377 32.74708
1.54026 17.79459 5.6713 2.18821 32.80936
1.39416 16.97148 6.18557 2.08312 33.3709
1.18844 17.29177 5.78885 2.49923 33.23692
1.44775 17.11903 6.27975 2.35202 32.80619
1.30465 17.0486 6.44555 2.60709 32.59907
1.28322 16.95234 6.32712 2.33872 33.10234
1.29118 17.53767 6.16366 2.44847 32.5654
1.26223 16.70669 6.13203 2.46014 33.44403
1.23452 17.6917 5.58221 2.56041 32.93461
1.22071 17.13914 6.02827 2.44933 33.16704
1.08734 17.53753 6.06805 2.42955 32.88191
1.26029 17.66432 5.83807 2.33367 32.91095
1.21657 17.50933 5.98846 2.42657 32.8641
1.17669 17.79469 5.97237 2.27028 32.79492
1.27276 17.97661 5.85286 2.2971 32.6103
1.08421 18.62741 6.07974 2.26963 31.94478
1.26551 17.47111 6.14364 2.04585 33.08058
1.29924 17.69525 6.55684 2.1342 32.32339
1.28385 18.08977 6.17996 2.21696 32.23324
1.34018 17.18176 6.67237 2.12856 32.68173
1.33355 17.78145 6.69867 2.14993 32.04217
1.32018 17.68649 6.37344 2.30628 32.31879
1.34083 17.48189 6.10313 2.28262 32.79639
1.33176 17.41123 6.04623 2.22236 32.99105
1.13064 17.48429 6.06679 2.10781 33.213
1.31907 17.51566 6.151 2.31191 32.70731
1.23607 18.06058 5.70248 2.43515 32.56911
1.24668 18.20804 5.66598 2.30457 32.57898
1.32923 17.76506 5.80251 2.18946 32.92119
1.27716 17.23822 6.03109 2.3829 33.0767
1.3756 17.35673 6.06068 2.38011 32.83316
1.50736 17.54168 6.17984 2.30669 32.47079
1.39474 17.11536 6.03105 2.49319 32.969
1.22391 17.92446 6.1485 2.45449 32.25487
1.26929 17.64032 6.02938 2.40594 32.65817
1.4061 17.6993 6.06049 2.16201 32.67601
1.33407 17.50988 6.26765 2.23143 32.66106
1.45736 18.03841 5.59362 2.14109 32.77391
1.44199 17.31061 6.09168 2.12388 33.03729
1.44297 17.84895 6.0678 2.21458 32.4298
1.18073 17.35935 6.26703 2.31354 32.88266
1.33037 17.61066 6.17491 2.43961 32.44901
1.24407 18.0571 5.80654 2.50933 32.38728
1.4155 18.00329 6.08983 2.42746 32.07347
1.31768 18.36055 5.88486 2.29941 32.14356
1.25179 17.50398 6.24917 2.09943 32.89865
1.24729 17.3783 6.13753 2.18689 33.05418
1.25805 17.29734 5.76677 2.13981 33.5422
1.28837 17.43802 5.96764 2.25081 33.06007
1.26346 17.84891 6.25139 2.29302 32.35478
1.25105 17.36594 6.49625 2.09594 32.79658
1.28832 17.34313 6.23184 2.29254 32.85074
1.27621 17.43524 6.16521 2.18924 32.94077
1.17997 17.44973 6.63979 2.17681 32.56929
1.34299 17.26321 5.97542 2.2235 33.199
1.22809 17.03871 6.71813 2.16037 32.86121
1.34006 17.46858 6.89548 2.14193 32.16275
1.37904 17.39723 6.21768 2.36996 32.64166
1.36891 17.72946 5.91084 2.28979 32.7054
1.24872 17.76613 5.6518 2.15711 33.18071
1.21943 18.12605 5.65208 2.23123 32.77532
1.2327 17.37038 5.91633 2.00602 33.47816
1.09342 17.01094 6.59156 2.07107 33.2417
1.16223 17.0774 5.96254 2.12899 33.67291
1.17944 17.63023 6.12807 2.04251 33.02335
1.37569 17.89319 5.74852 2.15328 32.83348
1.28446 17.92035 5.88222 2.11576 32.80008
1.31465 18.20909 5.46985 2.56014 32.45076
1.33249 18.38524 5.16965 2.58956 32.52762
1.24896 17.69144 5.82149 2.46145 32.77996
1.03435 17.70227 5.50087 2.54766 33.21729
1.20538 17.96808 5.7476 2.42934 32.65398
1.26391 17.54169 5.99251 2.50754 32.70218
1.21171 17.02642 6.10571 2.4193 33.24153
1.17317 17.3644 6.21497 2.40006 32.85256
1.17057 17.42349 6.17673 2.30278 32.93028
1.26412 17.25548 6.40414 2.58975 32.4922
1.32209 17.14142 6.09892 2.39158 33.05191
1.32435 17.2049 5.56753 2.4472 33.46201
1.45719 17.06287 5.65894 2.39686 33.42775
1.40815 17.19312 5.86746 2.24255 33.29305
1.43696 16.9192 6.36804 2.14927 33.13764
1.38493 16.46731 6.47739 2.1006 33.57497
1.2431 18.3858 6.09062 2.34461 31.94228
1.27201 17.70959 6.08482 2.26745 32.67181
1.2022 18.30603 6.02319 2.39962 32.07502
1.25971 17.50675 5.85838 2.26668 33.11332
1.21416 17.86742 5.86491 2.46544 32.59378
1.18297 17.69751 5.97458 2.27402 32.87575
1.13959 17.86231 6.1512 2.23931 32.61403
1.33128 18.54475 5.38267 2.42462 32.3246
1.37154 18.40521 5.89121 2.43972 31.90042
1.26226 18.36109 5.94496 2.39335 32.04379
1.42047 17.97758 5.74348 2.46507 32.39902
1.34772 17.84929 5.52921 2.15557 33.12418
1.34094 18.23926 5.55834 2.36974 32.49598
1.39314 17.90118 5.40578 2.21709 33.09122
1.34819 17.93493 5.88571 2.21927 32.61995
1.34032 17.95491 5.64308 2.30054 32.76954
1.42718 17.15053 5.70923 2.41225 33.30912
1.41227 17.99534 5.64826 2.51801 32.43451
1.45839 18.41244 5.4243 2.45584 32.25863
1.42941 17.99924 5.67153 2.48417 32.42302
1.45335 18.12922 5.29781 2.4721 32.65416
1.34654 17.50571 5.71946 2.58604 32.84688
1.31058 17.69002 5.79521 2.4624 32.74482
1.354 17.28574 6.12048 2.40233 32.84195
1.35661 17.43666 6.28876 2.46511 32.46022
1.42158 17.35103 5.57687 2.49054 33.16499
1.30203 18.09593 5.43673 2.51671 32.65498
1.42928 17.65866 5.91345 2.19571 32.80818
1.30511 17.351 5.79658 2.38391 33.16943
1.24249 17.11171 5.94412 2.31218 33.39639
1.31107 17.20385 6.23603 2.38502 32.87637
1.3006 16.91431 5.91651 2.23043 33.64545
1.13944 18.11216 5.69827 2.25026 32.80513
1.2939 17.55903 6.00555 2.30173 32.85033
1.28411 17.97536 5.88802 2.10853 32.7606
1.29014 17.56423 5.45254 2.17255 33.52792
1.2168 17.37227 6.16429 2.17978 33.0752
1.33066 18.14077 5.96644 2.34912 32.22951
1.2932 18.04489 5.93439 2.45178 32.29963
1.46483 17.6953 5.90413 2.46958 32.47949
1.42529 17.51315 5.88151 2.36674 32.82043
1.30565 17.94433 5.67593 2.54717 32.53822
1.30387 17.55607 5.76704 2.49195 32.88452
1.35739 17.58996 5.71299 2.20024 33.14378
1.30899 17.82658 5.79932 2.16559 32.90764
1.40311 17.13241 5.98892 2.3726 33.10876
1.23274 16.91334 6.20806 2.34342 33.31129
1.26633 17.62974 6.28343 2.68601 32.14508
1.28465 16.98711 6.11412 2.46503 33.15802
1.36632 17.43105 5.68879 2.46354 33.05689
1.35505 17.47637 6.36118 2.43016 32.38724
1.38144 17.91868 5.88304 2.70659 32.11749
1.43049 17.90301 5.93891 2.56574 32.16777
1.3741 17.99547 5.81829 2.41825 32.39863
1.42769 17.21497 5.48591 2.33729 33.53731
1.47012 17.35601 5.94072 2.22508 33.01391
1.54276 17.15715 6.18411 2.39712 32.72373
1.44219 17.46797 6.02145 2.40716 32.66621
1.47408 16.9587 6.13994 2.45965 32.97284
1.32479 17.56044 5.90335 2.42146 32.79548
1.28346 17.17597 6.26585 2.38592 32.89211
1.36711 17.82891 6.5033 2.36105 31.94615
1.34912 17.09002 6.4299 2.42556 32.71251
1.25415 17.16774 6.46091 2.3556 32.76611
1.21077 18.06538 5.84486 2.47024 32.41327
1.3961 17.52326 5.74494 2.46533 32.87352
1.29722 17.23416 6.005 2.38053 33.08697
1.19267 17.87396 6.01747 2.32899 32.5927
1.36832 17.47076 6.15303 2.40406 32.61383
1.33424 17.51191 6.24576 2.32223 32.59361
1.38568 17.6568 5.76682 2.17531 33.01854
1.35165 17.2408 6.25108 2.31184 32.85041
1.21089 17.86873 6.17164 2.46693 32.28618
1.45574 17.99208 5.7792 2.46729 32.31063
1.31351 18.19593 5.72976 2.28257 32.48308
1.32048 17.87998 6.03941 2.43355 32.33197
1.48498 17.83378 6.56399 2.22803 31.89806
1.39473 17.09478 6.37972 2.26278 32.87491
1.31532 17.67022 5.92681 2.26016 32.83542
1.43562 17.24612 6.38198 2.2305 32.71229
1.34865 17.25271 6.21639 2.23622 32.95101
1.34946 17.62323 5.91865 2.44565 32.66854
1.22103 17.90107 5.9086 2.24362 32.72906
1.34474 17.13351 5.56772 2.36019 33.59721
1.25211 18.0592 5.94412 2.50193 32.24733
1.36924 17.74937 5.96919 2.37203 32.54348
1.45261 17.07694 5.97221 2.23331 33.26785
1.34114 17.1859 5.79573 2.45599 33.22353
1.27145 17.38127 6.20557 2.33153 32.81379
1.25518 17.13509 5.80965 2.26833 33.53351
1.37539 16.60626 5.67784 2.29838 34.04418
1.37529 17.61472 5.85495 2.55644 32.60356
1.5542 17.46445 5.96766 2.32095 32.69805
1.48872 18.06092 5.62593 2.67459 32.15806
1.31672 17.99746 5.68778 2.49868 32.50922
1.4138 17.56989 5.86401 2.55883 32.60017
1.28547 17.79544 5.6527 2.42751 32.84314
1.33178 17.1462 6.12114 2.19884 33.20901
1.3857 17.35616 6.09272 2.34486 32.82593
1.34802 17.31932 6.36337 2.26485 32.71399
1.21661 17.66428 5.82123 2.14704 33.16029
1.27914 17.90282 6.13384 2.23852 32.45278
1.26158 17.71664 5.91522 2.22625 32.88283
1.146 18.08173 5.60293 2.40919 32.76346
1.27563 17.89258 5.60306 2.26771 32.96598
1.39677 18.17021 5.75121 2.49814 32.19128
1.26111 17.20483 6.11381 2.36576 33.06019
1.20495 17.57025 6.10728 2.29015 32.832
1.3828 18.19912 5.66556 2.50492 32.2535
1.22833 17.5655 5.72142 2.46771 33.01986
1.22728 17.47869 6.13494 2.6283 32.53602
1.52106 17.18071 6.29239 2.50478 32.50941
1.5345 17.13836 6.3565 2.43713 32.53999
1.38403 16.52648 6.89562 2.27897 32.92211
1.3768 17.08388 6.1978 2.53678 32.81212
1.40144 17.5449 6.14834 2.54203 32.37239
1.31103 17.48019 5.76168 2.47226 32.9789
1.32259 18.17275 5.5365 2.79741 32.17769
1.28784 18.16354 5.97869 2.6293 31.94526
1.43245 18.03719 5.52365 2.7604 32.25135
1.33323 17.05974 6.50353 2.25006 32.85857
1.18624 17.68574 6.41135 2.52352 32.20027
1.30842 17.69556 5.93392 2.5487 32.51754
1.21083 17.09951 6.5878 2.41301 32.69272
1.29735 17.33323 6.43627 2.33028 32.60848
1.37513 17.23391 6.17497 2.5072 32.72636
1.22725 17.60321 5.69653 2.61503 32.8636
1.28936 18.31024 5.48673 2.53446 32.3864
1.28912 17.60018 5.83491 2.61789 32.66291
1.15297 17.84691 6.13989 2.4656 32.40202
1.05568 17.47075 6.14411 2.5266 32.80766
1.2 17.57586 6.44229 2.74251 32.04796
1.15904 17.80267 6.30766 2.4899 32.24723
1.00136 18.42748 6.25471 2.59544 31.73486
1.12816 18.13036 5.52766 2.60754 32.61502
1.09566 17.69515 5.55661 2.47217 33.18709
1.07708 17.85535 5.88517 2.34254 32.84708
1.23259 17.92152 5.50199 2.33642 33.01113
1.20686 17.69298 5.39336 2.42059 33.28918
1.37356 17.49512 5.7488 2.6201 32.76644
1.38435 17.48481 5.79045 2.50063 32.84397
1.45901 17.30008 5.8265 2.24151 33.17732
1.36826 17.45454 6.03695 2.49697 32.65026
1.31637 17.8354 5.84038 2.5654 32.44885
1.31732 17.16985 6.04251 2.55355 32.92405
1.15684 17.47625 6.25809 2.50061 32.61381
1.21793 17.5436 6.04626 2.28977 32.90618
1.25205 17.76978 5.62823 2.84961 32.5046
1.22349 17.80508 5.88958 2.65145 32.43528
1.41303 17.51795 6.07503 2.49457 32.50445
1.34056 17.86076 6.16006 2.39366 32.24909
1.42251 17.64473 6.09404 2.38197 32.46287
1.24766 17.18723 6.0718 2.50687 32.99301
1.27219 17.8198 6.14806 2.60901 32.16579
1.52081 17.80207 6.0488 2.4921 32.14677
1.46544 17.12844 6.37031 2.42974 32.61619
1.33236 17.19182 6.17172 2.52677 32.78476
1.44858 17.54097 6.13145 2.29792 32.58755
1.40328 17.94395 6.15787 2.41911 32.08019
1.50006 17.72064 5.8325 2.26898 32.68335
1.38205 18.00741 5.43551 2.09339 33.08675
1.30717 17.12654 6.09862 2.13198 33.33928
1.37368 17.08713 6.32762 2.05479 33.1619
1.30347 17.55752 5.8336 2.23759 33.07071
1.36269 17.4957 5.69996 2.20195 33.24295
1.25378 17.61461 5.7278 2.22222 33.18549
1.38033 16.97269 6.17672 2.28305 33.19332
1.44261 16.9484 6.0103 2.3342 33.27113
1.34687 17.30673 6.05711 2.28064 33.01538
1.34563 17.36579 6.40538 2.33181 32.56078
1.37819 17.77053 5.76858 2.39814 32.68921
1.3712 17.70724 5.90456 2.44563 32.57815
1.3083 17.50685 5.97331 2.56762 32.65345
1.30985 17.69876 5.75814 2.4498 32.78749
1.28025 17.38686 6.40705 2.52878 32.40107
1.32939 17.83143 5.75053 2.42399 32.66838
1.32767 17.37018 6.19183 2.57643 32.54049
1.31744 17.88697 5.3057 2.42195 33.0714
1.36465 18.10442 5.31171 2.54653 32.67658
1.45282 17.90928 5.38017 2.45978 32.80393
1.33337 17.46858 6.33468 2.56143 32.3146
1.37389 17.89536 6.12715 2.64258 31.9782
1.38905 17.69087 6.19371 2.50373 32.22962
1.3418 16.97856 6.17867 2.29289 33.21496
1.38929 16.83902 6.08949 2.18321 33.50625
1.2296 17.97365 5.39435 2.41079 32.99655
1.53591 18.72775 5.17353 2.49996 32.06717
1.43815 18.23257 5.63556 2.18538 32.51207
1.34854 18.21705 5.7367 2.43555 32.26649
1.34664 17.31757 6.45692 2.44504 32.44201
1.33057 17.28368 6.68433 2.60567 32.10554
1.28599 17.63027 6.32966 2.55224 32.21188
1.32712 17.62333 6.00301 2.41486 32.64005
1.4012 18.35699 5.90651 2.45664 31.88853
1.26771 17.92494 5.87996 2.45787 32.47592
1.41731 17.20487 6.12651 2.4659 32.79238
1.19043 17.46046 6.54139 2.2887 32.52667
1.40418 17.46632 6.21901 2.3533 32.56557
1.28212 17.64995 6.29094 2.37989 32.4048
1.2562 16.78292 6.54524 2.32787 33.09391
1.12196 17.7158 6.30343 2.21258 32.65297
1.26049 16.87417 6.2548 2.28701 33.32818
1.32514 16.79299 5.76394 2.12089 34.00219
1.39581 17.58898 5.98663 2.41105 32.62359
1.34177 17.47743 5.98035 2.46899 32.73751
1.11379 18.35416 5.73074 2.38454 32.42355
1.17641 17.20412 5.99877 2.10774 33.5159
1.08006 17.80321 6.11359 2.17458 32.83328
1.19015 16.85386 6.23088 2.25417 33.4739
1.327 16.83814 6.39508 2.50139 32.94254
1.41164 17.68886 6.17453 2.28257 32.44686
1.32259 17.57889 6.02788 2.29368 32.78098
1.26331 17.65446 5.83281 2.49314 32.76178
1.36559 17.07475 6.10931 2.30156 33.15454
1.39317 17.26891 6.46745 2.36986 32.50586
1.37309 16.85868 6.33755 2.3009 33.13359
1.15718 17.5919 6.66245 2.25467 32.33856
1.3236 17.49172 6.62991 2.2874 32.27804
1.24461 17.71415 6.53486 2.29855 32.21594
1.24577 18.0683 5.85282 2.33191 32.50626
1.2519 18.41107 5.93811 2.34829 32.05919
1.10878 17.77765 6.15374 2.58668 32.37927
1.27725 18.10267 5.82793 2.55401 32.24589
1.22341 17.54188 5.89693 2.24693 33.09612
1.22896 18.03516 5.97555 2.40972 32.35791
1.30913 17.78385 5.70807 2.38701 32.81882
1.28659 17.88222 5.84125 2.76328 32.23449
1.29828 17.9637 5.60425 2.73396 32.40544
1.22009 18.47218 4.9209 2.73069 32.65918
1.33491 18.37565 5.22474 2.68242 32.38509
1.20084 17.61108 5.47507 2.42817 33.28756
1.2268 17.76194 5.4447 2.49438 33.07546
1.15344 17.62847 6.16172 2.33295 32.72613
1.2982 17.4907 6.35311 2.26329 32.60106
1.45134 18.07185 5.5871 2.45717 32.43513
1.26971 18.40464 5.64146 2.35504 32.33226
1.31214 18.2545 5.58563 2.50664 32.34493
1.32472 17.80495 5.8811 2.32259 32.67232
1.18771 17.45723 6.07314 2.52013 32.76756
1.2504 17.83055 5.75347 2.28114 32.89044
1.21606 17.72205 5.59305 2.26308 33.20961
1.23504 17.93685 5.54023 2.34355 32.94917
1.35075 17.8323 5.70881 2.39316 32.71944
1.19721 17.72878 5.46112 2.36626 33.2498
1.25211 17.24588 6.04485 2.22061 33.24335
1.26716 16.83086 6.31818 2.4321 33.15528
1.17517 17.60421 6.28111 2.62162 32.32357
1.20868 17.51795 6.1904 2.69716 32.39206
1.2186 17.60297 5.94842 2.56048 32.6736
1.18385 17.95913 6.10567 2.35239 32.40462
1.20214 17.92517 5.95252 2.3837 32.54574
1.29194 18.26726 5.59504 2.31296 32.54021
1.3111 17.95794 5.68859 2.43193 32.6175
1.28307 18.0465 5.90767 2.37791 32.38978
1.32719 17.98233 6.03939 2.4708 32.1857
1.29564 18.19358 5.89812 2.2605 32.35646
1.21159 18.29192 6.09834 2.17349 32.23261
1.26144 17.93354 5.94832 2.19538 32.66692
1.27384 17.69227 6.21024 2.34901 32.47977
1.14573 17.53706 6.03452 2.42166 32.86461
1.23646 17.93341 6.00315 2.41668 32.41404
1.35982 17.81657 6.11109 2.31123 32.40661
1.31688 17.41948 6.26462 2.20933 32.80415
1.31165 18.10721 6.12973 2.31493 32.14674
1.33166 17.73791 5.77059 2.19995 32.96695
1.45456 17.42032 6.17151 2.3946 32.56387
1.38003 18.3467 5.74755 2.53611 31.99408
1.31224 17.81996 6.03749 2.3587 32.47531
1.26942 17.13531 6.05118 2.41228 33.13538
1.35684 17.29951 6.08395 2.23493 33.03002
1.42667 16.80052 6.53429 2.22543 33.01733
1.43455 16.82228 6.58156 2.30093 32.86628
1.43816 16.97706 5.92227 2.22828 33.43857
1.57608 17.1744 6.24756 2.22031 32.78968
1.44364 16.66123 6.8766 2.29622 32.73957
1.40778 17.40317 5.94819 2.3262 32.9225
1.34458 17.7404 5.6649 2.33757 32.91754
1.37043 17.70024 6.13261 2.41803 32.38326
1.28896 17.50639 6.34299 2.42428 32.44333
1.26421 18.04892 6.16886 2.24286 32.28089
1.36901 17.70583 6.13407 2.29441 32.50254
1.26248 18.04764 5.98756 2.44043 32.26652
1.29071 17.52351 6.43138 2.12594 32.63364
1.2568 17.06168 6.30459 2.27702 33.10464
1.29898 17.49875 6.15172 2.29879 32.75592
1.41309 17.63487 5.76685 2.35793 32.83083
1.35353 18.02582 5.98163 2.3583 32.28747
1.28112 17.54937 6.11249 2.3549 32.71153
1.30251 17.3716 6.14971 2.41054 32.77024
1.15318 17.76135 6.12009 2.29827 32.67802
1.25504 17.85631 5.61628 2.40763 32.87066
1.22281 18.02767 6.09031 2.32171 32.34326
1.15706 17.47712 5.86044 2.28905 33.21929
1.27092 17.15829 6.51164 2.14963 32.91364
1.13114 17.71735 5.74726 2.36422 33.04506
1.12545 17.30198 6.32152 2.33419 32.92128
1.20826 17.31784 6.1561 2.26442 33.05719
1.22376 17.45594 5.94882 2.35097 33.0243
1.29111 17.43151 6.15377 2.22543 32.90261
1.22736 18.0009 5.6632 2.47654 32.63997
1.20522 17.98967 5.57187 2.41351 32.82445
1.212 17.77274 5.69268 2.52364 32.80307
1.4746 17.49278 5.8804 2.20698 32.95341
1.42895 17.20979 6.39047 2.29046 32.68553
1.43104 17.85451 5.99195 2.30575 32.42169
1.23117 17.54042 6.86808 2.3698 32.00009
1.38382 17.58266 6.35153 2.16139 32.52913
1.34755 17.164 7.00489 2.17018 32.32697
1.35139 17.47925 6.28645 2.30959 32.58349
1.20907 17.9501 5.87344 2.39776 32.57411
1.33757 17.0278 6.69999 2.18944 32.75066
1.22813 17.31627 6.09056 2.47285 32.8966
1.30661 17.85612 6.16294 2.36767 32.31374
1.28653 18.06479 6.22926 2.37276 32.05294
1.45447 18.16426 5.84365 2.29152 32.25077
1.39156 17.71607 6.04189 2.35625 32.49866
1.4605 17.58371 6.22863 2.16072 32.56961
1.3686 17.86075 6.47691 2.2775 32.02312
1.2793 17.45774 5.89702 2.11911 33.25366
1.43786 17.53179 5.97276 2.29966 32.76331
1.28123 17.51111 5.83831 2.39401 32.97886
1.22575 17.31636 6.29675 2.29468 32.86976
1.32908 17.70122 5.84055 2.26613 32.86602
1.15034 17.23806 6.04101 2.09987 33.47415
1.30414 17.84606 5.54215 2.21383 33.09663
1.44922 17.36203 5.89688 2.32015 32.97586
1.43138 17.75683 5.97858 2.39248 32.44992
1.34756 17.82824 6.18244 2.23474 32.41657
1.16715 17.58413 6.39728 2.26458 32.60155
1.10962 17.44767 6.15309 2.31571 32.97983
1.28427 17.88544 6.09095 2.26062 32.48642
1.3621 18.02997 6.1769 2.27828 32.15667
1.28771 17.79889 5.91133 2.15792 32.85033
1.43625 17.48922 6.02069 2.46222 32.59841
1.46245 18.08996 5.64645 2.37847 32.42841
1.39336 17.98119 5.2985 2.39597 32.93472
1.26993 17.95361 5.22512 2.26272 33.29132
1.2719 18.65718 5.41178 2.05083 32.61569
1.25243 17.55019 5.77033 2.24024 33.19728
1.33008 17.67291 5.86936 2.33609 32.79979
1.27268 17.85775 5.94602 2.22968 32.69997
1.40847 17.56324 5.90379 2.30652 32.82458
1.41304 17.25474 6.0746 2.47719 32.78964
1.40971 18.36049 5.75772 2.25549 32.22354
1.39573 17.60197 5.95282 2.47283 32.58344
1.36725 17.19159 5.88634 2.31189 33.25027
1.29992 18.19535 5.82365 2.48497 32.20176
1.32668 17.72058 5.80817 2.44131 32.70715
1.51817 17.37191 6.33656 2.50932 32.27018
1.30463 17.27345 6.87499 2.35016 32.20254
1.48999 17.19943 6.71127 2.25321 32.35185
1.35336 17.41432 6.14947 2.44054 32.64937
1.51118 17.18125 6.21342 2.3724 32.72751
1.54229 16.68299 6.15576 2.19261 33.43036
1.28672 17.62224 5.83235 2.39712 32.86534
1.28885 17.31919 6.27241 2.31839 32.80748
1.35377 17.36932 6.23926 2.2234 32.81739
1.29923 16.78082 6.28467 2.07329 33.56395
1.27027 17.73914 5.95423 2.10106 32.93855
1.22375 17.14049 5.83903 2.05249 33.74828
1.36249 17.42182 5.94688 2.21226 33.06077
1.25574 16.98334 6.04209 2.2816 33.44003
1.19021 17.47368 6.18798 2.22647 32.92532
1.27186 18.39028 5.84731 2.2442 32.25218
1.33811 18.42986 6.01392 2.2508 31.9717
1.19066 18.08825 5.74892 2.32519 32.65048
1.30266 17.46907 5.86134 2.2767 33.09474
1.20315 17.80438 6.02511 2.58919 32.38405
1.28075 17.45502 6.07429 2.42657 32.76821
1.08056 17.81113 6.05823 2.32751 32.73069
1.13449 17.46791 6.09249 2.29735 33.01865
1.22144 17.89675 5.55858 2.20872 33.11821
1.17176 17.88892 6.05911 2.20277 32.68381
1.19222 18.02229 5.84445 2.31003 32.63609
1.23246 17.50445 6.11696 2.29539 32.85569
1.20129 17.82642 6.1403 2.25918 32.57782
1.45594 16.96438 6.49784 2.15178 32.93316
1.3235 17.58065 6.33211 2.15155 32.61728
1.28223 17.3667 6.38296 2.17897 32.7938
1.25314 17.29273 6.11989 2.24549 33.09121
1.11046 17.31275 6.12822 2.16874 33.2829
1.19254 17.23229 6.2718 2.19891 33.10757
1.31532 16.96433 6.34065 2.24178 33.14172
1.17229 16.59282 6.17304 2.23868 33.82701
1.26207 16.94762 6.25625 2.41433 33.12461
1.49326 17.49494 6.04679 2.63102 32.34021
1.3661 17.43999 6.27423 2.22552 32.69835
1.43804 17.54945 5.60657 2.24883 33.15936
1.39606 17.30419 5.89702 2.35586 33.05179
1.34227 17.27318 6.07912 2.41181 32.89772
1.38597 17.56395 5.91675 2.49836 32.64162
1.46861 17.09105 6.0885 2.25331 33.10394
1.27535 17.87898 5.83864 2.26332 32.75151
1.50239 17.71943 5.7514 2.19189 32.84021
1.38824 18.10905 5.62815 2.41893 32.4625
1.54685 18.09452 5.58247 2.40551 32.37669
1.25812 17.28575 5.78051 2.25294 33.4263
1.54898 17.15485 6.37445 2.29788 32.63458
1.3627 17.6501 6.01429 2.28778 32.69223
1.31011 17.95957 5.70326 2.19064 32.84046
1.44059 17.67389 6.05254 2.21654 32.6207
1.53922 17.87515 6.20342 2.20637 32.18293
1.35994 16.98455 6.35713 2.14085 33.16302
1.29728 17.23042 7.02908 2.30937 32.14355
1.31658 17.50741 6.45894 2.34988 32.37316
1.32175 17.4319 6.74877 2.49986 32.00639
1.5062 17.42937 6.50384 2.3163 32.25232
1.52877 17.65352 6.18243 2.44419 32.19747
1.48426 17.57291 6.12503 2.44798 32.37697
1.53455 17.87584 5.62201 2.72678 32.24558
1.48004 17.84644 5.61531 2.65151 32.41263
1.56089 17.69407 5.40746 2.54546 32.79635
1.42657 18.31275 5.99793 2.5777 31.69442
1.54431 17.88228 6.08743 2.67245 31.82499
1.54723 17.61217 6.20535 2.56222 32.08364
1.55351 17.6629 6.15637 2.55725 32.07733
1.5535 16.81414 6.04496 2.39529 33.19614
1.5238 17.07452 5.80058 2.18925 33.41481
1.36766 16.94854 6.13258 2.35913 33.19448
1.48261 17.03936 5.88275 2.35785 33.23969
1.44745 17.47858 5.67895 2.34882 33.05006
1.522 17.53465 5.63823 2.5389 32.77203
1.35388 17.4256 6.05416 2.45823 32.71338
1.29197 17.64586 5.96417 2.37382 32.73026
1.31117 17.80149 5.6017 2.26936 33.02209
1.40308 17.35066 5.84819 2.40916 32.99405
1.51645 17.20175 5.76816 2.4034 33.11396
1.55669 17.79366 5.82651 2.49251 32.34004
1.54435 17.47584 6.15527 2.49326 32.33975
1.51039 17.92725 6.33315 2.49319 31.74524
1.51924 17.50793 5.81034 2.29241 32.8741
1.44235 17.65115 6.35843 2.24758 32.30699
1.51545 17.35223 6.06925 2.33155 32.73947
1.36395 17.41837 6.20249 2.41562 32.60652
1.35124 17.82738 5.77601 2.41196 32.64361
1.34613 16.9306 6.14492 2.44101 33.14588
1.47619 18.0051 6.17533 2.44406 31.91111
1.37535 18.10064 5.7134 2.43706 32.37826
1.36535 17.73856 5.85422 2.52944 32.5195
1.53297 17.97225 5.35978 2.57209 32.56745
1.36938 18.44303 5.52895 2.62464 32.03937
1.43332 17.68762 5.8959 2.511 32.47847
1.28648 18.0353 5.82658 2.49426 32.3645
1.37791 18.0914 5.9544 2.6246 31.95979
1.36664 17.69284 6.0718 2.16994 32.70273
1.50797 17.61373 5.98849 2.04107 32.85247
1.31548 18.11654 5.80232 2.28497 32.48467
1.4773 16.998 6.17943 2.4062 32.94341
1.40038 17.11346 6.48715 2.54418 32.45989
1.49447 16.88062 6.43047 2.45385 32.74442
1.50079 17.17641 6.12502 2.31382 32.88912
1.40799 17.63986 5.62449 2.24192 33.09023
1.36494 17.53993 5.52033 2.29922 33.27972
1.31626 17.53307 6.08026 2.2737 32.80407
1.50341 17.47087 6.16126 2.28516 32.58916
1.22143 17.61629 6.29355 2.21842 32.65489
1.27318 17.5568 6.10524 2.33523 32.73412
1.42177 17.67621 6.06397 2.33455 32.50825
1.30937 17.29887 5.78736 2.34072 33.26947
1.35495 17.87657 5.80864 2.13733 32.82738
1.34903 17.75534 5.71714 2.13481 33.0464
1.39383 16.85243 6.15506 2.1346 33.46762
1.34035 16.88992 6.75923 2.28185 32.73431
1.25332 17.3065 6.06782 2.41609 32.96162
1.25757 16.98964 6.73416 2.29612 32.73988
1.27417 17.23678 6.08679 2.25363 33.15924
1.32893 17.3298 6.40358 2.30237 32.64381
1.23494 18.09291 5.91028 2.21328 32.55866
1.3344 17.37536 6.10355 2.16661 33.02564
1.27924 17.4601 6.10257 2.48268 32.68572
1.11626 17.43532 5.88314 2.49788 33.07764
1.1886 17.31375 6.16716 2.40951 32.92964
1.29512 16.60794 6.42585 2.28443 33.39393
1.1684 17.39387 5.94329 2.37304 33.12498
1.24143 17.42532 6.03261 2.31139 32.99294
1.38437 17.41438 6.18709 2.17198 32.84695
1.33428 17.42428 6.00188 2.30708 32.93793
1.33462 17.43452 6.00132 2.41523 32.81776
1.26277 17.74829 5.63651 2.36127 32.99445
1.40228 17.5168 5.68066 2.28351 33.12166
1.3563 16.78235 6.52627 2.33524 33.00415
1.18667 17.13822 5.7694 2.23015 33.6781
1.22324 17.42281 5.59136 2.31692 33.44812
1.4113 17.63922 5.8609 2.37319 32.72277
1.36119 17.4817 5.9697 2.4669 32.72708
1.49879 17.60497 5.90989 2.11194 32.88002
1.33183 17.91191 5.78338 2.12646 32.84925
1.38303 18.46669 5.88268 2.2437 32.02929
1.41012 18.56614 5.87155 2.38817 31.77104
1.37169 17.99359 5.633 2.27917 32.72724
1.27234 18.32896 5.88567 2.00375 32.5175
1.32569 17.78591 5.89889 2.16589 32.83249
1.47976 17.8367 5.62872 2.31154 32.75666
1.46234 18.10008 5.92799 2.36948 32.1464
1.31393 18.106 5.90869 2.31486 32.36331
1.37892 17.85382 5.93609 2.26228 32.57327
1.39651 17.13995 6.12306 2.315 33.03058
1.3278 17.73159 6.00674 2.40219 32.53968
1.3187 17.58337 5.85677 2.59839 32.64709
1.39403 17.81081 5.70202 2.34189 32.75781
1.30805 18.2296 5.6747 2.3171 32.47482
1.27432 17.63416 5.96273 2.3113 32.82097
1.31946 17.90928 6.16142 2.42866 32.18563
1.19749 18.3932 5.40332 2.52591 32.48408
1.36791 17.98749 5.65217 2.45264 32.54462
1.12191 17.83389 6.16781 2.3611 32.51885
1.10363 17.92347 6.25469 2.21748 32.50468
1.2821 17.59538 5.76745 2.26962 33.09105
1.24352 17.85624 5.485 2.18586 33.23791
1.23779 17.90245 5.87451 2.35002 32.64648
1.26733 17.91773 6.15049 2.5853 32.08502
1.2988 17.96051 5.58629 2.46456 32.69325
1.2188 17.1342 5.82474 2.12276 33.70288
1.12423 17.98629 5.77159 2.29983 32.82215
1.25828 18.52045 6.04059 2.12923 32.05798
1.13864 18.17004 5.91595 2.28971 32.4902
1.13409 17.82054 6.04767 2.55425 32.45074
1.19452 17.41667 5.90154 2.56005 32.93024
1.18942 17.38381 6.1803 2.71337 32.53722
1.36013 17.72416 5.82527 2.52729 32.56827
1.28853 17.8845 5.81785 2.44162 32.5708
1.23277 17.74132 5.59962 2.45794 32.97231
1.30029 17.67651 5.90843 2.51511 32.60639
1.20025 18.02472 5.63313 2.48339 32.66408
1.22241 17.74765 6.23928 2.34123 32.45731
1.11028 17.48896 6.40302 2.36411 32.64284
1.29211 18.00662 5.8769 2.50883 32.32341
1.23722 17.73284 6.14824 2.40513 32.48353
1.14043 18.0718 6.19703 2.37589 32.22574
1.34004 18.68758 5.58314 2.31204 32.08288
1.48653 18.29015 5.59177 2.46444 32.17146
1.28502 18.25847 5.74491 2.11644 32.60105
1.45932 17.68594 6.05694 2.22954 32.57541
1.47502 17.33475 6.04659 2.13694 33.01096
1.3253 17.29275 6.17666 2.18395 33.0254
1.37254 17.20961 6.1967 2.15652 33.06867
1.27471 17.59607 6.20691 2.16567 32.75963
1.18701 17.50057 6.23386 2.12495 32.95621
0.98052 17.60557 6.47575 2.13036 32.81162
1.0594 17.68874 6.47181 2.2115 32.57516
1.19053 17.73658 6.58514 2.22372 32.27226
1.17783 17.63612 6.29987 2.24284 32.64898
1.08245 18.22029 6.20644 2.19524 32.30151
1.10585 18.47443 5.83106 2.56712 32.02725
1.16303 18.12463 5.7972 2.58521 32.33331
1.10574 18.5066 5.54333 2.49656 32.35261
1.12544 18.38449 5.87417 2.56593 32.06039
1.19986 17.91474 5.80008 2.40154 32.68879
1.0739 17.76278 5.5872 2.64934 32.93175
1.14194 18.24856 5.70165 2.49095 32.42424
1.16411 18.25899 5.89308 2.65116 32.03973
1.42965 18.52597 5.52761 2.75162 31.77118
1.19988 18.12547 5.95608 2.62974 32.09344
1.11431 17.12217 5.91484 2.62225 33.23126
1.17487 17.21641 5.93266 2.47917 33.20342
1.22774 17.6753 5.83921 2.37981 32.88379
1.05902 17.62882 5.54583 2.62852 33.1419
1.23529 18.1336 5.90433 2.5201 32.21293
1.20569 17.40944 6.13177 2.2719 32.98629
1.2189 17.55333 6.10825 2.45106 32.67307
1.16336 17.53129 5.85113 2.43338 33.02679
1.0738 17.57143 6.39952 2.17227 32.79832
1.28204 18.21562 6.21317 2.41755 31.88274
1.30962 17.83184 5.98974 2.35367 32.52045
1.50702 16.21542 6.87628 2.35676 33.05216
1.20477 16.89094 6.74979 2.23589 32.92443
1.39264 17.51405 6.23036 2.28246 32.58619
1.20695 17.41203 6.24621 2.14458 32.99391
1.33318 18.04714 6.06014 2.12157 32.44588
1.22335 18.15232 5.46955 2.22555 32.9368
1.21675 17.97446 5.57644 2.39216 32.84595
1.26718 17.83863 6.01089 2.25049 32.64091
1.28114 17.53561 5.67307 2.11339 33.40175
1.24079 17.39247 5.55506 2.32021 33.49593
1.16759 17.17883 6.07765 2.26434 33.31439
1.26482 17.61302 6.2945 2.35711 32.47553
1.13011 17.49067 6.39862 2.46062 32.52577
1.24324 17.34187 6.48844 2.38575 32.55179
1.2892 17.89242 6.16277 2.3011 32.36344
1.17848 17.87692 6.16767 2.45538 32.33017
1.24242 17.79012 6.07759 2.35008 32.54683
1.3088 17.4693 5.95062 2.43509 32.84322
1.32773 17.48454 6.23481 2.4877 32.47287
1.40245 17.2802 6.35092 2.43902 32.53408
1.23163 18.3717 5.78091 2.36534 32.26123
1.50237 17.26136 5.97194 2.26493 33.0061
1.31433 17.81484 5.62556 2.40921 32.84033
1.33432 17.57068 5.52568 2.58217 32.99434
1.37553 17.78843 5.36704 2.30188 33.17233
1.21824 17.33167 6.1907 2.2498 33.01466
1.39167 17.4188 6.14512 2.41875 32.63296
1.27674 17.68824 6.01857 2.24533 32.78188
1.37238 17.31021 6.57961 2.29027 32.46245
1.33425 17.32172 6.56244 2.45067 32.34132
1.29168 17.32037 5.99262 2.46229 32.93873
1.26542 17.45881 6.66395 2.26868 32.35355
1.50369 17.01047 6.77269 2.16972 32.55279
1.43452 16.99319 6.11142 2.35676 33.11299
1.23295 17.03382 5.71989 2.47469 33.543
1.29346 17.87039 5.25515 2.59615 32.98912
1.36117 18.02647 5.47755 2.47725 32.66285
1.47193 17.39442 5.84936 2.66262 32.62792
1.34159 17.36266 6.31572 2.53468 32.4504
1.22811 17.33081 6.54257 2.33671 32.56782
1.23019 17.70958 6.25412 2.29483 32.51729
1.28215 17.60105 5.97397 2.56468 32.58469
1.30943 17.50767 5.66629 2.44163 33.07963
1.23042 17.36956 5.69033 2.42672 33.28806
1.35893 17.40991 5.92868 2.34479 32.96294
1.22788 17.33433 5.29838 2.51036 33.63297
1.36101 17.26992 5.54208 2.26828 33.56277
1.43887 17.75661 5.96872 2.55609 32.28524
1.3636 17.48814 5.90227 2.64978 32.59995
1.37459 17.2496 6.15891 2.48049 32.74278
1.43272 17.31155 6.37713 2.49955 32.38489
1.39208 18.00654 6.02672 2.49486 32.08591
1.4426 17.62763 5.81627 2.36208 32.75695
1.40991 18.076 5.68061 2.43783 32.40104
1.3209 17.81426 5.81218 2.56843 32.49145
1.40334 17.77442 5.76164 2.35563 32.71063
1.27578 17.42325 5.63737 2.37257 33.29843
1.19719 18.04475 5.44035 2.26886 33.05511
1.23692 17.74572 5.65433 2.43427 32.93686
1.32375 18.05052 5.3955 2.65772 32.58027
1.34652 18.13586 5.72632 2.51112 32.28629
1.34093 18.0279 5.94039 2.3951 32.2997
1.3618 18.05002 5.92028 2.24103 32.43276
1.34217 17.63968 6.08361 2.44899 32.49215
1.25623 17.9288 5.49416 2.49361 32.83329
1.36333 17.90129 5.81489 2.59903 32.32831
1.36879 18.05653 5.78549 2.48549 32.31055
1.27155 17.96414 5.79408 2.31225 32.66237
1.27058 18.56348 5.5996 2.60769 31.96489
1.19538 17.54217 5.90783 2.39398 32.96479
1.1954 17.56108 5.86536 2.38022 33.00212
1.21464 17.33728 5.96057 2.47891 33.01365
1.20893 18.08961 5.78204 2.34397 32.57916
1.25858 18.09426 5.64984 2.4587 32.54408
1.40332 17.53081 6.25764 2.45561 32.35947
1.42985 17.28194 6.12793 2.23054 32.93438
1.38611 17.29258 5.86702 2.20001 33.25815
1.26579 17.48453 6.11339 2.29421 32.84771
1.49543 18.23724 5.89175 2.14391 32.23783
1.33161 18.63742 5.63602 2.31681 32.08438
1.36576 17.66907 6.07837 2.58506 32.30714
1.28036 18.41963 5.67264 2.23133 32.40072
1.20513 18.19798 6.21316 2.25386 32.13539
1.33437 17.58509 6.26181 2.0214 32.80158
1.35334 17.40034 5.87157 2.13319 33.24829
1.37272 17.58753 6.30418 2.31454 32.42911
1.214 18.15002 5.77073 2.48279 32.38707
1.22955 18.19418 5.88525 2.22892 32.46722
1.17744 17.55775 5.88352 2.36535 33.02152
1.34502 17.53235 5.57842 2.42715 33.12092
1.28081 17.46825 6.16956 2.26384 32.82156
1.22967 17.62823 5.91179 2.23627 32.99896
1.28341 17.51722 5.74852 2.31036 33.14287
1.32392 17.0284 6.01323 2.38603 33.25072
1.19617 17.58576 5.97513 2.28583 32.96166
1.08613 17.9155 5.86023 2.53605 32.60725
1.17594 17.4606 6.23983 2.36709 32.76527
0.99587 17.44192 6.19826 2.4154 32.95479
1.2478 18.08485 6.15497 2.36889 32.14888
1.20582 17.77091 6.41127 2.23116 32.38534
1.07386 17.72102 6.14091 2.28467 32.78493
1.18666 18.02545 5.97537 2.42399 32.39657
1.0783 18.01063 6.28089 2.34851 32.29087
1.11618 17.95482 6.26174 2.49603 32.17692
1.15108 18.12305 5.81284 2.3421 32.57466
1.22619 18.65795 5.76353 2.43063 31.92583
1.21864 18.03173 5.57462 2.32809 32.85102
1.11923 17.29459 5.93223 2.655 33.00269
1.25579 17.27234 5.90753 2.41232 33.15473
1.21776 18.00157 6.06845 2.55401 32.16302
1.38067 17.5569 6.21058 2.4866 32.36906
1.24222 17.974 5.93214 2.29153 32.56497
1.24002 17.67772 6.15796 2.32923 32.60026
1.33632 17.89121 5.96908 2.45882 32.34911
1.29496 17.63544 5.95064 2.37795 32.748
1.16359 17.33216 5.99934 2.38563 33.12683
1.3405 17.56327 5.64628 2.37888 33.07752
1.21806 18.03786 5.69014 2.49323 32.57103
1.33975 17.93132 5.46539 2.66188 32.6107
1.31155 18.01582 5.60649 2.6003 32.47301
1.11131 17.98894 6.13763 2.74702 32.02806
1.11356 18.19326 5.83461 2.77024 32.0963
1.02177 18.28921 5.82335 2.60643 32.26895
1.17565 17.99398 5.69481 2.4586 32.68391
1.29809 18.01162 5.72643 2.66653 32.30564
1.25245 17.52066 6.19795 2.45005 32.59039
1.24623 18.56437 5.59383 2.41312 32.19455
1.29365 18.11178 5.58332 2.54838 32.46916
1.24491 17.72182 5.80711 2.48442 32.74506
1.28278 17.67747 6.00337 2.42773 32.61362
1.11513 17.15327 6.03946 2.61222 33.08267
1.23528 17.36791 5.71839 2.34755 33.33454
1.31459 17.27983 6.00425 2.09767 33.31616
1.26919 17.37547 5.91276 2.35661 33.09056
1.31358 17.25256 6.43138 2.22104 32.78599
1.22274 17.65907 5.95681 2.49292 32.6735
1.28124 17.42336 6.38761 2.33677 32.57687
1.16779 17.63086 6.02893 2.32038 32.85512
1.37768 17.92822 5.92957 2.33818 32.42922
1.38295 17.54141 6.16762 2.34111 32.57077
1.12881 17.18702 6.40456 2.21753 33.06759
1.20957 17.40355 6.31632 2.29176 32.78514
1.31943 17.28766 6.25676 2.41157 32.73195
1.13943 16.94539 6.15343 2.55993 33.20489
1.23735 17.2681 6.07763 2.72256 32.69958
1.18326 17.10086 6.33154 2.6746 32.71365
1.07716 17.51145 6.44252 2.69023 32.28478
1.12556 17.89052 5.86335 2.64419 32.48021
1.08154 17.66153 5.53467 2.75293 32.97425
1.08074 18.35103 5.49404 2.50813 32.57154
0.95653 17.87816 5.5899 2.57698 33.0042
1.08643 17.57749 6.09437 2.47324 32.77326
1.13451 16.98666 6.67382 2.486 32.72329
1.2553 17.39613 5.98139 2.34145 33.02929
1.33258 17.00552 6.01056 2.2391 33.41565
1.21894 17.80992 6.05557 2.58881 32.33024
1.28767 17.22122 5.82893 2.54226 33.12314
1.27693 17.54086 6.07648 2.63 32.48153
1.37552 18.62794 5.70475 2.44212 31.85553
1.37608 17.65565 5.8474 2.51114 32.61346
1.39907 17.56615 5.98793 2.27749 32.77687
1.24024 18.003 5.71328 2.27611 32.77274
1.37384 17.96097 5.38433 2.33221 32.95245
1.20349 17.78888 5.81584 2.11583 33.08049
1.52591 16.97416 5.99708 2.20349 33.30556
1.3222 17.21146 5.71224 2.36656 33.39422
1.31165 17.19222 6.19618 2.11468 33.1912
1.41689 17.94004 6.01375 2.14445 32.49192
1.56084 17.30151 6.23563 2.43286 32.47499
1.68928 17.4721 5.97893 2.37362 32.49159
1.41255 17.43733 5.84592 2.6068 32.70105
1.32082 17.19843 6.00451 2.52929 32.95198
1.40333 17.79089 5.81289 2.54796 32.45038
1.35569 17.82457 6.36797 2.23773 32.21945
1.39238 17.4768 6.25309 2.36149 32.5213
1.35532 16.98202 6.52987 2.22054 32.91597
1.26088 17.47716 5.88551 2.3858 32.99567
1.28922 17.39645 5.54231 2.39742 33.37731
1.30971 17.63579 5.72075 2.43997 32.89644
1.36749 17.32639 6.18897 2.41867 32.70353
1.35313 17.34362 5.90849 2.73895 32.66093
1.33071 16.88514 6.36627 2.28327 33.14019
1.31753 17.48977 5.90348 2.29707 32.99665
1.17344 17.32227 6.23672 2.19617 33.07594
1.28401 17.48573 5.90488 2.25515 33.07354
1.33632 17.31745 6.07909 2.14198 33.12826
1.37422 17.29992 5.93703 2.33406 33.05789
1.42856 17.71772 5.87655 2.41548 32.56677
1.32398 17.27087 5.81322 2.52301 33.07133
1.22439 17.71976 5.65913 2.53228 32.86801
1.21379 18.0093 5.38374 2.58501 32.81088
1.32048 17.86775 5.4492 2.34691 33.01909
1.30991 18.0002 6.12137 2.56286 32.01206
1.20854 17.22776 5.8242 2.36359 33.38064
1.29446 17.54241 5.81721 2.5083 32.84439
1.21354 17.81608 5.68895 2.47408 32.81187
1.32163 17.96519 5.8318 2.54342 32.34334
1.39565 17.07431 5.76835 2.62365 33.14113
1.24277 17.05591 6.20786 2.78369 32.71541
1.35829 17.52236 5.85152 2.74892 32.52448
1.39692 17.45158 6.05769 2.25744 32.84239
1.40635 18.04017 5.6921 2.37593 32.49286
1.42725 17.68776 5.82811 2.36547 32.69828
1.37491 17.56489 6.12363 2.52324 32.41751
1.40259 17.98814 5.03375 2.65118 32.92855
1.25912 18.30294 5.04826 2.76744 32.62737
1.2145 17.20886 6.31123 2.57062 32.69965
1.46849 17.26664 5.70664 2.41959 33.1455
1.28807 17.27568 5.79518 2.47102 33.17898
1.37544 16.56105 6.44682 2.46462 33.16058
1.46446 17.93508 6.03927 2.7019 31.86967
1.493 17.13733 6.68028 2.56733 32.12781
1.41336 17.25644 6.44313 2.31094 32.58465
1.49485 17.12357 6.14275 2.42557 32.81979
1.24184 17.23862 6.57528 2.38172 32.56801
1.38012 17.65848 6.39397 2.48471 32.0915
1.33079 17.1736 6.82437 2.38638 32.29344
1.2211 17.56972 6.36923 2.40401 32.44644
1.21635 17.87204 6.10247 2.39921 32.41433
1.29509 18.1131 5.769 2.53574 32.29191
1.17914 17.31914 6.05591 2.28406 33.16544
1.23155 17.43723 6.0304 2.23757 33.06602
1.26162 17.35308 6.24695 2.37903 32.76236
1.3545 17.58577 6.17848 2.23529 32.65107
1.34135 17.47862 6.38868 2.08479 32.71558
1.44973 17.85106 6.06613 2.17589 32.46226
1.37351 17.85132 5.85734 2.38125 32.54045
1.30514 18.10438 5.55803 2.44668 32.59046
1.30967 17.62418 6.17061 2.2172 32.68326
1.27615 17.55186 5.93824 2.33702 32.90132
1.35168 17.25321 6.39851 2.42361 32.58135
1.27856 17.41246 6.05058 2.22457 33.03881
1.36691 18.5686 5.31229 2.29068 32.46715
1.20674 17.5839 5.15339 2.46783 33.59209
1.2783 17.65093 5.87526 2.60794 32.59155
1.18 17.32232 5.88542 2.58705 33.03066
1.19235 17.79733 6.44029 2.54348 32.035
1.16741 17.86629 6.08909 2.63114 32.25954
1.36566 17.13428 6.26159 2.50036 32.74234
1.2364 17.6472 5.91607 2.36287 32.84148
1.19337 17.73589 6.0877 2.31363 32.67287
1.28063 17.9205 5.89931 2.36276 32.54102
1.17605 17.28272 5.9796 2.18786 33.37615
1.31359 17.35832 5.91091 2.37642 33.04591
1.16904 17.36161 5.76123 2.25208 33.46529
1.3046 17.76686 5.68463 2.24529 33.00381
1.34377 17.88825 6.12568 2.14419 32.50324
1.26462 17.64948 6.32761 2.42618 32.34294
1.11523 17.92301 6.18722 2.67826 32.10829
1.20192 18.23175 5.58514 2.47875 32.51064
1.02405 18.04758 5.62894 2.35678 32.95103
1.07345 18.38458 5.24449 2.13162 33.16941
1.0483 17.67846 5.86396 2.07782 33.34065
1.21894 17.83516 5.58101 2.28844 33.08337
1.14022 17.86765 5.63397 2.34057 33.02231
1.08232 17.58553 5.80909 2.09746 33.42836
1.14364 17.47573 6.01319 2.32078 33.05585
1.28817 17.54585 5.88394 2.45661 32.83002
