"V1" "V2" "V3" "V4" "V5"
0.60668 23.26255 4.33886 2.03438 29.77587
0.72174 23.61406 3.9502 2.20051 29.53121
0.6594 23.02697 4.06524 2.09691 30.16111
0.62353 22.90545 3.73628 2.12978 30.61222
0.61582 23.5315 3.74318 2.39486 29.73129
0.63153 23.15036 4.31312 2.10583 29.82076
0.62673 23.65025 3.69253 2.0565 29.98809
0.608 22.54582 4.3786 2.00165 30.48415
0.6019 22.95531 4.12664 1.92681 30.39908
0.64074 22.05353 4.1917 2.03907 31.08188
0.63779 22.27223 4.06613 2.37223 30.6624
0.76992 23.1201 4.16018 2.35401 29.60839
0.69238 23.35364 3.95081 2.34852 29.66967
0.67199 23.55986 3.68113 2.27097 29.83088
0.62371 22.71728 4.30562 2.22907 30.14562
0.72833 22.61066 4.55462 2.28736 29.83467
0.75615 23.05676 4.10682 2.2582 29.83731
0.75004 23.05391 4.70822 2.10444 29.4038
0.61959 23.40482 5.03692 2.21375 28.76259
0.62013 22.75196 5.26298 2.30269 29.08359
0.54109 23.4912 4.60164 2.13181 29.25984
0.58325 23.07313 4.19195 2.47506 29.69397
0.61016 23.36782 3.97699 2.28249 29.7765
0.5236 22.58444 4.1113 2.39305 30.39938
0.5293 23.50382 4.1053 2.13404 29.73759
0.57642 23.32855 4.00847 2.18779 29.90986
0.56552 24.02674 3.60321 2.35574 29.46617
0.61515 23.7276 3.47796 2.54545 29.64688
0.56535 23.98227 3.53414 2.21635 29.70992
0.58965 23.88064 3.71218 2.45785 29.37243
0.61222 23.16594 3.93822 2.56054 29.73623
0.61783 22.81312 4.21854 2.45084 29.90906
0.62046 22.92241 3.66355 2.37773 30.42326
0.52948 23.69177 3.84993 1.88004 30.06369
0.60458 23.98009 4.01805 2.41454 28.99912
0.63076 23.01257 3.75458 2.30019 30.30904
0.53319 23.23069 3.8371 2.0514 30.35826
0.59713 23.3576 3.83737 1.97777 30.24256
0.52961 24.73957 3.69921 2.47232 28.57793
0.56862 23.66979 3.93925 2.01842 29.8167
0.64479 23.40363 3.7722 2.02609 30.16366
0.60098 24.99731 3.54232 2.14477 28.73626
0.63313 23.07252 4.16242 2.34974 29.79992
0.67713 22.81769 3.87382 2.28789 30.35119
0.67111 23.22916 4.34598 2.27039 29.49682
0.58473 23.76901 4.1931 2.32154 29.14707
0.67999 23.93401 3.83897 2.55938 29.0062
0.6468 23.72176 3.76243 2.54677 29.33515
0.67666 23.91953 3.91748 2.3839 29.11753
0.69848 23.77746 3.60408 2.36329 29.57029
0.57389 23.14318 3.76298 2.26637 30.26111
0.59982 23.64324 3.76705 2.36216 29.63816
0.6525 23.22034 3.49438 2.09424 30.54726
0.68785 23.19856 4.26301 2.15 29.7214
0.67885 24.30807 3.52085 2.9612 28.5497
0.79178 22.61843 3.76492 2.49803 30.34254
0.76972 23.6565 4.15223 2.42117 29.03202
0.72946 22.92139 4.58349 2.25726 29.53123
0.84747 21.86488 4.73562 2.52772 30.05423
0.66359 22.75247 4.18634 2.91469 29.50162
0.70813 22.55009 4.367 2.79898 29.59236
0.73276 23.74376 4.07714 2.58917 28.87913
0.74129 22.35952 4.50788 2.50482 29.89883
0.78538 23.49297 4.04547 2.27299 29.42086
0.7555 23.70364 3.92703 2.51322 29.12307
0.84193 22.85339 4.03731 2.36864 29.92337
0.79258 23.09989 4.25123 2.48449 29.39495
0.84483 24.37137 3.45707 2.67842 28.669
0.72315 22.66148 3.56296 2.60077 30.46619
0.76555 21.97699 3.59847 2.88094 30.79455
0.77064 23.23462 4.37934 2.50045 29.13978
0.78158 22.74306 3.96474 2.56998 29.96046
0.79557 22.96635 4.08951 2.71396 29.45877
0.82503 23.17323 4.18684 2.49888 29.33451
0.75348 23.11231 4.30266 2.28663 29.56369
0.70785 22.76426 3.59173 2.37552 30.57654
0.7479 22.5384 4.55727 2.36434 29.81466
0.66008 22.87718 4.21688 2.50911 29.74968
0.59801 23.46417 4.15676 2.36369 29.43467
0.70424 23.24396 3.81933 2.23726 30.01048
0.69028 23.78673 3.51002 2.53492 29.49589
0.70351 23.86503 3.81181 2.35286 29.28706
0.64401 24.02676 3.81894 2.58765 28.94519
1.01874 24.06951 3.72496 2.53766 28.67555
0.71306 23.63696 3.77374 2.63066 29.26505
0.6357 24.0605 3.39592 2.52207 29.40027
0.64373 23.73863 3.60002 2.11619 29.91585
0.74684 23.03862 4.1093 2.17963 29.94044
0.66785 24.19178 3.62792 2.12666 29.40322
0.74018 23.00587 4.11187 2.11719 30.04038
0.65114 23.30771 4.29904 2.23994 29.52514
0.78852 23.26226 4.41149 2.35826 29.19768
0.81397 23.81504 4.07552 2.21283 29.10158
0.82043 23.35448 4.32358 2.18713 29.33326
0.70369 23.43108 4.15108 2.20264 29.52396
0.7837 24.02407 3.22119 2.41888 29.56597
0.73602 23.21878 3.69298 2.2743 30.09359
0.68425 23.29796 3.83327 2.07381 30.12575
0.78316 23.57782 3.84872 2.13985 29.66297
0.71822 23.10387 3.82375 2.69969 29.66569
0.64779 23.73641 3.83406 2.57416 29.21758
0.70457 23.86316 3.63849 2.46 29.34731
0.63306 23.51666 3.64214 2.89545 29.33319
0.71587 23.00777 3.67898 2.7409 29.86899
0.71663 23.05422 3.61074 2.58427 30.04763
0.65038 23.13987 3.72567 2.47741 30.02082
0.81324 23.3553 3.6678 2.58729 29.59699
0.73245 22.22483 3.83231 2.53594 30.68483
0.67333 23.17545 3.72577 2.45899 29.98753
0.61074 22.98954 3.889 2.31621 30.2193
0.66498 23.81814 3.87177 2.54122 29.12325
0.74374 22.50658 4.04362 2.13736 30.58644
0.74516 23.10357 4.04205 2.4384 29.68785
0.73223 23.50984 4.1189 2.37648 29.27727
0.69221 23.18489 4.07038 2.24561 29.82504
0.67902 23.00852 4.18678 2.18791 29.95152
0.67489 23.50776 4.07928 2.20639 29.54612
0.75275 23.26865 4.26394 2.44633 29.28648
0.75628 23.14358 4.33975 2.39447 29.37903
0.77371 23.86654 4.19146 2.26486 28.92286
0.83051 23.27926 4.34824 2.35032 29.22425
0.76918 22.47396 4.43946 2.17477 30.15969
0.76719 22.70674 4.18774 2.42601 29.93531
0.93507 23.01058 3.73186 2.36157 29.99163
0.7518 22.97581 4.00393 2.70947 29.5904
0.82796 22.24481 4.37994 2.5678 30.01414
0.82231 22.74528 4.47823 2.20373 29.78117
0.78539 23.1819 4.43836 2.39518 29.21976
0.7183 22.81906 4.28709 2.32176 29.87154
0.76947 23.2181 4.2641 2.31579 29.4512
0.86903 23.63717 3.92907 2.08783 29.49264
0.7753 23.68518 4.49153 2.35432 28.71608
0.79791 23.93556 4.0645 2.42643 28.79966
0.80415 24.35414 3.74416 2.61091 28.51335
0.68255 23.70046 4.32362 2.59193 28.7196
0.69107 23.62335 3.87942 2.53013 29.28939
0.79855 23.3644 4.2982 2.38765 29.16943
0.7122 23.45179 3.81682 2.43839 29.59519
0.76414 22.29365 4.41999 1.99155 30.54466
0.72997 23.2702 4.20436 2.31429 29.49984
0.67862 23.53083 4.15421 2.09753 29.54993
0.81712 23.49261 4.7717 2.02381 28.91813
0.82983 23.329 4.31218 2.27577 29.27312
0.76809 23.39843 3.90823 2.18442 29.75542
0.79052 23.76257 4.37426 2.30596 28.79502
0.76227 23.98789 3.74878 2.10367 29.41228
0.79658 22.79737 4.20503 2.12693 30.08858
0.73963 23.04952 4.09793 2.17988 29.95187
0.76912 23.71665 4.8579 2.26953 28.42384
0.81638 22.55392 4.18744 2.22199 30.23345
0.90019 22.4977 4.65149 2.19377 29.77816
0.84946 23.9177 4.68773 2.33941 28.23495
0.88309 23.54366 4.5261 2.67407 28.39919
0.96639 22.81215 4.14405 2.47591 29.61582
0.80973 23.63115 4.16852 2.44618 28.96223
0.80744 23.37111 3.8418 2.21965 29.77179
0.63635 23.74751 3.72746 2.35131 29.54999
0.57592 23.44214 3.77565 2.22379 29.99974
0.65436 23.70255 4.01019 2.44888 29.20836
0.60516 23.4979 3.57475 2.39619 29.93685
0.71472 22.78488 3.82885 2.44271 30.24126
0.71147 22.75707 4.4286 2.42232 29.69364
0.70444 23.89433 4.30296 2.47693 28.6461
0.66805 24.12379 4.1735 2.53563 28.52482
0.60577 22.81349 4.01099 2.75282 29.82868
0.65379 22.37377 4.16017 2.49011 30.33192
0.77816 22.3598 4.1724 2.44249 30.26084
0.66019 23.19663 3.71749 2.41815 30.02639
0.6714 23.13808 3.96293 2.53544 29.71054
0.6514 23.83559 3.81633 2.42422 29.29099
0.59601 23.39333 3.74913 2.14025 30.13323
0.69911 22.97725 3.72476 2.4682 30.14155
0.58503 23.01674 4.03941 2.35548 30.01747
0.58747 22.84324 3.93477 2.5857 30.0685
0.63918 22.63524 3.71868 2.76298 30.25454
0.76495 23.07787 4.07916 2.73761 29.3603
0.79962 22.9994 4.13426 2.76908 29.32256
0.73546 23.89059 3.66522 2.44526 29.28359
0.7862 23.77053 4.0602 2.53829 28.86635
0.60403 23.80955 3.967 2.46937 29.17056
0.60554 23.36493 3.87724 2.35318 29.81201
0.67543 22.42526 4.261 2.53888 30.11711
0.65887 22.48119 4.44756 2.84039 29.59108
0.64436 22.87817 4.33177 2.81959 29.34656
0.70033 23.02968 3.77727 2.50884 30.00306
0.78598 23.07268 3.52596 2.77995 29.85859
0.83106 24.46551 3.63587 2.4852 28.61382
0.74857 23.98945 3.29521 2.57419 29.40615
0.80159 23.87186 3.23394 2.18447 29.92613
0.74108 23.59646 3.06055 2.45624 30.16212
0.80675 23.99571 3.54543 2.30414 29.36159
0.91295 23.25487 3.74925 2.21086 29.89537
0.8832 23.16524 3.89492 1.94972 30.12411
0.76277 24.58908 3.69111 2.1291 28.84966
0.80369 24.21862 3.88503 2.01319 29.10163
1.04229 24.41117 3.57749 2.07499 28.92434
0.84602 23.04861 3.77317 2.28244 30.06788
0.96718 24.10753 3.59378 2.36968 28.99002
0.82276 23.1208 4.04383 2.42216 29.61032
0.69227 23.92222 3.93574 2.34594 29.12656
0.83433 23.08078 4.03239 2.20843 29.85548
0.80541 23.25558 4.31762 2.22543 29.41488
0.75118 23.29179 4.24467 2.15266 29.58358
0.74861 22.6197 4.25924 2.20541 30.18568
0.70514 24.07211 3.81898 2.35496 29.07644
0.66151 23.72539 4.10221 2.19138 29.34023
0.7282 23.1228 4.48981 2.28824 29.39536
0.66558 23.67053 4.05916 2.1611 29.4636
0.7177 23.07639 3.8441 2.28506 30.09171
0.71583 23.42615 3.92326 2.34461 29.61277
0.76214 24.10413 3.98256 2.32198 28.84939
0.79203 23.48689 4.19784 1.96385 29.58361
0.79097 23.44816 4.12227 1.98336 29.69048
0.82138 23.83237 4.13798 2.0947 29.1422
0.83033 23.86153 4.21234 2.26157 28.86605
0.8755 22.57515 4.23428 1.98541 30.35392
0.67271 24.7087 3.59566 2.32199 28.74022
0.78312 24.38435 3.81967 2.23002 28.8136
0.74986 22.38748 4.32563 2.03305 30.51754
0.85158 21.36202 5.00575 2.22332 30.58944
0.5999 22.58545 4.16408 2.03811 30.62137
0.59342 22.80995 4.63714 2.18629 29.78714
0.63578 23.63911 4.02664 2.38876 29.33197
0.65158 23.37648 3.72779 2.33937 29.92191
0.51811 22.54966 4.06248 2.38931 30.49681
0.48437 23.88476 4.02694 2.4427 29.1834
0.56019 22.9638 4.20071 2.59256 29.70317
0.53475 23.22313 4.07173 2.39939 29.7863
0.65877 22.70994 4.6 2.32411 29.72595
0.69078 23.12031 4.38328 2.28482 29.5374
0.72366 23.89707 4.29992 2.42907 28.67268
0.734 24.54355 3.93087 2.41672 28.40031
0.72264 23.09899 4.08741 2.49057 29.61706
0.74059 23.61434 3.92033 2.5244 29.22058
0.75115 22.6436 4.09257 2.22678 30.29908
0.76402 22.78124 4.64848 2.80291 29.02999
0.76108 22.01572 4.83267 2.62282 29.78663
0.68344 22.9745 4.03797 2.47158 29.84781
0.6753 23.39543 4.31819 2.15905 29.46676
0.7584 23.17258 4.04242 2.64812 29.39615
0.65762 23.73596 3.83381 2.85296 28.94077
0.59104 22.84623 3.59896 2.39574 30.57628
0.65567 22.90491 4.1385 2.29106 30.02297
0.6913 23.37133 4.27555 2.19401 29.48163
0.75278 22.41671 4.77911 2.62792 29.44215
0.6724 23.31273 4.33849 2.63314 29.06402
0.67156 23.48273 4.59997 2.4666 28.80845
0.60753 23.3346 4.61514 2.45006 29.01636
0.58347 23.90913 4.23892 2.57083 28.71516
0.64802 22.50317 4.48816 2.5796 29.80177
0.68137 23.27758 4.37255 2.63857 29.04698
0.65754 23.8957 4.53398 2.66528 28.26847
0.54712 23.43899 4.52935 2.53411 28.96726
0.63781 23.92347 4.6142 2.64169 28.21077
0.71466 23.8452 4.5401 2.63116 28.29291
0.73278 23.37533 4.60829 2.89253 28.42108
0.68373 23.41168 4.39563 2.76144 28.77713
0.83475 22.32716 4.32596 2.64439 29.88515
0.7461 23.11782 4.58053 2.3996 29.1759
0.66184 22.68205 4.50584 2.89965 29.27472
0.54792 22.95836 4.00457 2.56207 29.93935
0.63647 24.11799 4.18021 2.81831 28.27418
0.65631 23.91258 3.72948 2.68225 29.03725
0.6322 24.39722 4.40859 2.69964 27.88765
0.69357 22.71013 4.16143 2.41586 30.03278
0.68957 22.61436 3.95901 2.50053 30.24698
0.57609 22.95887 4.25526 2.52305 29.70434
0.56887 23.31419 3.9861 2.29197 29.85158
0.68279 23.59099 3.97933 2.6065 29.15751
0.60813 23.82315 4.32243 2.5025 28.76761
0.64427 24.69784 4.22377 2.85109 27.61355
0.71773 23.60243 4.38537 2.8668 28.46316
0.67319 23.98727 4.18325 2.78587 28.409
0.57245 24.5011 3.61581 2.84352 28.49107
0.73722 24.0021 3.24478 2.98379 29.05462
0.63905 23.80023 3.42561 2.77935 29.37632
0.65282 24.28984 3.66628 2.85285 28.56293
0.69303 23.60687 3.74462 2.75319 29.22588
0.64497 24.01233 3.73396 2.89546 28.74438
0.72178 23.28391 4.31137 2.7324 28.97422
0.63601 23.30133 4.51975 2.48971 29.06912
0.5962 24.63288 3.7422 2.47046 28.57988
0.62769 24.07981 4.07042 2.57368 28.67612
0.81437 23.9121 3.93769 2.5677 28.79565
0.60736 23.92807 3.99987 2.2 29.28775
0.56439 23.03745 4.01671 2.00032 30.39274
0.57176 24.25493 3.81907 2.51007 28.8707
0.61652 23.43979 4.09333 2.15575 29.71023
0.63676 23.51008 3.90981 2.61922 29.35018
0.77836 22.90814 3.98591 2.78601 29.56896
0.74645 22.81765 4.5648 2.5217 29.3704
0.66882 23.65552 4.51178 2.72286 28.47026
0.60553 23.50394 3.7558 2.44885 29.70095
0.54499 23.1605 4.38461 2.72389 29.21397
0.63687 24.16653 4.32151 2.64878 28.25218
0.63139 24.43399 4.2822 2.77449 27.91752
0.61713 22.87682 4.62626 2.6662 29.2309
0.57831 23.27319 4.78737 2.66994 28.71685
0.62687 22.31271 4.50212 2.6976 29.87922
0.55368 23.57337 4.49888 2.44886 28.94548
0.60766 24.17731 4.54334 2.30874 28.38545
0.53485 22.63207 4.40037 2.31183 30.13178
0.69746 23.67474 4.54285 2.46485 28.64133
0.63463 23.91896 4.01829 2.33784 29.1233
0.61097 23.8729 4.22917 2.48293 28.82732
0.72238 23.61295 4.15581 2.34265 29.1884
0.67138 23.82721 4.23305 2.39924 28.89196
0.67411 23.21154 4.77366 2.49002 28.8793
0.65049 23.25288 4.93427 2.34051 28.84673
0.68836 23.13925 4.52768 2.65183 29.01852
0.67873 23.26867 4.54719 2.62348 28.90284
0.61355 23.70641 4.1524 2.39416 29.16272
0.58135 22.97203 3.94939 2.1391 30.37642
0.63365 23.45083 4.07909 2.29696 29.56653
0.69252 23.36781 3.66217 2.34648 29.95497
0.87984 23.91423 3.67935 2.1577 29.38848
0.86444 23.69919 4.05591 2.09165 29.31229
0.71549 24.66697 3.96491 2.34482 28.33124
0.69001 24.2623 4.11831 2.40056 28.54967
0.81597 23.23531 3.75038 2.29308 29.92079
0.85835 22.96802 3.99125 2.43697 29.76695
0.89212 23.57747 4.19281 2.47137 28.89781
0.88621 23.5315 4.30398 2.22592 29.09192
0.79115 23.2841 3.87088 2.32448 29.75386
0.77113 23.50838 4.09354 2.35316 29.29949
0.76005 23.46501 4.28102 2.23152 29.2809
0.8247 23.85898 4.45713 2.48111 28.40894
0.84796 22.8585 4.16221 2.3397 29.81255
0.87957 22.75826 3.73606 2.15108 30.4879
0.80938 24.24548 4.13056 2.15182 28.68838
0.87307 23.74851 3.56991 2.7546 29.07617
0.75852 23.71407 4.18032 2.69115 28.68841
0.74115 22.95479 4.13747 2.49976 29.6861
0.64911 23.19748 3.92654 2.69018 29.55605
0.68419 24.23412 3.75763 2.72683 28.61899
0.73931 22.62178 4.63421 2.40218 29.61886
0.7019 22.20844 4.63639 2.23516 30.23068
0.65899 22.78235 4.38441 2.08534 30.10549
0.69371 23.16743 4.35441 2.0957 29.70866
0.66138 22.66022 4.17834 2.24206 30.26846
0.65496 22.49524 4.41706 2.32894 30.1212
0.72973 23.14158 4.13074 2.53678 29.47482
0.68832 23.69057 3.80556 2.8407 28.9955
0.80399 22.94066 3.7614 2.77148 29.73384
0.72336 22.84194 4.204 2.64337 29.60609
0.70399 22.92249 4.26342 2.55325 29.57511
0.67595 23.35549 4.45512 2.34584 29.19029
0.69522 22.47118 4.07721 2.56373 30.20661
0.74242 23.32643 4.17596 2.64887 29.12429
0.82031 23.71601 4.11105 2.39267 28.97869
0.76357 23.4097 4.84556 2.5405 28.47825
0.71854 23.27333 4.32006 2.43063 29.2746
0.76223 23.28128 4.16113 2.23207 29.57791
0.68923 23.40113 4.01079 2.21566 29.6957
0.78941 22.99175 4.50279 2.6575 29.08115
0.75141 24.87859 3.54007 2.18492 28.66428
0.65057 24.86638 3.91436 2.66559 27.92891
0.69844 24.45603 3.53732 2.61255 28.71851
0.77446 23.52553 4.00562 2.85382 28.87001
0.67262 23.95693 3.70225 2.84025 28.85467
0.70846 23.36102 4.21197 2.81774 28.91724
0.66308 24.62511 3.72952 2.47883 28.52615
0.64145 23.00267 4.49842 2.39795 29.48423
0.67098 24.64971 3.86761 2.06197 28.77185
0.75504 23.82735 3.43775 2.37348 29.61787
0.59168 23.24396 3.74713 2.11507 30.31063
0.59694 23.65042 4.23094 2.43507 29.10313
0.60454 23.67674 4.19265 2.53242 29.0137
0.67667 23.18937 4.77832 2.49048 28.88798
0.66266 23.02095 4.61323 2.3488 29.3773
0.57585 23.26481 4.24255 2.25944 29.68009
0.72638 23.8406 3.5253 2.17882 29.7436
0.58221 23.88068 3.64071 2.11825 29.79253
0.61527 24.47853 3.70188 2.00534 29.21414
0.54543 23.22768 3.87724 2.14854 30.21152
0.56431 24.0837 3.80221 2.12826 29.43759
0.48541 23.72819 4.21364 2.08326 29.51001
0.62032 23.48236 4.71739 2.53979 28.67004
0.62574 24.41378 4.4432 2.19857 28.34542
0.66528 23.64395 3.97063 2.3744 29.36406
0.69776 24.00675 4.4964 2.00315 28.82378
0.82043 24.28746 4.58763 2.10752 28.23272
0.72849 23.28717 4.79729 2.09127 29.12471
0.82653 22.4141 4.61421 2.27943 29.89317
0.73828 22.98179 4.22764 2.17397 29.89567
0.83939 22.887 4.11645 2.50587 29.67201
0.73403 23.66408 4.05375 2.25626 29.31627
0.72743 23.55063 4.05079 2.20687 29.48
0.79218 23.24611 4.3477 2.04304 29.58957
0.63713 24.09734 4.47991 2.40465 28.4057
0.66185 23.73012 3.888 2.2115 29.52565
0.64823 23.19896 4.13175 2.55575 29.48715
0.85994 23.42367 4.25241 2.73803 28.75296
0.77088 23.15018 4.5834 2.56337 28.95977
0.65939 22.74851 4.80688 2.40688 29.39832
0.78523 23.77291 4.0913 2.88137 28.49818
0.7393 23.42513 4.27547 2.34418 29.23677
0.65925 23.02939 4.00858 2.91265 29.40653
0.7423 23.37029 3.82584 2.55965 29.51927
0.64876 23.52963 3.6381 2.53586 29.66678
0.77965 24.39909 3.96557 2.63384 28.2547
0.67505 23.34753 4.24804 2.52961 29.22183
0.63241 23.99281 4.25425 2.50849 28.63882
0.70702 23.01351 4.1418 2.38559 29.77233
0.66374 23.32479 4.34317 2.38953 29.30331
0.69966 22.89204 4.02089 2.2895 30.11482
0.66541 23.11694 3.59653 2.68551 29.94638
0.81983 23.47927 3.88224 2.53355 29.3013
0.82033 23.01431 3.95598 1.92982 30.28986
0.84285 23.43213 4.17067 2.24883 29.32064
0.688 23.27944 4.48695 2.41315 29.14496
0.66054 22.82894 5.32257 2.47325 28.73628
0.74187 23.16989 4.12602 2.28596 29.68504
0.56816 23.17841 4.45822 2.03183 29.77269
0.51836 23.66651 3.94737 2.30021 29.58183
0.595 22.28062 4.27809 2.14707 30.71221
0.53496 23.31852 4.18157 3.06265 28.92349
0.50855 22.92924 3.86275 3.03045 29.68925
0.61749 23.46826 3.99412 2.93096 29.01251
0.54566 22.01116 4.15463 2.92996 30.37595
0.5616 23.85256 4.28739 2.89321 28.43415
0.50227 23.5819 4.08417 2.84895 29.00122
0.52621 23.68425 3.85953 2.45249 29.5
0.61399 22.933 3.9086 2.47766 30.07676
0.4794 22.95336 4.13515 2.18325 30.26259
0.49607 22.63737 3.70922 2.48584 30.68261
0.58173 23.53216 4.15228 2.39625 29.35549
0.54831 23.88812 4.46358 2.51235 28.61293
0.56909 23.85019 4.37004 2.39242 28.85951
0.61964 23.40064 4.67847 1.82225 29.50726
0.67031 23.98577 3.99913 1.99473 29.37603
0.70119 23.80052 3.94745 2.15487 29.41334
0.57019 23.7164 3.91639 2.28203 29.53106
0.6219 23.72022 3.74623 2.34817 29.5758
0.56756 23.44792 3.79403 2.58105 29.62522
0.61167 23.99995 3.81841 2.44814 29.14208
0.6324 23.45843 4.04962 2.65423 29.22323
0.49907 24.51836 3.57479 3.10948 28.32057
0.68456 23.35154 3.91399 2.62064 29.44585
0.81132 24.07795 3.78712 2.47001 28.87563
0.71462 23.1208 3.57865 2.5683 30.0425
0.6446 23.64482 3.98958 2.65605 29.09109
0.59179 24.73232 3.75651 2.63709 28.31183
0.70359 22.42809 4.5845 2.46022 29.84377
0.62262 23.82308 4.196 2.70967 28.67376
0.62152 23.56287 4.97599 2.04708 28.81199
0.56775 23.54733 4.19611 2.34288 29.36454
0.60252 23.29557 4.41543 2.35848 29.35577
0.6263 23.0116 4.44091 2.21845 29.72103
0.61078 22.78475 4.72727 2.61379 29.28912
0.67668 23.36973 4.23246 2.43965 29.30442
0.63725 23.51589 3.89356 2.41253 29.56506
0.67543 23.71966 3.55747 2.24227 29.82828
0.57647 24.0484 3.28442 2.36574 29.7406
0.63926 23.15703 3.66496 2.32255 30.23008
0.6072 24.50038 3.58748 2.9047 28.4209
0.61863 24.12787 3.63362 3.0942 28.54963
0.55025 24.84177 3.67407 2.81747 28.1442
0.73616 23.23741 4.22876 3.09137 28.73428
0.55111 23.11614 4.15642 3.09812 29.09871
0.56496 22.43673 4.18066 2.62415 30.20944
0.60714 22.5202 4.57549 2.33992 29.97488
0.58985 23.36206 4.2568 2.38496 29.42533
0.67531 22.23859 4.33498 2.32434 30.44254
0.75642 22.38733 4.54296 1.84842 30.4836
0.74906 22.7421 4.53584 2.0585 29.93534
0.72979 22.79105 4.80485 2.34535 29.3516
0.6755 22.36758 4.40604 2.21411 30.36055
0.65986 22.41023 4.72907 2.10319 30.12098
0.62405 23.08062 4.17968 2.17606 29.9534
0.61808 24.44445 4.13012 2.45816 28.37439
0.63601 22.78935 4.2702 2.46483 29.85514
0.59377 23.33438 4.14609 2.55193 29.39809
0.57211 23.6343 4.35542 2.24723 29.21559
0.66699 22.82772 4.36741 2.18835 29.96427
0.68826 22.85047 4.21481 2.21537 30.04508
0.55658 22.57411 4.38166 2.3671 30.13247
0.56878 23.83383 4.01758 2.59835 29.00606
0.55191 23.55846 4.18443 2.24375 29.48075
0.56582 24.29169 4.77205 2.36338 28.03812
0.58023 24.19311 4.32511 2.15058 28.78636
0.62124 24.25033 4.20818 2.36685 28.58174
0.75506 23.83276 3.87739 2.48661 29.06843
0.71383 23.06724 4.54173 2.55795 29.14189
0.64483 24.31502 4.29091 2.24322 28.53718
0.77354 22.91838 4.51275 2.14964 29.6767
0.71327 23.52728 4.31236 2.66041 28.82283
0.55459 23.21149 3.87294 2.51506 29.85973
0.57585 22.34898 4.29862 2.15161 30.63802
0.62239 23.07617 3.91083 2.59031 29.81665
0.56553 22.9445 3.7849 2.3283 30.39
0.55967 23.24669 3.97919 2.13298 30.09438
0.54791 23.99602 3.81512 2.12176 29.53352
0.62509 24.26125 3.91619 2.19454 29.02229
0.57801 24.54444 3.88551 1.92367 29.08214
0.58001 23.89552 4.12886 2.0222 29.38642
0.62486 24.3494 4.13299 2.47214 28.44978
0.67922 24.63592 3.96023 2.42219 28.33144
0.66865 23.32948 4.14796 2.00185 29.86346
0.68227 22.23642 3.90381 1.9547 31.23004
0.75202 22.76637 4.04453 2.17791 30.2681
0.58693 23.65066 4.45152 2.17035 29.15984
0.61201 23.11765 4.03958 2.0193 30.22118
0.53395 23.07636 4.13154 2.01858 30.25043
0.63314 23.2366 4.18684 2.06911 29.89255
0.66988 22.85851 4.1524 2.03855 30.29411
0.65083 22.84599 4.16317 2.11312 30.25069
0.58262 23.85421 3.93225 2.22714 29.42207
0.66973 22.96818 4.22255 2.34931 29.80373
0.7334 23.84439 4.24122 2.42738 28.76971
0.73644 23.74653 3.95484 2.31628 29.26436
0.68896 23.62302 4.04589 2.39762 29.26779
0.65825 23.3069 4.53548 2.43586 29.08489
0.76878 22.96864 4.1708 2.09526 30.00913
0.66257 22.84242 4.06098 2.17596 30.26985
0.68765 23.28609 4.03141 2.40914 29.60374
0.66715 24.03266 4.35265 2.46353 28.51994
0.72725 23.84726 3.65754 2.8 29.00178
0.72252 22.90471 3.70919 2.22848 30.44785
0.85707 23.31744 4.08083 2.42733 29.34194
0.86072 23.05358 4.33005 2.42357 29.35994
0.7322 23.86895 3.95093 2.23818 29.23183
0.63452 23.7067 3.89125 2.79225 28.99745
0.81313 23.37561 3.86555 2.69828 29.27716
0.77196 23.76033 3.84814 2.47004 29.17658
0.86896 23.11711 4.1936 2.52796 29.31506
0.87765 22.97516 4.21508 2.39126 29.56764
0.65931 23.20805 4.54257 2.82422 28.79223
0.68857 23.30567 3.99134 2.42439 29.61084
0.7371 23.28826 3.91875 2.24838 29.83019
0.77534 23.44372 4.31849 2.41122 29.0759
0.82432 22.94182 4.75893 2.64933 28.85198
0.76557 22.30707 4.95619 2.18861 29.79868
0.77628 22.87722 4.43598 2.34008 29.59202
0.69685 23.28801 3.98366 2.22258 29.82276
0.80612 22.88451 4.28931 2.3102 29.72347
0.68833 23.2607 3.81851 2.51601 29.73272
0.71558 24.45569 3.86686 2.39517 28.60396
0.77368 23.89646 3.71242 2.33257 29.30702
0.74563 24.10264 4.20893 2.29739 28.66671
0.71459 23.05107 4.72945 2.13821 29.38451
0.72591 23.04299 4.20965 2.46427 29.57607
0.69274 23.42465 3.91816 2.70271 29.27609
0.74723 23.07838 3.80334 2.50805 29.87551
0.65437 24.28321 3.85449 2.70038 28.53073
0.64676 23.72203 3.43799 2.4839 29.72712
0.77717 23.43284 4.21134 2.47982 29.12044
0.56802 23.20196 3.96434 2.47283 29.8139
0.50571 23.74164 3.65485 2.52768 29.59516
0.53362 23.07674 3.97764 2.80709 29.61813
0.58892 22.57124 4.13535 2.69021 30.02937
0.59481 22.50064 4.30797 2.96919 29.64331
0.74008 22.91907 4.27854 3.0823 29.00144
0.68545 23.15725 4.11922 2.82865 29.22958
0.79354 22.56989 3.90633 2.70355 30.03699
0.66789 22.98299 4.21528 2.54945 29.60168
0.65688 23.00476 3.69486 1.97563 30.6784
0.73973 23.05829 3.88559 1.99162 30.33681
0.6772 23.2183 4.36143 2.27454 29.48491
0.71276 23.07849 4.10577 2.41364 29.70233
0.79125 22.28868 3.92158 2.27546 30.73217
0.62509 23.38357 4.2617 2.48269 29.26528
0.756 22.7538 4.02283 2.65562 29.82996
0.81171 22.89284 4.10445 2.6944 29.51455
0.83121 22.22845 4.53959 2.70269 29.71255
0.77503 22.81217 3.89065 2.53449 29.99919
0.66011 23.04491 4.07753 2.39818 29.83126
0.73862 23.99911 4.04976 2.46245 28.76626
0.63397 23.22295 4.31567 2.52402 29.32356
0.79053 23.92639 4.08587 2.59314 28.6278
0.68818 23.37604 4.2965 2.32366 29.33351
0.70429 23.33014 4.25005 2.40923 29.32831
0.65088 24.08486 4.3334 2.82303 28.13801
0.70764 23.90123 4.21865 2.93852 28.2599
0.75369 23.52595 4.09839 2.65692 28.98311
0.73601 23.6828 4.43935 2.54011 28.63103
0.67274 24.60784 4.24061 2.35691 28.15036
0.68809 23.73265 4.28193 2.21035 29.10878
0.71898 23.93934 3.87605 2.33333 29.14782
0.7424 23.2764 4.38721 2.33153 29.28345
0.6271 23.15791 3.78552 2.53267 29.90985
0.61171 23.22834 4.17272 2.60996 29.394
0.71553 22.78979 4.19094 2.75025 29.56824
0.60493 23.84173 3.89744 2.82833 28.84811
0.56799 23.70278 3.49074 2.41035 29.843
0.66596 23.15794 3.91537 2.26849 30.00916
0.67996 23.09564 4.09887 2.40545 29.73683
0.65977 22.70037 4.0372 2.40426 30.2106
0.69768 22.40049 4.02316 2.5276 30.36226
0.71024 23.02329 4.13548 2.55926 29.58347
0.65015 23.11997 4.4123 2.2648 29.57034
0.68372 23.12078 4.5332 2.38022 29.30639
0.71236 22.52983 4.88257 2.42627 29.47856
0.83556 22.46977 4.46269 2.30362 29.94857
0.84246 22.68166 4.76955 2.54296 29.18402
0.76045 22.48401 4.25206 2.5676 29.94929
0.73729 23.27442 4.1963 2.32428 29.48277
0.81177 23.44143 3.74236 2.26845 29.74763
0.81518 23.4003 4.10175 2.18278 29.51797
0.78158 22.56641 4.24821 2.31555 30.10539
0.67237 22.67429 4.15989 2.54549 29.96238
0.65504 22.63169 4.02691 2.3778 30.32173
0.61934 23.15571 3.93508 2.39473 29.91124
0.59624 22.84557 4.27532 2.2757 30.0234
0.70911 23.24882 3.47221 2.55828 30.02221
0.70045 23.67476 4.43909 2.57213 28.64515
0.67502 24.23997 3.89497 2.08269 29.12792
0.74455 22.51093 4.19667 2.06738 30.49492
0.81651 23.21972 4.30065 2.42216 29.25864
0.69124 22.67516 4.36118 2.35307 29.93339
0.75542 22.63897 4.33894 2.4238 29.86397
0.82384 23.26849 3.92037 2.2624 29.73875
0.69178 23.56905 4.57394 2.29694 28.90126
0.66389 23.48624 4.37217 2.36003 29.14696
0.7476 24.00877 4.34812 2.56422 28.36018
0.83515 23.65622 3.9294 2.35616 29.24107
0.79657 23.46676 3.63793 2.37623 29.74081
0.76248 24.09715 3.99494 2.40988 28.75737
0.62581 24.01522 3.81716 2.41413 29.14525
0.7004 23.48469 3.78292 2.28214 29.76435
0.73136 24.83928 3.48513 2.38513 28.57991
0.66221 24.04475 4.0396 2.25663 29.01887
0.77182 23.74663 4.11015 2.2313 29.15544
0.88123 23.94581 3.83799 2.14678 29.20097
0.72978 24.07394 3.95573 2.09959 29.15528
0.75138 23.52528 4.42761 2.08296 29.23041
0.71892 23.06293 4.09196 2.29466 29.84596
0.85846 23.94741 4.08485 2.45748 28.67156
0.93904 23.35929 4.42877 2.42572 28.88108
0.84597 23.05776 4.18159 2.42632 29.51587
1.07782 23.76001 3.82529 2.6465 28.73844
0.99933 23.62041 4.308 2.19172 28.93958
0.94042 22.97587 4.9394 2.57638 28.63005
0.97287 23.65546 4.35902 2.37049 28.7049
1.04798 23.33264 4.11097 2.24863 29.30426
0.97522 23.33241 3.51582 2.22364 29.98491
0.97125 24.47191 3.64329 2.75788 28.2117
0.78632 22.58857 3.71641 2.34893 30.57797
0.77255 23.14687 3.63445 2.60563 29.8534
0.81971 22.73581 4.369 2.78727 29.30705
0.80189 22.9607 4.24344 2.44771 29.56317
0.76341 22.85972 4.25714 2.57585 29.56355
0.75675 24.32087 4.22163 2.42 28.31702
0.71299 23.61954 4.32551 2.43613 28.92711
0.86928 23.38756 4.23599 2.36824 29.16292
0.7677 24.3124 3.92069 2.13662 28.88788
0.86584 23.61238 4.17881 2.23597 29.13075
0.70894 24.18951 4.03191 2.53995 28.56571
0.74053 24.5056 4.04093 2.2205 28.53103
0.62924 23.95624 4.27665 2.30527 28.86307
0.62087 23.68009 4.41824 2.06715 29.23366
0.72401 23.25484 4.58623 1.91141 29.53902
0.76462 23.12784 4.48506 2.05844 29.57827
0.70512 23.31875 4.09878 1.97186 29.91503
0.78241 23.58658 4.0497 2.11857 29.47531
0.81226 23.00693 3.95673 2.04138 30.19473
0.99376 23.06123 3.93957 2.23722 29.78792
0.97538 23.48631 3.84373 1.99574 29.72294
0.79865 24.05791 3.96938 2.00181 29.19292
0.95554 23.31492 4.2073 2.39553 29.15466
0.84975 22.77098 4.20515 2.11903 30.07518
0.97046 23.16293 3.99893 2.23753 29.66578
0.87068 23.5105 4.21538 2.74456 28.69567
0.86723 22.31943 4.53346 2.31425 29.98527
0.8296 22.55293 4.20311 2.14448 30.28778
0.93682 23.11656 4.54045 2.37045 29.06235
1.01322 23.49685 4.70954 2.60945 28.20949
0.99344 23.71728 4.3795 2.45249 28.49432
0.83007 23.68323 4.38687 2.05421 29.08324
0.75228 22.68749 4.33435 2.0144 30.24012
0.85151 23.02757 4.31723 2.30182 29.55696
0.82719 22.95218 3.86101 2.22959 30.1508
0.77796 22.6577 3.89116 2.26643 30.42166
0.73918 22.90899 4.20902 2.20683 29.95132
0.64879 22.49152 4.45844 2.19174 30.22861
0.64773 23.51234 4.46177 2.34877 29.06028
0.74693 22.8745 3.94339 2.29363 30.15519
0.5981 23.21051 4.3296 1.94752 29.93231
0.60816 23.96059 4.05458 2.32731 29.06297
0.63056 24.09875 3.92277 2.02073 29.34032
0.69558 24.18188 3.71604 2.39238 29.03034
0.66999 23.90874 4.12326 2.69701 28.62033
0.69948 23.4599 4.26224 2.53473 29.06195
0.65353 22.46517 4.51497 2.36108 30.01795
0.65132 22.78622 4.44844 2.20005 29.92688
0.6881 22.58622 4.10096 2.22469 30.41401
0.73056 23.10274 3.81568 2.21308 30.15482
0.80744 23.90443 3.56218 2.05941 29.68627
0.74662 23.60525 3.34883 2.37639 29.93672
0.63629 23.9512 3.56789 2.55228 29.30832
0.70167 23.45152 3.7378 2.24622 29.87747
0.65876 24.36821 3.35122 2.47257 29.16858
0.68347 24.83984 3.32472 2.48153 28.68999
0.58543 23.5105 3.85263 2.57043 29.49325
0.52598 23.48618 4.10505 2.54571 29.35637
0.62307 22.20815 4.15878 2.4415 30.57856
0.65551 22.78478 4.20548 2.56356 29.80624
0.68782 23.23401 4.24687 2.56083 29.29273
0.74988 23.91769 3.89842 2.54336 28.90747
0.69375 23.25351 4.33808 2.38206 29.35247
0.6836 22.7314 4.31998 2.67607 29.61435
0.66005 22.95575 4.2005 2.64782 29.55242
0.57232 22.89036 4.19339 2.64211 29.71862
0.58961 22.76412 3.78584 2.55342 30.32443
0.64039 22.73867 3.96836 2.66075 30.00903
0.56047 23.6627 3.45105 2.63474 29.71017
0.62469 23.79172 3.65142 2.30342 29.64856
0.7994 23.20207 3.99594 2.17663 29.8398
0.71303 22.72441 3.86742 2.16481 30.53984
0.64762 23.3892 3.93043 2.22185 29.82594
0.64627 23.25629 3.70578 2.25184 30.15359
0.78461 23.26134 3.7937 2.2152 29.96107
0.72826 23.67154 3.92121 2.50836 29.18816
0.63106 23.48722 4.41604 2.6922 28.79192
0.62838 23.55657 3.61131 2.97837 29.2393
0.54527 23.5933 3.61818 2.37975 29.87605
0.51832 23.46197 3.62166 2.3978 30.01155
0.62452 23.34762 3.9082 2.4782 29.65451
0.59727 23.80162 3.81075 2.41489 29.39292
0.65458 23.34325 3.79266 2.29532 29.92725
0.57414 23.2019 3.93591 2.21233 30.09151
0.53074 24.01569 3.88561 2.41899 29.16914
0.60449 23.22669 3.98484 2.57254 29.62773
0.57935 22.21532 4.43954 2.17106 30.61272
0.59689 22.99106 4.68308 2.18619 29.57561
0.60171 23.76647 3.94008 2.32323 29.38861
0.68316 23.76132 4.27017 2.24504 29.06368
0.59796 23.66009 4.36537 2.20236 29.20464
0.6807 22.94407 4.3003 2.28545 29.80647
0.60905 24.36424 3.91912 2.4642 28.66395
0.54123 23.02864 4.36426 2.38809 29.68969
0.55707 24.53497 3.64475 2.62392 28.65781
0.6589 23.28059 4.22331 2.49673 29.35976
0.65777 23.71938 4.23504 2.28006 29.131
0.62043 23.37524 4.00126 2.46976 29.54646
0.58502 22.69069 4.69192 2.74069 29.31235
0.63125 23.30896 4.04259 2.30394 29.73158
0.75339 23.32947 3.8792 2.33031 29.72577
0.6231 24.49909 3.85526 2.16155 28.88703
0.63164 22.73289 4.6664 2.07856 29.91694
0.69593 23.95901 4.51756 2.54301 28.317
0.69526 23.20136 4.8833 2.14004 29.09614
0.74242 23.04942 4.735 2.1206 29.37808
0.72757 23.11245 4.47017 2.59617 29.11624
0.80836 23.24047 4.40885 2.5258 29.04203
0.66986 22.90599 4.20109 2.44815 29.79166
0.72747 23.54638 4.02049 2.78635 28.94926
0.68128 23.83259 4.1767 2.92703 28.41884
0.68757 23.42403 4.00881 3.13219 28.77382
0.7351 23.33253 3.74689 2.76581 29.44266
0.61697 22.64125 4.36029 2.86604 29.54005
0.61191 22.99455 3.77409 2.72372 29.91586
0.67099 23.30975 4.13588 2.64894 29.25516
0.65179 23.701 4.75565 2.42644 28.49618
0.62996 22.8306 4.24151 2.82449 29.49528
0.60117 23.80925 4.18177 2.64237 28.80561
0.66679 24.00679 3.67162 2.685 28.98996
0.68651 25.14596 3.55333 2.36337 28.28719
0.64903 23.27555 4.30457 2.5397 29.26263
0.60077 24.01247 4.17718 2.33452 28.90859
0.67018 22.7641 4.3877 2.25757 29.93978
0.63742 23.31559 4.48062 2.31339 29.28083
0.61639 23.63679 3.82405 2.27427 29.67621
0.75803 23.13747 4.06406 2.55994 29.50807
0.65889 22.9681 4.08816 2.24606 30.05661
0.7027 22.48932 4.05053 2.19842 30.5762
0.59116 23.09093 3.96087 2.42864 29.94198
0.58522 23.30322 4.41941 2.407 29.30631
0.6781 23.24479 4.44019 2.3481 29.30994
0.68262 24.18509 4.26885 2.30294 28.59796
0.73358 24.30311 4.04763 2.18002 28.76901
0.73394 24.09748 4.07109 2.7503 28.3798
0.64258 23.69 3.49691 3.05304 29.14581
0.78388 23.45883 3.74158 2.24195 29.79412
0.77123 23.69008 4.11636 2.74179 28.71653
0.83986 23.75626 3.80894 2.61061 29.01458
0.8273 23.18052 4.38341 2.53919 29.10272
0.80128 22.82565 4.26705 2.6613 29.4698
0.66561 23.68165 4.29995 2.58566 28.79298
0.84415 24.41406 4.05153 2.60743 28.11946
0.68818 23.29145 4.22554 2.5427 29.27246
0.61144 23.17097 4.59116 2.27312 29.37527
0.59534 23.71951 4.13273 2.50464 29.0685
0.66645 23.61824 3.68465 2.6081 29.44236
0.62851 23.80573 3.7124 2.3797 29.49295
0.73916 23.20008 3.97485 2.24576 29.85758
0.74397 23.03828 3.97801 2.42844 29.83231
0.78832 21.77976 3.99566 2.30693 31.14331
0.77215 22.75737 4.13775 2.30064 30.05194
0.60858 23.56374 4.20464 2.50235 29.14188
0.71407 23.18753 4.23605 2.50237 29.37522
0.75384 23.23196 4.39692 2.68613 28.95904
0.6802 23.39049 4.0088 2.37861 29.56133
0.55289 23.4048 3.99181 2.52945 29.53959
0.56417 22.49607 4.64239 2.23216 30.08263
0.66433 23.6426 4.55962 2.55304 28.60507
0.66652 23.75504 4.5833 2.74793 28.27615
0.67911 23.0509 4.50124 2.58487 29.20373
0.63354 23.15334 4.37867 2.75633 29.10413
0.58785 23.3298 3.60478 2.56886 29.92663
0.69452 24.3509 3.61234 2.86327 28.50888
0.64295 23.94724 3.50516 2.546 29.37918
0.56213 22.80084 3.96287 2.59019 30.09979
0.59837 22.69312 4.50947 2.50418 29.709
0.64641 22.9083 4.43974 2.33142 29.6905
0.56908 22.67761 4.19893 2.52275 30.04795
0.5927 22.97578 4.04749 2.79958 29.60548
0.64206 22.82712 4.60489 2.42306 29.52418
0.57024 23.36923 4.24886 2.85439 28.98343
0.58299 23.82161 3.89181 2.3397 29.38082
0.63748 23.04205 4.46512 2.29929 29.5774
0.59186 22.81032 4.20164 2.20982 30.20412
0.60603 23.20799 4.02448 2.22515 29.95197
0.54823 23.35508 4.42265 2.21398 29.48069
0.66451 23.0681 4.71425 2.3383 29.23264
0.61154 23.72458 4.06468 2.61174 29.0121
0.67378 23.18776 4.37499 2.55588 29.23269
0.74983 22.7376 4.16625 2.17787 30.18282
0.77277 23.99052 4.10843 2.33665 28.81371
0.82883 23.7543 4.07785 2.25128 29.10798
0.86459 24.01279 4.32286 2.23902 28.58334
0.65946 23.42623 4.13391 2.47816 29.32115
0.69883 23.6455 4.31942 2.5315 28.82392
0.6974 22.9593 3.89878 2.345 30.11099
0.68365 23.07602 4.02271 2.41595 29.81801
0.75224 23.35403 3.67657 2.27975 29.95013
0.87059 23.848 3.70468 2.35401 29.2443
0.82398 22.55263 4.01656 2.37935 30.24318
0.85402 22.77336 3.44433 2.49067 30.45276
0.57879 22.7145 3.9246 2.42188 30.37393
0.67784 22.75525 3.87063 2.45388 30.25941
0.74882 22.45229 3.97072 2.54322 30.29794
0.65301 22.96115 3.93862 2.43272 30.02673
0.68023 23.8525 3.67921 2.32748 29.47678
0.58268 23.06455 3.50211 2.29862 30.56111
0.71007 22.97668 4.22369 2.64448 29.45831
0.71131 23.08577 4.11275 2.95661 29.15204
0.7724 22.60122 4.67633 2.29766 29.67495
0.76565 22.70597 4.66237 2.53334 29.37153
0.68476 23.35416 4.50237 2.43851 29.05045
0.71828 23.1932 4.04396 2.39907 29.65983
0.75944 23.83689 3.75026 2.45249 29.21755
0.68248 23.83315 3.68805 2.05956 29.75414
0.64237 23.87848 3.87846 2.24561 29.37622
0.55746 23.51698 4.26119 2.40702 29.28709
0.51665 23.58516 3.88078 2.78213 29.25741
0.53999 23.42407 3.63799 2.79049 29.62052
0.65447 23.05696 3.688 2.64351 29.96875
0.69613 22.79678 4.01847 2.70763 29.79843
0.79788 22.95857 4.16523 2.93069 29.17395
0.6774 23.30109 3.92373 2.4334 29.67906
0.72444 23.48529 3.78234 2.85172 29.17403
0.80087 23.63422 4.04402 2.61695 28.92783
0.70496 23.17242 3.58794 2.26122 30.29451
0.64337 23.24966 4.04381 2.63483 29.45044
0.77746 23.42222 4.09067 2.37577 29.35442
0.80221 23.95641 4.19488 2.67508 28.41541
0.70492 23.71346 4.00644 2.71196 28.90439
0.76514 24.70551 3.70947 2.82677 28.04317
0.76861 23.91471 4.03914 2.9955 28.34292
0.79546 24.03325 4.45385 2.89305 27.88719
0.78026 23.12382 4.4632 2.44684 29.21439
0.66115 22.91207 4.2867 2.58444 29.57853
0.73157 22.81485 4.24315 2.31722 29.91326
0.58645 23.03402 3.95159 2.32361 30.12364
0.62239 22.99091 4.59353 2.54936 29.27217
0.67975 23.62138 4.14567 2.57604 29.00629
0.65632 23.532 4.44275 2.73585 28.66892
0.73857 22.98152 4.07444 2.91703 29.32284
0.75995 23.56089 3.9464 3.03364 28.73008
0.77386 24.60576 3.9193 2.8106 27.91401
0.67459 23.82243 4.46009 2.41548 28.65494
0.60688 22.64346 5.17248 2.38357 29.21213
0.62425 23.7293 4.52389 2.29632 28.85132
0.60969 24.13293 3.76151 2.24423 29.28157
0.64337 23.30928 4.04077 2.32209 29.70051
0.62202 23.39378 4.09047 2.35813 29.55033
0.72471 23.22489 3.66275 2.37155 30.02814
0.62871 24.01667 4.15832 2.24524 28.96718
0.56038 23.54767 3.72945 2.19104 29.98137
0.64637 23.43568 3.57872 2.25661 30.09059
0.63054 23.39049 4.16155 2.35612 29.47332
0.59821 23.91594 4.02581 2.40695 29.07159
0.7164 22.7811 4.16658 2.41911 29.93094
0.58097 22.46371 4.39363 2.08372 30.49305
0.51058 22.24107 3.96001 2.57062 30.72673
0.67094 23.11615 4.39089 2.29114 29.55369
0.60811 23.43338 4.1737 2.67196 29.12886
0.53046 23.13123 3.89931 2.62543 29.82721
0.61511 24.29913 3.5919 2.45243 29.05542
0.64713 23.80921 3.97677 2.19108 29.39512
0.78505 23.86672 3.90515 2.18134 29.28056
0.54268 23.37767 3.75309 2.31314 30.02822
0.63379 22.17668 4.39431 2.35315 30.45237
0.64662 23.04802 4.19183 2.31981 29.80566
0.66017 23.1643 3.66387 2.1164 30.40443
0.71682 23.68074 4.31836 2.21766 29.08836
0.75383 23.79586 3.91706 2.45804 29.09029
0.59052 23.6046 4.22615 2.67879 28.91856
0.64535 23.56972 4.33491 2.69032 28.78546
0.62869 24.19422 3.89161 2.79221 28.51039
0.55153 23.43066 4.05344 2.64367 29.33559
0.63615 22.99855 5.21855 2.68979 28.4872
0.69802 23.12016 4.31848 2.57527 29.31117
0.69541 24.59831 3.4264 2.74452 28.56393
0.55824 23.6849 3.77634 2.61826 29.38
0.65972 24.26032 4.07823 2.73494 28.29799
0.64823 23.64356 3.84964 2.74431 29.13652
0.57906 24.47034 3.84836 2.35747 28.77061
0.69052 23.63343 4.34537 2.3339 29.01931
0.62132 22.5774 4.68194 2.33553 29.80073
0.72247 23.16459 3.96211 2.2552 29.91068
0.65485 22.68384 4.62307 2.02057 30.02981
0.61671 24.08174 4.54978 2.16132 28.61664
0.57326 23.86495 4.20847 2.46957 28.90331
0.63971 22.65381 3.94904 2.38882 30.38078
0.53025 22.81302 3.67103 2.38394 30.61223
0.69095 22.69788 4.26152 2.04834 30.31114
0.63953 24.08759 4.72301 2.06952 28.50196
0.58313 23.37689 4.42927 2.11445 29.50984
0.62006 24.02502 3.97754 2.28515 29.10725
0.65841 23.24304 4.75036 2.6424 28.74401
0.68124 24.03844 3.96085 2.51905 28.82635
0.67809 23.29445 4.40386 2.61733 29.03239
0.65714 23.71394 4.13625 2.87884 28.63972
0.60556 23.03158 4.18179 2.89081 29.30802
0.62382 22.74729 4.34891 2.59778 29.69701
0.65374 23.8034 3.63752 2.25988 29.66034
0.63673 22.65497 3.88612 2.23517 30.59722
0.69107 22.56984 4.1013 2.31642 30.33257
0.67237 23.3474 4.19636 2.51721 29.2803
0.59437 22.63806 4.29104 2.92362 29.57053
0.67895 22.81979 3.84264 2.4265 30.24261
0.68029 23.36039 4.01891 2.29876 29.65631
0.60565 23.19555 4.24543 2.33757 29.63188
0.55802 22.77249 4.37458 2.22681 30.08556
0.61445 23.7479 4.19055 2.19305 29.2847
0.64347 23.28759 4.45258 2.29211 29.34406
0.56396 23.62213 3.73797 2.46158 29.62861
0.69749 23.55327 3.55242 2.39602 29.81203
0.65977 24.02561 3.91217 2.52484 28.89778
0.86764 23.75208 4.13981 2.23009 29.0282
0.68757 24.13893 4.07825 2.32328 28.79258
0.63205 23.07233 4.19831 2.27737 29.83613
0.71345 24.26836 4.07362 2.10292 28.86553
0.778 22.67984 4.28726 2.18631 30.07934
0.68999 23.59331 3.77214 2.30815 29.65038
0.76756 23.37468 3.84969 2.33501 29.68879
0.65577 23.99049 4.15566 2.25556 28.96004
0.75733 23.88627 4.16489 2.24656 28.97198
0.75845 23.58378 4.26163 2.38457 29.0445
0.66271 22.59633 4.89498 2.28378 29.586
0.66782 24.03594 4.02486 2.55614 28.74329
0.85413 23.54215 4.38732 2.15983 29.07425
0.79289 23.09546 4.27421 2.04568 29.81735
0.78753 23.76139 4.40158 2.20555 28.87554
0.75872 23.35093 4.24031 2.19536 29.47006
0.83281 23.57609 4.40101 2.15257 29.06019
0.84292 23.2558 3.95252 2.10488 29.86303
0.74729 23.14894 4.35256 2.42773 29.34692
0.6883 22.64448 4.09345 2.11848 30.46709
0.79271 22.94282 4.41302 2.26105 29.60694
0.72133 22.81929 4.66448 2.23586 29.57693
0.72221 23.32868 4.02303 2.47871 29.46072
0.67789 22.97703 3.88596 2.10919 30.35964
0.67865 23.19128 3.99507 2.27569 29.87751
0.61236 23.82106 4.39152 2.61587 28.59874
0.63461 23.69223 4.55262 2.46887 28.67409
0.60444 23.67279 4.3114 2.58505 28.84411
0.60743 23.26638 4.32492 2.50271 29.31756
0.64789 23.88663 4.27119 2.47916 28.73671
0.60963 22.76745 4.26914 2.75777 29.61245
0.76021 23.61823 4.33585 2.61688 28.69707
0.72986 23.20142 3.72265 2.60351 29.75928
0.65017 22.76506 3.79532 2.41936 30.38107
0.60063 22.51978 3.63799 2.37923 30.87645
0.6462 23.23566 3.6246 2.36879 30.13833
0.54213 24.48755 3.35265 2.27128 29.36531
0.62915 24.32478 3.64572 2.28974 29.13078
0.61454 24.11607 3.99898 2.43396 28.86789
0.67585 24.04601 3.46436 2.89513 28.93605
0.5425 22.52909 3.62763 2.6298 30.681
0.53676 22.70007 4.05385 2.51851 30.2053
0.63452 22.75433 3.88259 2.49327 30.25061
0.58645 22.77122 4.07224 2.48969 30.09458
0.58456 23.25649 4.08118 2.4646 29.63058
0.62846 21.69943 4.27068 2.47321 30.94866
0.50412 24.42439 4.10504 2.60218 28.38936
0.64613 23.01806 4.15481 2.44652 29.75407
0.68831 23.57736 4.17409 2.5384 29.04745
0.61774 23.83518 4.57323 2.35874 28.65597
0.61032 23.18451 4.06325 2.78955 29.37938
0.59169 23.03331 4.07848 2.52361 29.79596
0.57994 23.9247 4.26413 2.47785 28.77604
0.56955 23.03162 4.0117 2.31537 30.09293
0.53483 23.71568 3.95544 2.324 29.49519
0.57324 24.06948 3.8291 2.47694 29.07169
0.57303 25.23912 3.54226 2.6942 27.97258
0.60882 24.61871 3.60518 2.61141 28.58169
0.51985 22.73051 3.76712 2.30489 30.69116
