"V1" "V2" "V3" "V4" "V5"
1.04634 17.95721 7.2513 7.67599 26.15562
1.07413 17.90971 7.17698 7.7093 26.22238
1.12852 18.02244 7.29864 7.52842 26.099
1.04382 18.25706 7.21028 7.69611 25.85696
1.12052 17.70998 7.62946 7.70235 25.91863
1.00625 17.6651 7.37878 7.96349 26.07178
1.01876 17.721 7.40868 7.57349 26.34515
1.17235 17.79374 6.97567 8.00639 26.11495
1.11018 17.99164 6.86084 8.00616 26.07286
1.09027 18.16044 7.08935 7.97709 25.73916
1.08644 18.06713 7.3081 7.78124 25.81934
1.06791 18.4234 7.17759 7.75211 25.6418
1.12135 17.99939 7.3877 7.71445 25.85144
1.09983 17.80194 7.62011 7.70253 25.84303
1.01407 18.19905 7.6325 7.48993 25.74304
1.04081 18.50233 7.43871 7.22715 25.84652
1.05131 18.03875 7.39306 7.74796 25.85279
1.08621 17.48057 7.51713 7.9797 26.01643
1.13398 17.71492 7.53077 7.83724 25.90033
1.04244 17.77689 7.62711 7.81565 25.85116
1.01382 18.14905 7.29201 7.69672 25.96934
1.13708 18.18942 7.20301 7.93668 25.63033
1.1065 18.23056 7.39415 7.84633 25.50798
1.15998 18.02878 7.0172 7.83306 26.03582
1.0829 18.04168 6.83718 7.79132 26.28302
1.02313 18.30502 6.95528 7.57273 26.19235
1.09869 18.16047 6.90902 7.92227 25.97388
1.09072 17.86919 7.29569 7.76298 26.04686
1.08522 18.31678 7.39545 7.78724 25.49235
0.98644 18.53892 7.29733 7.56517 25.70025
1.11116 18.20699 7.29713 7.60907 25.85385
1.07666 18.3221 7.29121 7.31936 26.03793
1.06533 18.41991 7.5101 7.32688 25.74286
1.09323 18.27135 7.18423 7.6064 25.94304
1.15165 17.77419 7.4155 7.60226 26.12098
1.0692 18.17946 7.35358 7.74114 25.71216
1.08009 17.98647 7.39673 7.62235 25.98763
1.08797 18.00118 7.09572 7.71883 26.16181
1.05848 18.18873 7.11806 7.54579 26.17051
1.12312 18.04685 7.3384 7.62941 25.92358
1.04602 18.20088 7.38641 7.90709 25.54781
1.06108 17.96401 7.10965 7.76561 26.17621
1.04578 17.89666 7.27907 7.66398 26.20326
1.00686 18.21464 7.04181 7.86446 25.9181
0.98355 18.56447 7.06826 7.69636 25.73954
1.00752 18.42738 7.44325 7.68024 25.50576
0.99846 18.3486 7.47871 7.81186 25.43572
1.0095 18.52948 7.15886 7.85019 25.53334
0.98863 18.18694 7.40244 7.63768 25.84528
1.15625 18.07955 7.03134 8.0357 25.75359
1.19017 18.00338 7.09228 8.02528 25.73197
1.08817 18.33355 7.25787 8.01297 25.35887
1.06719 18.22319 7.41345 8.32162 25.07093
1.22128 18.05572 7.47142 8.3701 24.99648
1.16795 17.95215 7.2273 8.13803 25.57798
1.17208 18.20277 6.76949 8.25801 25.68652
1.12496 18.12865 6.97157 7.9395 25.94181
1.14977 18.34471 6.96433 8.07474 25.57035
1.00219 18.3737 7.08569 7.84558 25.81535
0.96322 18.88857 6.97118 7.68391 25.59515
1.07151 18.37163 7.5774 7.6434 25.43416
1.05088 18.68674 7.02658 7.57783 25.72834
1.12354 18.21206 6.9496 7.8922 25.87714
1.08443 18.44859 6.8841 7.80349 25.84086
1.01937 17.88015 7.21565 8.09965 25.86339
1.07236 18.16324 7.42966 8.1436 25.34552
1.01466 18.32407 7.31397 8.42738 25.04667
1.10135 18.08857 6.98609 8.61508 25.30279
1.04938 18.34096 7.07615 8.28992 25.33495
1.02027 18.30459 7.00514 8.4521 25.32308
1.10736 18.1606 7.06871 8.15126 25.60267
1.07813 18.12756 7.11265 8.31662 25.45339
1.08612 18.2635 6.81795 8.26224 25.65952
1.00046 18.5121 6.99722 8.4921 25.09498
0.97902 18.39615 7.18307 8.41772 25.14285
1.03851 18.41537 6.7808 8.60314 25.26531
1.12821 18.42038 6.83001 8.65125 25.09203
1.07927 17.9416 6.74039 8.45941 25.84027
1.06287 17.87458 7.14161 8.25263 25.74406
1.01905 18.28247 7.00849 8.53826 25.25378
1.06161 18.12881 6.99179 8.40622 25.49365
1.03026 17.91045 7.11532 8.49052 25.53163
1.08398 18.23529 6.94443 8.12016 25.69385
1.19316 17.75429 7.16607 8.13727 25.8358
1.04092 17.76918 7.33314 8.18295 25.74326
1.03056 18.11598 7.09313 8.03407 25.78377
1.051 18.06021 7.46261 7.84548 25.65438
1.13487 17.93121 7.44524 7.95648 25.61004
1.02172 18.11614 7.07302 8.15535 25.71301
1.05076 18.40912 6.70271 8.32745 25.57563
0.96831 18.39523 6.66954 8.1995 25.83261
0.97719 18.35951 7.33392 7.79714 25.60095
1.03169 18.46285 7.60447 8.12387 24.90277
1.09662 17.89656 7.75679 8.32513 25.03332
1.11287 18.09323 7.60692 8.17521 25.09339
0.96385 18.01082 7.86437 8.04242 25.18542
0.95083 17.97777 7.74415 7.90055 25.52235
0.96715 17.88788 7.57419 7.86079 25.80473
0.96696 18.2283 7.44462 7.78474 25.6504
1.0182 18.43835 7.09513 7.8449 25.68575
1.02908 18.1042 7.57929 7.62009 25.74917
1.11428 18.18677 7.16876 8.12271 25.51093
1.1641 18.75863 7.0231 8.01632 25.15445
1.08514 18.46369 6.91398 7.99288 25.61079
1.14804 18.05669 7.19743 7.99041 25.67501
0.97384 18.01192 7.00221 8.06408 26.00628
1.07819 17.87292 7.27066 7.96517 25.89857
1.07698 18.05495 7.15219 8.00533 25.76919
1.17175 17.64888 7.20827 8.10251 25.95904
1.04631 17.8392 7.11823 8.26657 25.81614
0.95933 17.62065 7.09872 7.9891 26.38233
1.10299 17.96951 7.36551 7.79388 25.84904
1.12895 17.86559 7.14158 8.02739 25.91651
1.08423 17.94258 6.92765 8.02801 26.06459
1.07554 17.99156 7.06512 8.19306 25.73601
1.14775 17.44808 6.98955 8.06869 26.38885
1.07902 17.59838 7.23412 8.21413 25.9303
1.11074 18.18987 6.94167 8.13718 25.68859
1.1217 17.8986 6.91062 8.01141 26.09685
0.98688 18.2236 7.06698 8.08187 25.6908
1.03802 18.25669 6.79727 8.09083 25.87477
1.07744 18.2075 7.32472 7.80367 25.64768
1.01909 17.89256 7.20989 8.13614 25.80241
1.06468 17.81599 7.25704 8.26797 25.68053
1.01344 18.13682 7.3229 8.09035 25.51085
1.07373 17.70894 7.59964 8.26264 25.44689
1.1086 17.62556 7.35741 8.07763 25.89613
1.07563 18.0058 7.29231 8.02669 25.66305
1.04709 18.19312 7.10722 8.00517 25.70736
1.01487 17.72272 7.37267 7.99286 25.94451
0.99394 17.76768 7.48525 8.07863 25.73362
0.98378 18.08305 7.03272 7.84002 26.1099
0.94512 17.85578 7.34719 8.20196 25.72772
1.00051 18.11979 7.20196 8.19536 25.57026
0.9978 17.76581 7.13646 8.44735 25.71366
0.98376 18.18032 7.07698 8.38257 25.45032
0.98556 17.81905 7.19631 8.49002 25.57227
0.97614 18.20658 6.93508 8.55494 25.39651
1.06516 18.23051 7.01433 8.4678 25.31703
1.09201 18.38679 6.85295 8.59823 25.16758
1.11156 17.81449 7.26889 8.54782 25.33804
1.02053 18.09163 7.46096 8.59207 24.94023
1.02429 18.16163 7.35349 8.49135 25.07999
1.04862 18.00525 7.24343 8.68111 25.14662
1.05633 18.06486 7.1647 8.58833 25.26344
1.02489 18.04329 7.12246 8.49003 25.42212
1.10734 18.03582 7.17746 8.11095 25.66089
1.05501 18.01854 7.15013 8.60893 25.28972
1.02718 18.52059 6.63706 8.57341 25.36743
1.11419 18.48041 7.04286 8.21306 25.22386
1.01864 18.75569 6.95843 8.31083 25.04886
0.92802 18.42712 7.19461 8.13359 25.40782
1.08268 18.3177 7.26013 8.15457 25.28871
1.11254 18.20766 7.24086 8.30311 25.20652
0.98656 18.50385 6.83513 8.19521 25.54464
1.07521 17.931 7.23734 7.94326 25.8768
1.09054 18.01626 7.24101 8.13388 25.58746
1.03884 17.8302 7.62188 8.25029 25.38961
1.02797 18.20983 7.46324 8.3256 25.10131
1.02375 18.12997 7.28414 8.18023 25.47334
1.01711 18.11211 6.88802 8.57464 25.47644
1.04635 17.83613 6.82993 8.54921 25.78847
1.17232 17.80647 7.29975 8.07847 25.70909
1.00681 18.16859 7.22771 8.17191 25.50161
1.05548 17.98308 7.43304 8.2569 25.34289
1.11695 18.03258 7.46376 8.12435 25.32232
1.19651 18.10097 7.20192 8.49564 25.09603
1.07978 18.18896 7.33199 8.46113 25.05436
1.05037 18.39058 7.43992 8.1652 25.05043
1.11481 18.13589 7.37236 8.17555 25.29281
1.03601 17.74505 7.62472 8.22064 25.45415
1.09934 17.82102 7.45724 7.79193 25.89826
1.08522 18.20167 7.39768 7.97972 25.4512
1.0794 17.6725 7.71586 7.86817 25.79141
1.10905 17.82007 7.70249 8.00303 25.46782
1.03674 17.689 7.51375 8.29286 25.55935
1.15396 17.67325 7.66881 8.05312 25.5788
1.1479 17.97961 7.40223 8.01433 25.53836
1.10912 17.78082 7.37158 8.01998 25.78557
1.00529 18.10271 7.53283 8.30084 25.16315
0.93529 17.84358 7.65872 8.17451 25.47515
1.05791 17.79444 7.24389 8.2686 25.71585
1.0446 18.0338 7.10126 8.17271 25.72098
1.02196 17.97882 7.05939 8.23737 25.78804
0.92164 18.2449 7.21189 8.34904 25.36961
1.03481 17.9827 7.20684 8.32429 25.54212
1.10344 17.48074 7.40367 8.10888 25.9735
1.06651 17.724 7.2094 8.14538 25.92551
0.98028 17.68881 7.58039 8.23944 25.59449
0.99342 17.68597 8.04361 8.17304 25.2573
1.07267 17.57594 7.58698 8.26129 25.59302
1.0906 18.07089 7.34433 8.36003 25.27757
1.06396 18.09217 7.42457 8.20408 25.33007
1.02334 17.93482 7.49942 8.19821 25.48058
1.11349 17.76693 7.97839 8.10573 25.18929
1.09864 17.62019 7.60055 8.3826 25.4081
1.14332 17.89918 7.1733 8.25197 25.63319
1.19482 17.53784 7.49752 7.95355 25.90527
1.07857 17.76626 7.25313 8.0358 25.94976
1.12383 17.64003 7.31646 8.26386 25.73001
1.10823 17.96837 7.17118 8.03864 25.76015
1.0823 17.86287 7.33337 8.22152 25.57276
1.14555 17.92653 7.21934 8.05761 25.73864
1.13501 17.7924 7.51498 8.0579 25.59231
0.99933 17.904 7.29827 8.19979 25.68536
0.99951 17.80771 7.27769 8.3976 25.58765
1.03591 18.13131 7.3412 8.00966 25.58092
1.06105 17.45174 7.55661 8.4145 25.63527
1.03294 17.92981 7.34223 8.08533 25.71172
1.02576 17.94597 7.10078 8.12131 25.89792
0.92553 17.9705 7.3577 8.12736 25.71088
0.99001 17.89293 7.38238 8.20368 25.65406
1.07104 18.22728 7.26757 8.14463 25.45286
1.06413 18.06634 7.26842 8.24452 25.49108
1.09234 18.22949 6.9899 8.09602 25.68517
1.0724 17.91762 7.32636 8.09363 25.72113
0.98189 18.07508 7.30452 8.10684 25.70553
1.0821 17.96368 7.30625 8.11665 25.65872
1.07157 17.78464 7.6309 8.1145 25.49774
1.07642 18.32154 7.43611 7.98554 25.32949
0.977 17.99947 7.33389 8.20877 25.54521
1.12657 17.75534 7.24211 8.30864 25.64781
1.16432 17.99224 7.19374 8.23207 25.5365
1.21566 17.78682 7.34896 8.12287 25.60748
1.11793 18.04459 7.42224 8.00784 25.51657
1.08962 17.81125 7.38067 8.22846 25.58612
1.08845 17.96736 7.36116 8.13309 25.55416
1.11208 18.16207 7.27305 7.84275 25.67817
1.00892 18.3195 6.96141 8.14393 25.63914
1.02905 18.28854 7.45972 7.80766 25.49771
1.19691 18.16166 7.13963 7.83664 25.73292
1.17301 17.86445 7.33619 7.86042 25.81846
1.13094 18.01143 7.26937 8.04268 25.6159
1.07067 18.10072 7.63229 8.01831 25.27594
1.04648 18.33698 7.04537 7.95481 25.68108
1.01883 17.98983 7.32981 7.747 25.96837
1.00069 18.1273 7.30665 7.89885 25.73364
1.06608 17.77837 7.32782 8.17948 25.73062
1.01078 17.71638 7.52632 8.08299 25.73148
1.0256 17.69818 7.44664 8.16006 25.73571
1.12155 17.71188 7.48118 8.01168 25.76638
0.99132 17.96396 7.41924 7.83799 25.84281
0.98382 17.81441 7.38741 8.01457 25.85159
1.04811 17.73684 7.4577 8.12241 25.69601
1.1043 17.93556 7.35849 7.77861 25.87736
0.95976 18.08222 7.32153 7.91818 25.79503
1.02318 18.19805 7.32238 7.86513 25.71737
1.05402 18.02994 7.28884 7.80018 25.91642
1.04756 18.42336 7.08481 7.84793 25.66199
1.1108 18.3457 6.73843 7.94233 25.92205
1.02383 18.22729 7.08202 7.89395 25.82751
1.03437 18.16582 7.17061 7.91643 25.77688
1.04996 18.12469 7.25631 8.24552 25.38906
1.0359 17.8921 7.58958 8.03447 25.53066
1.02437 17.70486 7.30447 7.93339 26.10388
1.03497 18.08835 7.29955 8.17771 25.48678
1.0654 17.72385 7.68845 8.03047 25.61873
1.05532 18.28898 7.20526 7.92172 25.60107
1.12402 18.19482 7.33692 8.1063 25.31661
1.06336 18.12593 7.50122 7.918 25.4852
0.96519 18.00456 7.56623 8.08203 25.45748
1.06322 17.85241 7.41469 8.12251 25.62688
0.97085 18.04621 7.45447 7.99942 25.59382
0.96934 18.1592 7.14709 7.96722 25.80372
1.01927 18.01957 7.08981 8.23799 25.69137
1.07537 18.08861 7.23822 8.24234 25.40642
1.10898 17.87603 7.40495 8.10212 25.56784
1.00436 18.01549 7.27697 8.28149 25.47113
1.05179 18.16905 7.12072 8.25839 25.46485
1.0234 17.98006 7.17617 8.19827 25.69178
1.0575 17.98022 7.08245 7.83709 26.10286
1.10496 17.88804 7.20168 8.21638 25.68837
1.06719 18.30898 7.20765 8.1246 25.40702
1.06258 18.46179 7.28369 8.34525 24.96843
1.16834 18.30109 7.62069 7.85005 25.16179
1.18438 17.86271 7.57807 8.22745 25.28588
1.05488 17.87288 7.58728 7.93902 25.64012
1.04581 17.59728 7.73185 7.87223 25.86442
1.21647 17.79188 7.32938 8.01425 25.78302
1.1699 18.1476 7.30236 8.09781 25.3782
1.10753 17.87482 7.37994 8.09411 25.59127
1.11949 17.89219 7.16835 8.44789 25.43018
1.08428 18.05151 7.0238 8.35977 25.54793
1.17137 18.12306 7.41529 8.47868 24.91547
1.11963 18.46846 7.20155 8.29844 25.00703
1.10792 18.31313 7.18329 8.06932 25.39993
1.22459 17.62491 7.47592 7.89067 25.8646
1.09582 18.21306 6.78155 8.27569 25.68105
1.0825 18.17158 7.09012 8.30297 25.41372
1.12385 17.86755 7.60397 8.06725 25.43572
1.22908 17.97798 6.99247 8.18805 25.67388
1.11527 18.09607 6.97858 8.42616 25.4571
1.17732 18.48439 7.04329 8.06019 25.32258
1.18528 18.76105 6.83696 8.37194 24.94606
1.13231 18.33495 7.12998 8.11085 25.36192
1.073 17.87081 7.04296 8.22834 25.85407
1.1452 17.88253 6.76245 8.20146 26.05151
1.10988 17.91487 7.2604 8.10281 25.69518
1.06133 18.02451 7.48181 8.28968 25.22313
1.06259 18.29182 6.95835 8.68381 25.07975
1.05505 18.2273 6.90436 8.53309 25.34183
0.99337 18.49022 6.84032 8.42606 25.30192
1.01163 18.61923 6.77112 8.04004 25.62454
1.02562 18.37231 7.06202 8.17793 25.49048
1.06334 18.62935 6.94393 7.8422 25.58624
1.03473 18.44671 7.10042 8.11011 25.39325
1.07135 18.24838 7.02034 8.19896 25.53172
1.01293 18.55069 6.81006 8.33378 25.36471
0.97445 18.10012 6.98445 8.47652 25.52365
1.02362 17.99354 7.22741 8.21564 25.61079
1.12548 18.33492 7.13931 8.06336 25.40706
0.93143 18.25662 7.61368 8.12683 25.2005
1.02617 18.25511 7.41813 8.15892 25.27915
1.0034 18.19566 7.39771 8.15753 25.36666
1.04305 18.27142 7.59539 8.27365 24.93828
1.10023 18.17216 7.58825 8.48448 24.7484
0.99566 17.87641 7.55394 8.35038 25.32964
1.04817 18.04482 7.46111 8.25231 25.27797
1.13323 17.67015 7.74678 7.79989 25.74214
1.05887 17.72745 7.79326 8.01432 25.50926
1.20305 17.99585 7.47436 8.08466 25.35671
1.08451 18.26928 7.17458 8.14237 25.41521
1.06255 18.27636 6.92118 8.20974 25.62649
1.07391 18.1392 7.03459 7.93612 25.873
1.06958 17.95198 6.98802 8.2727 25.77458
1.00068 18.24797 7.37311 8.00703 25.43114
1.04332 17.96185 6.94627 8.38207 25.72291
1.00968 18.33149 7.19631 7.83529 25.67948
1.09356 17.99618 7.43744 7.98959 25.53464
1.14297 17.97711 7.28857 8.24416 25.42948
1.05849 18.25042 7.40165 8.12403 25.26749
1.15035 18.02489 7.32735 7.84606 25.77051
1.16167 18.59691 7.01903 8.07858 25.23089
1.14879 18.20526 7.0932 8.19336 25.46236
1.15161 18.03965 7.43963 8.29683 25.21297
1.11862 18.02182 7.36032 8.2093 25.38169
1.05066 18.12997 7.43096 7.86057 25.59095
1.02419 18.23277 7.44018 8.10395 25.29779
1.09113 18.02345 7.63312 8.13182 25.24543
1.09181 17.89085 7.35367 8.25033 25.49675
1.01976 17.99031 7.31717 8.20027 25.56772
0.99975 18.21786 7.59616 7.93659 25.32611
1.01271 18.15667 7.3464 7.8691 25.68352
0.98304 17.76656 7.53914 8.04495 25.74226
1.02084 18.21122 7.32399 8.15811 25.38653
1.04486 18.03143 7.39325 8.32632 25.32917
1.15049 17.47161 7.68344 8.03958 25.76224
1.11694 18.34527 7.31659 8.2112 25.11931
1.06736 18.28829 7.605 8.00685 25.12884
1.1058 18.12465 7.32134 8.04736 25.49307
1.12127 18.18913 7.33452 8.0514 25.40779
1.0446 18.12361 7.09141 8.12467 25.67333
1.09387 17.86406 7.53057 7.88457 25.68271
1.08724 18.22863 7.19351 8.25098 25.30898
1.02513 18.40486 7.50081 7.87727 25.27888
1.03652 17.90236 7.68675 8.02015 25.44879
1.062 17.94331 7.42198 8.079 25.55994
1.12457 17.59755 7.6752 8.01019 25.70289
1.08799 17.89901 7.55286 7.90504 25.68071
1.04496 17.97168 7.34821 8.08071 25.69057
1.03046 18.22997 7.21701 7.91956 25.68607
0.9925 17.98662 7.14592 8.29988 25.67206
1.0538 18.19954 7.15162 8.37292 25.32836
1.01534 17.80489 7.32406 8.5673 25.39825
1.01322 18.08824 7.10306 8.21821 25.63761
0.99337 18.08266 7.15129 8.15007 25.67473
1.10827 18.10859 7.00776 8.10058 25.72517
1.10982 17.88446 7.42013 8.01919 25.63931
1.0687 17.92505 7.19502 8.04205 25.8386
1.02046 17.62289 7.63701 8.03057 25.77813
1.07102 17.905 7.52856 7.98774 25.59759
1.09196 17.81713 7.4781 8.14642 25.56582
1.05706 18.27549 7.33981 8.02792 25.38413
1.1099 18.15254 7.56586 7.93888 25.33971
1.03248 18.24123 7.16024 8.07966 25.56722
1.16698 18.23743 6.87282 8.13465 25.65841
1.05223 18.01152 7.20167 7.98884 25.82455
1.14995 17.89974 7.50592 7.67152 25.85174
1.14552 17.8365 7.38435 8.00808 25.71371
1.02411 17.92208 7.43383 8.21691 25.49758
1.09928 17.89739 7.32026 8.36111 25.43413
1.13893 17.80698 7.34208 8.27874 25.52247
1.1259 17.4519 7.26319 8.49373 25.74696
1.02717 18.26529 7.23726 8.27759 25.29686
1.09772 18.1578 7.17617 8.2832 25.34612
1.10272 17.70217 7.27625 8.14402 25.83863
1.09111 18.03416 7.19288 8.35132 25.38974
1.08724 18.32699 6.92643 8.24986 25.47051
1.06757 17.80895 7.04784 8.40945 25.72442
1.03629 17.97895 7.05147 8.31458 25.67302
0.95384 17.9646 7.38501 8.27095 25.51006
1.06164 17.88746 7.52669 8.37539 25.24295
1.07036 17.72901 7.31278 8.48982 25.48136
1.02104 18.06997 7.33279 8.28319 25.37206
0.97992 18.04622 6.95525 8.30945 25.76539
0.98056 18.1736 6.78974 8.38538 25.74547
1.07631 18.40813 6.50072 8.25578 25.8141
1.02432 18.48818 6.77799 8.1326 25.64236
1.0896 18.04579 7.216 8.01185 25.72322
0.97189 17.95636 7.25489 8.30973 25.58322
0.98532 18.01371 7.13233 8.7134 25.24644
0.98652 18.00655 7.14309 8.72714 25.22091
0.99754 17.82623 7.19568 8.56118 25.50519
1.06517 17.91998 7.15417 8.73932 25.2126
0.95673 18.24447 6.77506 8.46804 25.62395
1.05392 17.94834 7.0186 8.42427 25.62058
1.02272 18.31566 7.0828 8.36142 25.27865
0.99758 17.88313 7.42075 8.14139 25.60021
1.11438 18.21438 7.27241 8.03779 25.4266
1.13475 17.80597 7.66498 7.97706 25.48576
1.05877 17.9513 7.46702 8.04507 25.52852
0.9763 18.10738 7.7416 7.91289 25.36135
1.02631 18.05032 7.55327 8.06599 25.35565
1.04578 17.79121 7.41145 8.02546 25.77643
1.05298 18.17445 7.32119 8.10108 25.40615
1.03364 18.07754 7.27457 8.15778 25.53497
1.01742 18.01934 7.5918 7.85126 25.59756
1.07745 18.09652 7.41603 8.05283 25.43634
1.09495 17.64769 7.14664 8.27302 25.89609
1.10249 18.12849 7.0303 8.33724 25.47658
1.19387 17.83172 7.34755 7.88167 25.80814
1.07646 18.21833 7.04064 8.13196 25.58771
1.12309 17.75393 7.40272 8.41867 25.39655
1.20426 18.05841 7.20636 7.99163 25.59942
1.09438 17.93673 7.23638 8.08687 25.71307
1.13185 18.0575 7.14467 8.0636 25.67
1.08299 17.90696 7.10829 8.41796 25.54007
1.11279 18.28898 6.85373 8.3467 25.46299
1.05606 18.38805 7.06039 8.48019 25.13075
1.11202 17.90182 7.56342 8.33551 25.1846
1.2062 17.84217 7.25727 8.36898 25.41471
1.19383 17.69231 7.57347 8.2448 25.36696
1.04053 18.0325 7.42735 8.08141 25.48494
1.05361 18.03076 7.17986 7.9742 25.81755
1.06226 18.03147 7.22012 8.05318 25.71157
1.08065 17.9746 7.30603 8.17055 25.55063
1.02816 17.97244 7.59523 7.99063 25.4891
1.0152 17.8291 7.29348 8.02661 25.89111
1.01824 18.07381 7.41974 7.94977 25.60096
1.06495 17.58086 7.24578 8.21446 25.96271
1.06465 18.18767 7.17461 8.20588 25.51209
1.05709 18.05197 6.97159 8.07853 25.93411
1.09175 18.02764 6.93558 8.1286 25.90705
1.15982 18.1572 6.92339 8.29669 25.52785
1.13459 18.5198 7.0991 7.8854 25.42066
1.14646 18.16165 7.17318 8.34108 25.24152
1.05833 18.17122 7.48575 8.13454 25.21802
1.15335 18.15537 7.33611 8.10559 25.32613
1.1384 17.97888 7.28078 8.06926 25.58589
1.11274 17.68263 7.44471 7.93525 25.88327
1.09177 17.96324 7.58539 7.9217 25.51037
1.16007 17.65251 7.3796 7.85925 26.03025
1.21535 17.75522 7.63405 7.68024 25.82952
1.16166 18.03369 7.8266 7.52174 25.56553
1.183 17.89793 7.45851 8.07505 25.46393
1.09332 17.63339 7.79928 7.82461 25.71492
1.1256 18.21003 7.6148 7.6478 25.47289
1.03179 18.6182 7.21798 7.68726 25.50517
1.09316 18.27888 7.21495 8.02087 25.45953
1.12346 18.0998 7.19844 7.87062 25.76519
1.15706 18.37667 6.8391 7.95047 25.7373
1.13133 18.11666 7.13587 8.01442 25.67293
1.10751 18.38941 7.32369 7.89732 25.34844
1.11322 18.37906 6.97715 8.05185 25.53338
1.15626 18.14757 7.05257 8.31208 25.42389
1.04119 18.18526 6.7687 8.36483 25.73764
1.05495 18.26633 6.94072 8.1107 25.68876
1.10663 17.93705 7.18333 8.30809 25.57251
1.07384 17.82866 7.36149 8.57056 25.26531
1.13791 18.13812 6.743 8.49871 25.53977
1.13087 17.99902 7.22843 8.28989 25.41716
1.07592 18.08345 7.3018 7.96053 25.63717
1.06792 17.98009 7.53015 8.11751 25.39537
1.03642 18.14446 7.17148 8.20074 25.50881
1.00856 18.27046 7.1724 8.15047 25.45885
1.11611 18.00463 7.63824 8.0092 25.31129
1.07596 18.21398 7.36473 7.95768 25.45898
1.09175 18.2221 7.66558 7.83455 25.31874
1.15927 17.82523 7.5377 8.1001 25.46471
1.14468 17.61222 7.29602 8.45269 25.56027
1.09889 18.00311 7.19298 8.4444 25.36135
1.01208 18.02776 7.53363 7.97622 25.52041
1.1296 18.1328 7.1721 8.24337 25.38861
1.06652 18.63056 7.03251 8.03992 25.31101
0.96077 17.95507 7.50786 8.20473 25.45723
1.07037 17.91152 7.45433 8.33389 25.33893
1.00859 18.46213 7.21774 7.85849 25.55217
0.96023 18.26155 7.52049 7.88446 25.44183
1.13263 18.37493 7.31465 7.95774 25.30297
1.02164 18.27975 7.2317 7.95493 25.59233
1.09258 18.43038 7.31532 7.8999 25.37086
1.05053 17.93906 7.55054 7.96206 25.56595
1.04559 18.32713 7.36809 7.65406 25.67679
1.11376 18.23982 7.66873 7.65798 25.39458
1.09647 18.27171 7.35973 7.85588 25.47302
1.09281 18.35075 7.72826 7.7099 25.20393
1.01966 18.11149 7.70552 7.91205 25.36661
1.03837 18.08544 7.19204 8.21126 25.55008
1.12045 18.60628 6.83581 8.25117 25.25509
1.01946 17.92758 7.62934 8.10227 25.38134
1.14685 17.95184 7.17343 7.55878 26.20857
1.05499 17.88855 7.41705 7.80402 25.90294
1.02931 18.12601 7.32972 7.73036 25.84031
1.03679 17.6118 7.42671 7.68359 26.30452
1.01143 17.53559 7.2986 7.94947 26.27967
1.0141 17.76675 7.5327 7.69597 26.07909
0.98736 17.78695 7.45754 7.93079 25.94204
0.98138 17.75566 7.79613 8.09146 25.48186
0.98787 17.91415 7.4503 7.98555 25.7449
1.02725 17.4476 7.54818 7.8632 26.16116
1.01159 17.88695 7.13434 8.08321 25.94839
1.08395 18.27351 7.22363 7.99888 25.50834
1.04092 17.60857 7.5071 7.92511 25.98713
1.11787 17.8562 7.30805 8.00332 25.77476
1.06421 17.82662 7.49328 8.00664 25.68008
1.03896 18.44037 7.19332 8.07855 25.36068
1.09818 18.09625 7.35254 7.86541 25.70412
1.0837 17.88928 7.55341 7.97855 25.59492
1.06341 18.21264 7.24318 8.12523 25.44533
1.00959 17.57391 7.59099 8.0315 25.8896
1.01212 17.66197 7.97951 7.68469 25.80047
1.0026 17.53753 7.58053 7.90676 26.07485
0.96998 17.73821 7.56211 7.74266 26.07935
1.01657 17.63632 7.99276 7.96679 25.54458
0.94098 17.93268 7.33336 8.24869 25.61537
1.00372 17.67342 7.44819 8.1382 25.79561
0.93356 18.28052 7.13661 8.08193 25.63566
0.99875 18.13928 7.19242 8.01333 25.71868
1.09044 17.91047 7.12882 8.07887 25.8492
1.0311 17.96353 7.32532 8.15055 25.62258
1.18872 18.16283 6.95312 8.0163 25.75694
1.09721 17.87996 7.32922 8.14744 25.62504
1.10612 18.23954 7.16477 8.1098 25.44951
1.09175 18.29915 7.35905 7.99304 25.34775
0.99789 17.85785 7.15203 7.89525 26.13865
1.08542 17.71662 7.26336 7.77462 26.20257
0.99564 17.68771 7.36057 7.79414 26.20656
0.99708 18.00141 7.32144 7.75806 25.99907
1.11001 18.04533 7.08637 7.91061 25.91661
1.00913 17.97634 7.12774 7.70685 26.23396
1.01196 18.21587 7.08094 7.7315 26.01069
1.12875 17.94311 7.19875 7.66327 26.13926
1.08977 18.13983 7.11841 7.62346 26.07619
1.07456 18.39698 7.23414 7.58738 25.76475
1.04171 18.20377 7.49218 7.54146 25.78628
1.04784 17.9381 7.7557 7.63502 25.68751
0.94321 17.90784 7.25866 7.69752 26.24103
0.94925 17.73292 7.74499 7.96442 25.71318
1.00319 18.31932 7.33881 7.99122 25.47307
1.02452 18.19722 7.59747 7.94152 25.32743
1.01488 17.89405 7.28804 7.91971 25.95727
1.02069 18.20294 7.22888 7.85524 25.7582
1.0283 18.396 7.11782 8.06277 25.4545
1.05485 18.27699 7.18479 7.76945 25.77919
0.96149 18.02859 7.16465 7.62227 26.26816
0.97072 18.085 7.11159 7.88791 26.00093
0.98077 17.97904 7.1574 8.05522 25.89494
1.02655 18.26442 7.07983 7.75621 25.92076
0.93634 18.37771 7.22674 7.85062 25.67056
0.96134 18.36105 7.4428 7.79089 25.5052
1.01981 18.144 7.4401 7.86785 25.60433
0.98853 18.03008 7.84631 7.57264 25.65944
0.98741 18.10673 7.85014 7.609 25.53292
1.09547 17.6434 7.87615 7.80313 25.67543
1.01154 18.00106 7.36726 7.90949 25.77636
1.12176 17.70952 7.84968 8.04171 25.3651
1.16967 18.592 7.566 7.76167 25.02062
1.01054 18.45397 7.37964 7.72021 25.50479
1.0071 18.35362 7.07772 8.05284 25.60231
1.02597 18.20736 7.22712 7.9423 25.68348
1.0408 18.27663 7.19602 7.69494 25.88663
1.08668 18.03015 7.32137 7.61184 26.02134
1.01009 17.85285 7.57089 7.57984 26.07167
1.07596 17.75838 7.30642 7.69739 26.22863
1.001 18.07719 7.65228 7.57518 25.76846
1.08626 17.99023 7.71409 7.80406 25.54548
1.06952 18.19033 7.17413 8.02369 25.63809
1.03299 18.04457 7.38354 7.92228 25.70154
1.06727 17.82185 7.49513 7.62895 26.05979
1.1316 17.80429 7.29202 7.96056 25.88938
1.14933 17.86364 7.58672 7.83276 25.64417
1.10553 18.03308 7.53589 7.84804 25.54784
1.00651 18.07135 7.6524 8.00707 25.33385
1.06055 18.14189 7.44966 8.2015 25.23031
1.06071 18.08156 7.19448 8.35677 25.39121
1.08695 17.93842 7.03328 8.55195 25.46124
0.99112 18.13477 6.88395 8.47685 25.58585
1.07517 18.32819 7.08358 8.21979 25.36228
1.05058 18.22184 6.9764 7.99776 25.82027
1.09885 18.10249 7.17362 7.8387 25.84155
1.0433 17.94319 7.53523 7.99805 25.57316
1.05939 17.5331 7.36005 7.96866 26.14804
1.11749 17.9629 6.80533 8.26568 25.92088
1.08481 17.77661 7.0371 8.12599 26.03255
1.14525 17.7738 7.09224 7.86061 26.17341
1.14146 17.94831 7.25602 7.852 25.84649
1.07394 17.90945 7.22503 8.01666 25.81652
1.12362 17.71412 7.36054 7.98972 25.85291
1.00657 18.03737 6.97583 8.24257 25.78944
1.07041 18.2969 7.14602 8.23541 25.34215
1.03413 18.54579 7.0043 8.08053 25.42401
1.06303 18.60886 7.02946 8.16112 25.2427
1.02294 18.1964 7.46382 8.11297 25.34781
1.0692 17.95759 7.37325 7.9912 25.71174
1.07874 18.36897 7.19619 8.08284 25.33044
1.19162 18.15379 7.18328 8.23769 25.34706
1.07986 17.93648 7.05293 8.33503 25.66922
1.10268 18.13108 6.9079 8.39974 25.54007
1.11123 18.00493 7.13783 8.27312 25.53904
1.0582 17.93051 7.43183 8.29137 25.36717
1.0761 17.97565 7.36384 8.34871 25.34971
1.03639 17.87417 7.41519 7.81595 25.94104
0.95801 17.89253 7.28455 8.03391 25.9236
0.99384 18.03852 7.4065 7.99171 25.66816
0.94868 17.80718 7.43875 7.96681 25.9252
1.05413 17.87159 7.7389 7.6441 25.76088
1.12916 18.02531 7.84544 7.72744 25.37044
1.16395 18.22484 6.92543 7.98458 25.76739
1.10734 17.96259 7.14635 7.76547 26.08031
1.1515 17.96429 7.20322 7.96494 25.79748
1.13354 17.63893 7.85063 7.8754 25.59049
1.08799 17.77668 7.86036 7.71572 25.65295
1.11597 17.85916 7.508 7.90053 25.6773
1.11342 18.03212 7.32376 8.1302 25.47132
1.14134 17.7329 7.30232 8.12747 25.76746
1.07317 17.79611 7.54626 8.08214 25.56895
1.04373 18.02787 7.6564 7.81584 25.51637
1.13488 17.74406 7.61053 7.88286 25.67918
1.04613 17.78713 7.43114 8.13546 25.67174
0.99871 18.46344 7.2157 8.23143 25.17835
1.08342 18.29287 7.19375 7.9884 25.5079
1.18762 17.90663 6.98629 8.15181 25.83793
1.15552 17.98425 7.03222 8.26813 25.64605
1.04367 18.05051 7.15949 8.20307 25.59894
1.09423 17.86228 7.46666 7.96441 25.67967
1.08856 17.91051 7.61003 7.87562 25.58394
1.07379 17.79069 7.49524 8.36608 25.37153
1.14206 17.39905 7.7384 8.2641 25.52389
1.18017 18.13229 7.32545 7.99069 25.42883
1.21383 18.23178 7.25712 7.97197 25.39693
1.10222 18.30379 7.41128 7.78475 25.48618
1.09434 18.08861 7.28101 7.68021 25.9398
1.11506 17.80581 7.44247 7.76309 25.9961
1.13125 18.22441 7.34619 7.5601 25.84397
1.0952 18.23775 7.12253 7.78195 25.84624
1.1818 18.14584 7.17593 7.84267 25.75856
1.11454 17.8654 7.3493 7.84902 25.90149
1.04392 17.97026 7.59996 7.74477 25.75006
1.0583 18.24653 7.34814 7.95195 25.50942
1.06014 18.43635 7.21592 8.12821 25.2715
1.08165 18.44378 7.06796 7.82494 25.67428
1.11174 18.42633 7.09664 7.74069 25.70055
1.03909 18.55487 7.3778 7.75622 25.34739
1.1791 18.39029 7.27944 7.74956 25.48073
1.17673 18.12617 7.15716 7.92867 25.70001
1.13107 17.73097 7.54762 8.02241 25.63917
1.0948 17.53922 7.57675 8.13292 25.72729
1.08981 17.75544 7.68762 7.98242 25.59431
1.10527 17.70028 7.75157 7.83152 25.69483
1.10441 18.20764 7.37508 7.74624 25.64338
1.11824 18.21205 7.13279 7.9533 25.64627
1.21792 18.31192 6.99828 8.05728 25.50904
1.09297 18.11447 7.54393 7.71222 25.63099
1.19991 17.75051 7.44136 7.98683 25.70556
1.05335 17.68131 7.4908 7.83659 25.98738
1.06538 17.8795 7.18567 7.65351 26.26709
1.07243 18.11852 7.27225 7.61402 25.9891
1.1082 17.8513 7.37321 7.72539 26.01665
1.06959 17.20407 7.33741 8.3005 26.17863
1.03126 18.21751 7.09012 7.91158 25.8681
1.09101 18.20783 7.31034 7.75602 25.76452
1.01304 17.91281 7.59042 7.67622 25.88512
1.10852 17.98355 7.28555 8.00273 25.70233
1.10738 17.91217 7.48004 7.95418 25.62824
1.12122 17.97754 7.1645 7.7953 26.01819
1.07781 18.11921 7.1663 7.84322 25.87879
1.22478 17.88907 7.29496 7.63622 26.00548
1.23454 17.99692 7.16298 7.84155 25.82351
1.16464 17.87637 7.09358 7.72451 26.17271
1.12249 17.74151 7.35505 7.7666 26.04998
1.14762 18.11327 7.19653 7.72488 25.86613
1.1116 17.97195 7.3118 7.77616 25.8888
1.09949 18.1962 7.15012 7.81659 25.81296
1.08881 18.23583 7.42114 7.60575 25.71626
1.07222 18.43694 7.32006 7.67111 25.56685
1.13382 18.44576 7.2717 7.31798 25.90802
1.14011 18.19589 7.18659 7.56441 26.04933
1.05816 17.89748 7.26531 7.97459 25.9136
1.0283 18.13268 7.55384 7.77579 25.59054
1.12533 17.93199 7.7063 7.6689 25.64806
1.19868 17.75934 7.82273 7.77469 25.53306
1.1422 17.75607 7.64543 7.7818 25.74777
1.17919 17.52627 7.78144 7.94459 25.66205
1.09984 17.90134 7.3007 7.84426 25.91299
1.08768 18.23163 7.2581 7.63583 25.87105
1.06259 18.23497 7.04499 7.66168 26.04385
1.09311 18.00369 7.38595 7.69378 25.87382
1.15659 17.85051 7.37927 7.75051 25.93564
0.91983 17.81426 7.546 7.86859 25.91024
1.00083 17.88938 7.3636 8.12647 25.69155
1.01955 18.13102 7.02259 8.1037 25.80069
1.00575 17.90497 7.48283 7.92583 25.76997
0.99837 17.77238 7.58743 8.11035 25.62643
1.02193 17.93649 7.52325 7.97787 25.62075
1.06616 18.27837 7.49576 7.7765 25.49247
1.02798 17.84338 7.52919 7.8073 25.87243
1.04181 18.17522 7.38371 7.9409 25.55834
1.07034 18.1607 7.2 7.93114 25.71207
1.149 18.03929 7.65191 7.60683 25.63005
1.03888 18.13293 7.56313 7.75925 25.61543
1.01112 18.04122 7.47482 7.93689 25.64105
0.98551 18.08763 7.17218 8.19424 25.62696
1.11189 17.71632 7.36056 7.80254 26.07551
0.97954 18.10477 7.12194 7.88994 25.96609
1.09475 18.37866 7.10225 7.95606 25.51991
1.04286 17.94981 7.21487 8.02665 25.80853
1.05851 18.10822 6.97877 7.98327 25.91504
1.05116 18.19932 6.98232 8.0504 25.77799
1.02365 17.94992 7.30067 8.00469 25.79379
1.04094 17.81319 7.3601 7.99151 25.85691
1.01706 18.1091 7.35015 7.79308 25.79749
0.92343 17.93663 7.18789 7.8593 26.14313
0.93522 18.00135 7.45655 7.76676 25.88566
0.95664 18.16512 7.32696 7.99781 25.62841
0.97365 18.1734 7.29457 8.24239 25.42568
1.01017 18.32323 7.10513 8.16771 25.47525
1.05547 18.07637 7.02294 8.12038 25.79265
1.08051 18.06676 7.3921 8.25274 25.29314
1.13458 17.92952 7.36967 8.27788 25.35353
1.0662 18.10541 7.45116 7.99892 25.44838
0.99152 18.27457 7.753 7.81773 25.237
1.07747 18.26939 7.31624 7.94189 25.47454
1.10386 17.88295 7.7197 8.24856 25.15347
1.03113 18.3436 7.27111 7.93238 25.50691
1.02041 18.1379 7.68073 7.69367 25.56103
1.06418 18.16857 7.32067 7.85428 25.66759
1.06485 17.9759 7.33367 8.37129 25.33122
1.03093 18.12561 6.94059 8.3682 25.59487
1.07057 17.84804 7.22078 8.36889 25.5803
1.09657 18.21055 6.92137 8.32676 25.55561
0.99912 18.25343 6.83237 8.17539 25.82032
1.06375 18.25445 6.9729 7.94592 25.83737
1.16463 18.37403 7.07628 7.77717 25.69677
1.13304 18.08481 7.2669 7.94448 25.6557
1.0579 18.4469 7.45881 8.05798 25.07084
1.03876 18.49704 7.34161 7.96825 25.21308
1.22611 18.10507 7.06365 7.96653 25.71077
1.04502 17.64449 7.47751 8.18664 25.76349
1.05001 17.95944 7.60688 7.96767 25.52121
1.0876 17.87935 7.54408 8.09854 25.49836
1.05208 18.0526 7.57536 8.26199 25.17002
1.05881 18.61857 7.05762 8.28699 25.08457
1.02415 18.19215 7.07195 8.06022 25.70336
1.04692 18.24854 6.871 8.14934 25.74994
1.02168 18.24257 7.21049 8.06608 25.5238
1.0675 17.67619 7.29098 8.46496 25.60166
1.0193 17.94031 7.39898 7.91873 25.82195
1.09668 17.87573 7.04072 8.10072 25.96822
1.06126 18.26478 6.84332 8.08035 25.83355
1.06447 17.91647 7.13747 8.18869 25.77948
1.04412 17.75387 7.17251 8.26989 25.83172
1.10594 18.37653 6.84504 8.16264 25.5762
1.01314 17.75867 7.42058 8.27925 25.62687
1.04796 17.9086 7.21668 8.1129 25.80662
1.06124 18.10847 7.06706 8.28384 25.55823
1.19965 17.56237 7.28329 8.53146 25.55009
1.11776 17.86584 7.56207 8.14091 25.42456
1.03952 17.58003 7.98915 8.22796 25.27083
1.03339 17.96719 7.38923 8.32661 25.39202
1.0675 17.86011 7.25234 8.52523 25.41502
1.0964 18.05349 7.2799 8.60071 25.11438
1.08826 18.10951 7.32413 8.25122 25.32907
1.12786 18.80763 7.12864 8.39189 24.65536
1.14859 17.90986 7.16597 8.65656 25.20858
1.12224 18.0878 7.41937 8.68944 24.81482
1.07726 18.25793 7.45023 8.45238 24.89725
1.03542 18.25418 7.31145 8.48415 25.00993
1.09132 18.56831 7.15379 8.62947 24.67346
1.2427 18.1819 6.77479 8.92434 24.97025
1.17916 18.31916 7.20317 8.83251 24.58309
1.13012 18.30175 7.10417 8.24641 25.29207
1.05482 17.82554 7.47277 8.39071 25.33048
1.06727 18.02968 7.13483 8.51855 25.33005
0.97089 18.05351 7.5253 8.44053 25.10768
1.03152 18.20837 6.82203 8.68359 25.33206
1.07684 17.67068 7.3588 8.54812 25.44543
1.06177 18.15602 7.36521 8.45705 25.05932
1.04989 18.60094 7.26138 8.25655 24.92687
1.14171 17.76114 7.69581 8.18099 25.29868
1.11623 18.19751 7.0539 8.29278 25.40949
1.02015 18.43183 6.63784 8.47212 25.49259
1.07622 17.72931 7.27379 8.15868 25.83777
0.97415 18.3009 7.11127 8.40695 25.28234
1.00933 18.00854 7.45097 8.53046 25.10552
1.03188 18.18233 7.31289 8.57927 25.00384
0.9903 18.1501 7.09768 8.47665 25.36327
1.11314 18.61834 6.93075 8.4078 25.03191
0.98736 18.52912 7.04719 8.28233 25.23026
1.13172 18.2572 7.17687 8.16205 25.37582
1.0259 18.06043 7.26889 8.3283 25.41934
1.0308 17.98385 7.30896 8.35474 25.41873
1.08138 18.07722 7.33387 8.39312 25.22166
1.08465 17.90176 7.38018 8.52459 25.20392
1.03095 17.73578 7.57911 8.6241 25.1096
1.18678 17.83531 7.05116 8.71094 25.30871
1.11857 18.25837 7.18757 8.24491 25.28305
1.07661 17.95926 7.37823 8.46002 25.23211
1.15373 18.28311 7.01663 8.30675 25.33189
1.17353 17.99973 7.37976 8.10459 25.43428
1.09005 17.88601 7.41763 8.09175 25.58774
1.05062 18.15342 7.10535 8.28692 25.47222
1.07061 17.92201 7.51053 8.36078 25.21345
1.07619 18.09699 7.16178 8.4674 25.26529
1.11006 17.74116 6.96896 8.52802 25.71191
1.12223 18.00148 6.71492 8.43383 25.77862
1.09549 18.08733 6.82045 8.38544 25.68026
1.08194 17.84868 7.09629 8.27811 25.76375
1.02126 17.96616 7.38183 8.22738 25.47388
1.04292 18.08631 7.18221 8.25195 25.50829
0.95866 17.76873 7.59829 8.32975 25.44067
1.0165 17.95439 7.17899 8.32683 25.61192
0.92791 17.97763 7.41847 8.08591 25.67112
1.0496 18.3392 7.00405 8.10879 25.56631
1.01917 18.14456 7.02277 7.95158 25.92385
0.9427 17.97108 6.91576 8.12203 26.09961
0.99166 18.22402 6.70748 8.38405 25.75085
1.08188 17.92986 7.53373 8.16379 25.41426
1.06405 17.91394 7.75231 7.99832 25.39493
1.04505 18.16015 7.18838 8.21953 25.45867
1.00524 18.43912 6.81853 8.00187 25.79563
1.04971 18.07305 7.14795 8.25536 25.55875
1.04556 18.20303 7.1104 7.95688 25.75257
1.01533 18.31118 6.96107 8.07436 25.68835
1.07074 18.02449 7.12636 8.13442 25.72008
1.0223 18.13675 6.95554 8.24252 25.68949
1.00824 18.32461 7.1186 7.87452 25.71848
0.92149 18.51071 7.05673 8.18666 25.40949
0.9064 18.16141 7.02318 8.34693 25.6345
0.96221 17.84818 7.0873 8.43491 25.76639
1.01181 18.13702 6.98715 8.46314 25.50206
0.96368 18.22757 6.90162 8.41394 25.55972
0.89905 18.27402 6.9745 8.32192 25.58919
0.8948 17.84025 6.947 8.25253 26.11915
0.91888 18.08901 6.99418 8.47909 25.58998
1.02822 18.18624 7.18567 8.19336 25.49422
1.01143 18.1465 7.4061 8.15604 25.35255
0.97725 18.56219 7.09114 8.31627 25.11935
0.99913 17.93139 7.57779 7.9561 25.6054
1.02836 18.153 7.31253 8.18534 25.40014
0.97173 18.47374 7.38846 8.00518 25.23538
1.01753 18.21108 7.20406 8.20745 25.41866
1.01257 18.41538 7.09736 8.12485 25.41238
1.0271 17.99647 6.8456 8.552 25.63239
1.04473 17.55439 7.22833 8.65491 25.59561
1.05014 17.81389 7.31824 8.49034 25.40741
1.11741 17.8787 7.24156 8.5715 25.26898
1.00873 17.99796 7.27741 8.56096 25.25485
1.03941 18.11339 7.57277 8.50039 24.91826
1.00837 17.66741 7.41382 8.81441 25.20399
0.98687 18.24141 7.3559 8.31823 25.21616
0.94121 17.97652 7.46318 8.50973 25.23834
1.0265 18.05284 7.3934 8.38009 25.25628
1.04754 18.54002 7.03239 8.10239 25.38727
0.99672 18.15863 7.04926 8.42088 25.46945
1.03719 18.13619 7.18696 8.68345 25.08701
1.03938 18.12402 7.05987 8.63931 25.23535
1.06003 17.94915 7.16459 8.42314 25.49787
1.03521 17.98283 7.06945 8.55534 25.46408
1.08635 17.88351 6.96285 8.42711 25.74819
1.05248 17.75277 7.13431 8.35276 25.78543
1.11948 18.0747 6.86923 8.21384 25.77494
1.09984 18.03365 7.04011 8.48681 25.41071
1.08255 17.76013 7.56155 8.1047 25.54859
1.06233 17.78933 7.43504 8.40403 25.41249
1.09369 17.7255 7.41053 8.78839 25.18568
1.05832 17.70704 7.60745 8.67836 25.05853
1.06839 17.89366 7.20883 8.58631 25.31288
1.06471 17.95809 7.7446 8.26331 25.07734
0.95683 17.8929 7.535 8.36094 25.33107
0.98206 17.90714 7.42967 8.68123 25.06539
1.09792 17.97286 7.45667 8.36416 25.17394
1.02727 18.016 7.46727 8.52954 25.04222
0.98134 18.06504 7.31057 8.52108 25.20969
0.93504 18.25361 7.26107 8.31636 25.31772
1.04432 17.50772 7.43734 8.5061 25.59466
0.98147 17.97131 7.24102 8.18393 25.68201
1.05903 18.00896 7.22647 8.04842 25.73841
0.90237 18.28928 7.1557 8.20342 25.50803
0.96995 18.46505 6.96435 8.14936 25.5297
0.94503 18.11006 7.37695 8.35328 25.28334
0.89029 18.32444 7.31999 8.6016 24.96625
1.00049 18.12527 6.99138 8.43113 25.52507
0.97771 17.9871 6.84818 8.92233 25.33985
0.99219 18.23247 7.18223 8.29704 25.35929
1.03175 18.24915 7.21629 8.23696 25.33139
1.02597 18.07701 7.22181 8.67696 25.07599
1.09918 17.79572 7.26261 8.54462 25.36185
1.05602 17.76544 7.08011 8.37006 25.77389
1.04067 17.90417 7.43698 8.52305 25.17016
1.02332 17.70054 7.1676 8.38838 25.78653
1.03014 17.77575 7.21318 8.24106 25.80221
1.10866 18.10543 7.1372 8.17397 25.52925
1.0611 18.15533 6.98623 8.51944 25.35262
1.02436 18.23811 6.85371 8.60647 25.35242
1.09773 18.12611 7.04981 8.63704 25.15997
1.04054 18.49748 7.16598 8.44179 24.94576
1.12122 18.27093 7.4319 8.26539 25.0388
1.06721 18.27721 7.2822 8.10017 25.39849
1.0339 17.89267 7.15006 8.44165 25.56626
1.08824 18.08551 6.69925 8.33091 25.86783
1.04793 18.10352 7.21542 8.12671 25.59143
1.05149 18.11988 7.10783 8.11906 25.67538
1.0274 18.13494 7.05154 8.00161 25.83931
0.99262 17.714 7.44097 8.24292 25.68849
1.05692 17.97338 7.03474 8.37232 25.6347
1.11844 17.77956 7.06179 8.36157 25.73336
1.07061 17.75279 7.28008 8.26554 25.68602
1.12457 17.59969 7.45036 8.32637 25.55251
0.92281 18.19914 7.1345 8.28766 25.52039
0.99536 17.71221 7.49598 8.27148 25.58405
1.01789 17.76034 7.25692 8.18002 25.83607
1.01536 17.73992 7.53878 8.12851 25.66059
1.04587 18.0645 7.56919 7.76412 25.64704
1.05355 18.0347 7.58146 8.0678 25.36252
1.00054 17.61808 7.65782 8.02525 25.77037
0.94404 18.04306 7.46504 8.15303 25.47524
1.03783 17.8989 7.41928 8.13215 25.57636
1.09979 17.73094 7.06663 8.54154 25.6072
1.05025 17.97905 7.19952 8.16605 25.6631
1.06058 17.89483 6.98696 8.08365 26.03861
1.08849 17.95401 7.24297 8.14976 25.62358
1.07376 18.01242 7.14851 8.17564 25.65014
1.12706 17.91009 7.29189 8.05108 25.6785
1.0414 18.12745 7.33184 7.91499 25.64613
1.02939 17.77672 7.1135 7.97386 26.15816
1.03373 18.20432 7.12426 8.05378 25.64796
1.06243 17.87872 7.12424 8.03597 25.97255
1.05511 18.23634 7.14497 8.04577 25.59073
1.06467 17.86916 7.28367 8.26559 25.58325
1.08748 17.83024 7.26525 8.24745 25.62616
1.02153 17.81043 7.1876 8.44265 25.61063
1.01541 18.15266 6.93553 8.48443 25.48789
1.1148 17.78836 7.12203 8.25645 25.80031
0.98591 17.95583 7.27513 8.37741 25.49686
1.08689 17.54569 7.64352 8.25858 25.56386
1.09747 17.43454 7.63084 8.3625 25.54923
1.0797 17.28146 7.9259 8.16178 25.658
1.14113 18.01707 7.28467 8.14933 25.49274
1.06158 17.9266 7.2521 8.1067 25.71682
1.18413 17.90683 7.53041 8.09869 25.3969
1.01076 17.94738 7.34506 8.26652 25.55188
0.94048 18.36095 7.21263 8.03553 25.54269
1.02234 17.92451 6.84929 8.3298 25.94629
1.11874 18.11983 7.10802 8.17996 25.53161
1.11497 17.83607 7.32218 8.32943 25.47686
1.17864 17.63683 7.29539 8.07296 25.89771
1.04918 18.19356 7.15332 8.04985 25.62208
1.13413 18.33783 6.87801 8.09441 25.63044
1.10318 18.00434 6.98975 8.06468 25.90468
1.08524 18.10906 7.03668 8.11578 25.73792
1.06074 18.01884 7.33139 8.16496 25.49485
1.10473 17.77146 7.49315 7.94065 25.77451
1.07611 18.04985 7.40332 8.13554 25.41574
1.11837 18.00346 7.14073 8.1973 25.5941
1.06724 18.119 7.27991 7.98775 25.59938
1.02111 17.61928 7.55783 8.34478 25.52794
0.94768 17.95207 7.62292 8.30332 25.29816
1.02043 18.05366 7.11082 8.21309 25.66514
0.92981 18.50869 6.85941 8.20489 25.55655
1.04342 18.31644 6.94575 7.91096 25.84787
1.0622 18.06206 6.97088 8.19242 25.7728
1.12968 17.79832 6.78188 8.43277 25.91868
1.05826 18.14984 6.97682 8.08214 25.81056
1.04468 17.62508 7.41847 7.90667 26.06819
1.08896 17.96207 7.11246 8.10358 25.80241
1.04595 17.86153 7.54708 8.10308 25.54324
1.00531 18.22675 7.09078 8.15283 25.58462
1.07947 17.94504 7.37876 8.01789 25.65692
1.03057 17.84102 7.16336 8.14523 25.88724
1.03744 18.3191 7.24916 7.85991 25.66032
1.04964 18.3421 7.44934 7.6392 25.59033
1.0578 18.31342 7.46806 8.05289 25.17907
1.00944 18.00713 7.56588 8.09726 25.382
1.15011 17.81038 7.4595 8.04333 25.59921
1.06028 17.71645 7.5368 8.22869 25.51142
1.12161 17.85502 7.28776 8.00418 25.80468
1.05508 17.98274 7.52684 7.91614 25.6318
1.04427 17.79525 7.29464 7.72396 26.20672
1.0333 18.18301 7.42119 7.51443 25.91605
0.98646 18.31909 7.31087 7.77392 25.7186
1.04777 18.09562 7.21079 7.91646 25.83559
1.02986 18.42049 7.5883 7.84129 25.24989
1.03134 18.2044 7.68059 7.88951 25.32994
1.027 18.3191 7.3541 8.18198 25.21728
0.9694 18.56587 7.34338 8.26637 25.01983
0.98555 18.04105 7.3981 8.15008 25.55167
0.96023 18.50347 7.2448 8.23648 25.15143
0.97358 18.03261 7.2222 8.41983 25.41205
1.07653 18.37806 6.95163 8.2639 25.41703
0.99501 18.59283 6.84332 8.0834 25.5432
