"V1" "V2" "V3" "V4" "V5"
1.74946 9.6565 12.21227 6.67538 29.75781
1.93649 9.85796 12.10556 6.74861 29.41784
1.92647 9.92183 12.63846 6.74207 28.8316
2.00281 9.99071 12.7234 6.57994 28.7507
1.87961 9.46082 12.63266 6.75898 29.31551
1.78657 9.50368 12.39154 7.01379 29.35884
1.6289 9.79943 11.71797 6.94752 29.93577
1.81556 9.36645 12.48506 7.01141 29.36296
1.87823 9.48633 11.97867 7.04367 29.63298
1.7699 9.60752 12.32442 7.30335 29.02534
1.68409 9.78607 11.89713 7.58606 29.07872
1.80034 10.03639 11.89937 7.19342 29.1006
1.64979 9.5288 12.82994 6.87461 29.16015
1.84315 9.49166 11.99608 7.08603 29.61131
1.58923 9.45497 12.09583 6.89726 29.98969
1.69837 9.54773 12.26311 6.97434 29.54208
1.82009 9.49523 12.90768 7.30637 28.53333
1.8985 9.26917 12.54648 7.18308 29.15347
2.08772 9.32575 13.13175 6.87144 28.68133
1.91696 9.3329 13.53546 6.82319 28.49073
1.79222 9.92762 12.72511 7.14259 28.52643
1.97423 9.55263 12.96649 7.29642 28.29888
1.76873 9.6322 12.19172 7.43011 29.01824
1.90498 9.62439 11.87188 7.34491 29.2944
1.60491 9.40357 12.91699 7.10444 28.99523
1.63362 9.6564 11.9789 7.19614 29.55935
1.81112 9.80613 11.82895 7.24648 29.34485
1.74862 9.32257 12.25688 6.92991 29.77513
1.91819 9.64976 12.27238 7.13419 29.06619
1.85395 10.00494 12.4451 7.05776 28.69821
1.95083 9.61415 13.58202 7.35253 27.5977
1.86253 9.67573 13.13353 6.61305 28.75613
1.8149 9.72133 12.67788 6.38599 29.43576
1.85669 10.10732 12.30577 6.90973 28.89336
1.81396 9.70718 12.67981 6.88637 28.96128
1.72803 9.77094 13.73582 6.60223 28.21742
1.83982 9.52855 12.1799 6.69536 29.78827
1.74314 9.78476 12.07332 7.18962 29.24948
1.76671 10.09055 11.81384 7.1397 29.23542
1.81122 9.6579 12.89781 6.6064 29.06449
1.71631 10.28185 12.57267 6.79204 28.69234
1.78117 10.21207 12.23092 6.84721 28.98789
1.874 10.0223 12.27069 6.7057 29.18515
1.75412 9.9313 11.97222 7.0558 29.31202
1.68373 10.07462 12.01104 7.09598 29.16138
1.93026 9.96788 12.30498 6.52661 29.29307
1.90292 9.88613 12.11946 6.92518 29.197
1.93146 10.03209 12.24412 7.07844 28.76407
1.64036 9.69924 12.36491 7.03082 29.29484
2.0755 9.91551 11.79912 6.89451 29.34179
1.91432 9.66237 11.39232 6.97811 30.06567
1.80232 9.91015 12.21435 7.17929 28.91517
1.93515 9.76288 12.46635 7.02109 28.85364
1.98753 9.73326 12.44271 7.31741 28.57518
2.10398 9.81171 12.34698 6.8712 28.89974
1.97566 9.66106 12.72691 7.29984 28.41787
1.90761 9.90938 12.26712 7.10176 28.90103
1.89565 9.80986 12.56445 7.23226 28.58745
1.7377 9.66537 13.89005 6.66297 28.22865
1.77981 9.83638 12.90351 7.05421 28.51952
1.79436 9.78558 13.23108 6.86603 28.39657
1.78051 10.06096 12.04531 7.10324 29.04706
1.85306 9.62332 11.94317 7.05859 29.55053
1.83914 9.55527 12.1212 7.50568 29.01973
1.82793 9.47826 13.26096 7.12902 28.37033
1.94842 9.84933 12.62467 7.38827 28.30393
1.91632 9.67836 12.54646 7.35283 28.59432
2.05473 9.73645 12.07273 7.30835 28.88836
1.81834 9.73583 11.77342 7.16909 29.54188
1.84121 9.47189 12.38835 7.34533 29.02342
1.79165 9.77127 12.01721 7.02801 29.44626
1.71428 9.762 12.47854 7.28021 28.82169
1.71612 10.31474 12.66313 7.00246 28.37549
1.72208 9.80771 12.8327 7.17685 28.51895
1.62184 10.35192 12.98658 7.02554 28.10261
1.75559 10.16128 13.01788 7.06792 28.09077
2.08968 9.85881 12.77876 7.00913 28.35018
1.89611 9.77543 12.55706 7.57481 28.24785
1.73877 9.49181 12.60746 7.48448 28.73246
1.69576 9.83265 12.56392 7.59834 28.37942
1.86229 9.4117 12.60163 7.11778 29.04601
1.66669 9.84236 12.21111 7.23322 29.08243
1.69459 9.6458 12.01123 7.40614 29.28348
2.10362 9.63012 12.24763 7.12072 28.94931
1.77279 9.80706 12.33221 7.32775 28.80392
1.8327 9.45937 12.663 7.17879 28.90086
1.74495 9.53562 12.83078 7.59217 28.35104
2.01912 9.46416 12.41079 7.20213 28.94514
1.96896 9.79056 12.50665 7.35195 28.44043
1.73353 9.63876 13.06695 7.17611 28.43397
1.78164 9.98692 12.33295 7.11165 28.82837
1.65438 9.74204 12.30284 6.86297 29.46901
1.87517 10.16511 12.20921 7.23874 28.57354
1.92741 9.40133 13.00901 7.02112 28.69773
1.91899 9.95837 12.33402 6.70908 29.10913
1.93213 9.71641 12.93225 6.79607 28.6553
1.71341 9.47086 13.07336 6.57798 29.22083
1.53373 9.49797 12.39706 7.2904 29.33391
1.80554 9.54607 13.24633 6.88974 28.57103
1.7141 9.6175 12.67999 7.23776 28.80763
1.72356 9.26051 13.1927 7.04431 28.83875
1.89829 9.6579 13.13101 7.41371 27.99541
1.82834 9.28623 12.70083 7.26587 28.98965
1.81233 9.62442 11.84338 7.3772 29.37555
1.86571 9.12912 12.72344 6.79044 29.52778
1.59582 9.32805 12.35357 7.27472 29.48271
1.77105 9.49574 12.51326 7.44841 28.84303
1.84952 9.22983 12.8187 7.08162 29.06368
1.82649 9.43461 12.39678 7.3683 29.04144
1.92467 9.58999 12.45195 7.27101 28.83194
1.5848 9.78522 12.68054 6.80911 29.17734
1.82249 9.4615 12.85179 6.79794 29.13118
1.8738 9.68381 12.9855 6.87166 28.66157
1.93966 9.81213 12.23559 6.95881 29.08391
1.93827 9.48923 12.82838 6.78389 28.99757
2.00169 9.41403 12.97548 6.689 28.95438
1.82348 9.47546 12.82932 6.99857 28.91191
1.9665 9.74198 11.83887 6.97303 29.5117
1.93539 9.67968 12.3068 6.81411 29.28693
1.6554 9.75923 12.52044 6.88471 29.20668
1.88401 9.76162 12.52203 7.16581 28.71343
1.81197 9.61483 12.3828 7.55208 28.68203
1.74253 9.86963 12.30339 7.024 29.0975
1.87055 9.91701 12.52707 7.19193 28.56864
1.82163 9.55687 12.24088 7.0756 29.34317
1.79672 9.62539 12.21676 7.32568 29.08607
1.90745 9.43536 12.73135 7.17754 28.79677
1.91025 9.45696 12.27057 7.32233 29.07554
1.71618 10.00185 12.72403 7.34399 28.26799
1.77644 9.51267 12.41337 7.44027 28.88559
1.86562 9.60016 12.54179 7.23609 28.79503
1.82877 9.52012 12.51803 7.12446 29.03976
1.91669 9.79021 11.64134 7.16616 29.51803
1.97662 9.30406 12.66123 7.12793 28.98381
1.85996 9.67398 12.58906 7.32051 28.59509
1.62327 9.56326 12.60264 7.2931 28.95778
1.73621 9.62515 12.97594 7.50487 28.20886
1.81122 9.9452 11.86754 7.75183 28.6639
1.90786 9.9047 12.26289 7.89429 28.10024
2.0221 10.0068 11.90353 7.58908 28.53035
1.92158 9.39688 12.87204 7.24494 28.60955
1.76416 9.52621 12.59236 7.35468 28.8109
1.84357 9.61163 12.50916 7.24 28.85335
1.89234 9.61868 12.18289 7.61111 28.75728
1.86663 9.60036 12.61383 7.81567 28.20441
1.86653 9.64345 13.11586 7.06784 28.38065
1.86328 9.63808 12.85119 7.17904 28.54206
1.84987 9.5362 13.01366 7.12289 28.5624
1.6736 9.74006 12.93181 7.55632 28.22642
2.08505 10.01635 12.49037 7.2045 28.25768
1.74821 9.87613 13.07363 6.92298 28.44607
1.71617 10.14915 12.76207 7.32048 28.12897
1.84591 9.61697 12.55444 7.43237 28.61569
1.94961 9.80097 12.34187 7.44586 28.50589
1.81758 10.09168 11.86474 7.3449 28.92534
1.62993 9.864 12.03669 7.19387 29.31156
1.77111 9.70032 12.61349 6.77484 29.18126
1.75341 9.23604 13.07071 6.81573 29.20179
1.76395 9.63958 12.23609 7.01808 29.39434
1.68643 9.98534 12.36746 6.87719 29.13086
1.82192 10.16824 11.68336 7.33249 29.03206
1.836 9.96109 11.73491 7.03798 29.45384
1.7939 9.87331 12.08313 7.49901 28.78847
1.837 10.05626 11.25057 7.76962 29.11849
1.87051 9.84142 12.14507 7.48396 28.69563
1.5426 9.92407 12.15619 7.65426 28.75309
1.76419 10.15952 12.28633 7.44033 28.40145
1.81691 9.87383 12.6417 7.48736 28.25602
1.72073 9.74509 12.80341 7.34749 28.44223
1.65797 9.85401 12.76629 7.04991 28.72525
1.67678 9.43218 12.84955 6.87683 29.20146
1.67754 9.14171 13.07773 7.26423 28.88361
1.77128 9.50417 12.38249 7.20989 29.19337
1.76926 9.30459 12.3165 7.11173 29.56577
1.8983 9.20124 12.62176 7.2439 29.08912
1.72066 9.37413 12.72515 7.13471 29.09756
1.91621 9.37929 13.29357 6.86106 28.65648
1.89775 9.30573 12.99923 6.56526 29.28204
1.71258 9.85341 12.88965 7.04228 28.54799
1.63638 9.73452 13.1657 7.15922 28.37034
1.5962 9.81233 12.87493 7.19827 28.57265
1.86133 9.63483 12.50258 7.03791 29.01776
1.73668 9.83987 12.64104 7.37856 28.46364
1.7381 9.83351 12.02062 7.13727 29.31842
1.61267 9.93556 12.22145 6.99284 29.2864
1.80271 10.1568 11.85684 7.45309 28.78592
1.89449 9.79015 12.71167 7.34213 28.31998
1.82208 9.68676 12.84572 7.50143 28.20704
1.81117 9.5315 12.99922 7.54968 28.16833
1.81177 9.51789 13.25534 6.93497 28.56968
1.84812 9.62825 12.9289 7.31473 28.34348
1.85611 10.07169 12.40405 7.30427 28.47463
1.85907 9.94247 12.52597 7.31934 28.43842
1.74297 9.71707 12.5405 7.73856 28.3703
1.88211 9.31887 12.5723 7.73552 28.59705
1.85964 9.5914 12.90553 7.71723 28.02543
2.0618 10.12903 12.16412 7.49688 28.23799
1.95699 9.49686 12.47893 6.9779 29.14855
1.97419 9.89606 12.03414 7.12572 29.02668
1.91073 9.32986 12.0712 7.60656 29.12147
1.86302 9.48925 12.53441 7.37155 28.77215
1.86818 9.38167 12.63152 7.15171 29.00893
1.98045 9.48578 12.44368 7.29951 28.84668
1.95498 9.38131 12.06218 7.49165 29.1603
1.6738 9.76071 11.89885 7.69253 29.02665
1.76508 9.73004 12.55322 7.33297 28.66814
1.84081 9.47123 12.18502 7.0846 29.47284
1.7798 9.36976 12.475 7.22171 29.22751
1.90189 9.50736 13.22952 7.14982 28.32794
1.78089 9.31997 12.61217 6.96521 29.3908
1.60626 9.97669 12.55881 6.96139 28.95606
1.7525 9.8046 12.62422 7.11888 28.79684
1.76953 10.11519 12.83378 6.68885 28.73553
1.78911 9.86397 11.86929 6.82698 29.72405
1.71218 9.8281 12.56628 6.886 29.07873
1.74326 10.15009 12.66711 6.97733 28.58808
1.60656 10.20271 13.05697 7.12748 28.21468
1.83202 9.7961 12.92889 7.18068 28.3933
1.7991 9.68381 12.66069 7.2188 28.71
1.67648 10.43191 12.03219 7.41442 28.55017
1.70555 9.80248 12.39087 7.43383 28.70803
1.8469 10.03905 12.1204 7.34368 28.70515
1.9271 10.07668 12.52599 6.97572 28.5872
2.03052 9.47959 12.87125 7.00685 28.67397
1.80253 9.45911 12.6427 7.20812 28.96355
1.86692 9.16001 13.03245 7.72496 28.29937
1.78597 9.14131 12.71166 7.5251 28.90859
1.8755 9.5818 12.58584 7.15838 28.84732
1.89284 9.679 12.36795 7.434 28.68265
1.89121 9.82922 12.45854 7.50912 28.36837
1.94741 9.54333 12.45534 7.38477 28.71785
1.99215 9.66563 12.00044 7.205 29.16436
1.89036 9.35545 11.86013 7.19597 29.73067
1.93896 9.53345 13.12665 7.0287 28.44074
1.95672 9.23967 12.28048 7.44875 29.11332
1.83566 9.62951 12.33239 7.0645 29.17368
1.93905 9.48058 12.30824 7.5356 28.78573
1.89185 9.385 12.39582 7.52076 28.85984
1.75289 9.03683 12.55697 7.29541 29.39129
1.97013 9.68315 13.02857 7.13738 28.23648
2.01886 9.16612 12.96863 7.16934 28.74871
1.80685 9.01445 13.42295 7.10285 28.70061
1.66878 9.50012 12.68528 7.36267 28.82221
1.885 9.18397 12.45409 7.2326 29.2766
1.90668 9.26103 12.61296 7.02809 29.22688
1.67675 9.94343 12.1784 7.16509 29.07912
1.82717 9.78556 12.17276 7.27369 29.01402
1.80761 9.63147 12.32815 6.98652 29.2968
1.92599 9.86493 12.15057 6.77946 29.31338
1.87499 9.69614 12.68088 6.96348 28.83125
1.62943 9.73432 12.72952 7.34536 28.60143
1.92693 9.83236 12.24972 7.13161 28.9048
1.9087 10.08797 12.30113 7.33881 28.41258
1.80152 9.7208 12.49702 7.60907 28.42105
2.00092 9.81509 12.64252 7.10879 28.49538
1.90157 9.79135 12.86698 7.08729 28.42149
1.91707 9.55375 12.64982 6.97239 28.98642
1.86868 9.62047 13.1572 6.63665 28.77406
1.93432 9.53828 13.14604 6.76046 28.67718
1.78163 9.65658 12.69464 6.94758 28.97361
1.73104 9.81928 12.28354 6.90943 29.28803
1.84204 9.23394 12.079 7.17745 29.70375
1.60678 9.70762 12.66525 6.99555 29.05812
1.8455 9.86289 12.20451 6.97885 29.13096
1.8721 9.45469 12.65218 6.81813 29.23003
1.79838 9.433 12.63134 7.0336 29.12699
1.85989 9.3324 13.35428 6.89723 28.59554
1.77315 9.47663 12.68334 7.00605 29.08313
1.85016 9.39173 12.24008 7.01749 29.53103
1.93132 9.56464 12.30061 7.63445 28.61488
2.03909 9.73465 11.78846 7.23494 29.23782
1.80542 10.0647 11.84456 7.64451 28.69958
1.77776 10.12853 12.10887 7.36238 28.7035
1.77168 9.81854 13.0321 7.51849 27.95471
1.8868 10.02855 12.29641 6.94499 28.89513
2.01513 9.61762 13.04259 6.88862 28.54164
1.89828 9.46179 13.10744 7.02899 28.56998
1.72635 9.43947 12.90621 7.11931 28.88888
1.83416 9.85519 11.90683 7.00652 29.47796
1.89335 10.0455 12.54864 7.06956 28.50913
1.89488 9.75889 12.15173 7.26676 28.95184
1.76074 9.97297 12.14638 7.69291 28.46267
1.89127 9.94717 12.22173 7.04034 28.9427
1.95795 9.60891 12.89493 7.50869 28.10113
1.85338 9.33989 12.5533 7.56084 28.75037
1.81442 9.23597 12.79262 7.45095 28.75737
1.97212 9.48963 12.17894 7.30705 29.09701
1.93168 9.64918 11.55883 7.74071 29.14348
1.86584 9.26209 12.85387 7.54241 28.51167
2.05067 9.01044 13.75881 6.98763 28.275
2.1121 9.24163 13.28036 6.90938 28.5109
1.84642 8.95032 13.3796 6.71083 29.159
2.05471 9.69752 12.35777 7.02348 28.92072
2.05736 9.95854 12.33648 7.20607 28.50683
1.81632 9.49049 12.2837 7.16155 29.28248
1.83412 9.79455 11.98934 7.52564 28.90037
1.80289 9.90867 12.44477 7.26781 28.60815
1.92648 9.78177 12.34307 7.29244 28.70998
1.84539 9.39548 13.52558 6.63109 28.65466
1.75684 9.93263 13.06222 7.50607 27.81801
1.83746 9.9127 12.17971 7.59943 28.50855
1.72092 9.66885 12.73788 7.41651 28.48762
1.78658 10.04295 12.54598 7.14895 28.52622
1.82624 9.56318 12.63633 7.34381 28.74597
1.70023 9.81283 12.40683 7.46062 28.66788
1.69729 9.94022 11.90409 7.58063 28.92742
1.86541 9.57682 11.95946 7.68457 28.95501
1.62156 10.05261 12.08699 7.29945 28.98371
1.56653 9.79211 12.0658 7.32242 29.2828
1.64378 9.2476 12.74818 7.49465 28.91499
1.76607 9.81759 12.65842 7.05168 28.75231
1.46885 10.09075 13.72183 7.35145 27.50467
1.72145 9.7265 12.76079 7.6182 28.2848
1.58693 9.70162 12.58773 7.46078 28.74314
1.66757 10.02045 12.69785 7.28556 28.39594
1.72069 10.05775 12.26198 7.66462 28.33616
1.65069 9.79512 11.79986 7.60675 29.19254
1.93284 9.2619 12.59821 7.56044 28.69299
2.10266 9.49266 12.13632 7.03009 29.28161
1.95498 9.51425 12.38335 6.60348 29.58949
2.02751 9.65242 12.46481 7.11471 28.81173
1.83699 9.80227 12.37382 7.16091 28.87951
1.87099 9.59957 11.90139 7.42137 29.26095
1.63733 9.45735 12.74551 6.88406 29.30837
1.62087 9.55903 12.67665 6.62272 29.55093
1.68463 9.4867 12.73526 7.18833 28.93864
1.72554 9.44145 12.50103 7.43311 28.93413
1.79274 9.68954 12.89557 7.03681 28.62052
1.73648 9.70363 13.15344 6.8607 28.57714
1.86271 9.30464 13.27607 7.11762 28.51022
1.59399 9.39013 13.07608 7.34119 28.67714
1.77774 9.44967 13.22438 7.11062 28.55736
2.12903 9.87031 12.41487 6.9476 28.69786
1.94983 9.38175 12.88364 7.04942 28.82063
1.84579 9.34696 12.98122 7.1854 28.7363
1.92934 9.44249 12.90102 7.11937 28.67955
1.80538 9.75599 13.26615 6.75583 28.46152
1.96935 10.11279 12.76239 6.68075 28.54365
1.84411 10.10977 12.98077 6.51991 28.63533
1.83803 9.66476 13.07393 6.61806 28.86684
1.80083 9.64867 12.92556 6.66463 29.0231
1.81922 9.64557 12.70791 6.72045 29.14475
1.97928 9.40391 12.88771 6.714 29.05486
1.77615 9.39716 13.06763 6.83208 28.9815
1.89081 9.46011 12.75593 7.00828 28.94894
2.02169 9.40251 12.62586 7.15375 28.87889
1.8825 9.30252 13.10483 7.20165 28.59444
1.93163 9.53673 13.56557 7.16506 27.91549
1.81085 9.88193 12.55515 7.00874 28.7977
1.89569 9.94537 12.30987 7.19754 28.72168
1.96287 9.65798 12.47895 7.22395 28.76318
1.88762 9.77217 11.97969 7.48323 28.91563
1.8649 9.24214 13.14367 7.37528 28.41978
1.95477 9.58567 12.66925 7.58153 28.26301
1.79201 9.53088 13.17935 7.26633 28.30356
1.86939 9.69949 12.4766 7.39903 28.61578
1.91404 9.84887 12.16828 7.56619 28.54317
1.9607 9.8849 11.79752 7.37525 29.03849
1.77603 9.46719 12.74345 7.351 28.75643
1.89804 9.60894 12.6804 7.6135 28.32666
1.82558 9.72492 12.65079 7.32744 28.53496
1.77888 9.48907 12.40531 7.18307 29.21077
1.8841 9.53233 12.97798 6.72791 28.95975
1.77446 9.87812 11.83686 7.63469 28.93738
2.03659 10.25007 11.68287 7.36222 28.69904
1.93511 10.14096 12.54029 6.89698 28.52112
1.88513 9.98508 12.20637 7.18028 28.77252
1.89272 9.59519 13.49872 6.93345 28.15857
1.8603 9.54746 13.44455 6.87598 28.3411
1.75088 9.59942 12.96636 6.95466 28.796
1.77352 9.4956 12.3933 6.97337 29.4152
1.99643 9.9315 12.12884 7.25156 28.75328
1.73191 9.84579 12.69105 7.35458 28.44175
1.90663 9.4359 12.39649 7.52578 28.80102
1.74499 9.96708 12.76055 7.07179 28.52404
2.10023 9.78259 12.64671 7.3037 28.23787
1.8413 9.68467 12.71923 7.06787 28.74865
1.91632 9.25621 13.087 6.94591 28.85122
1.72418 9.90504 13.17405 6.94714 28.33034
1.73821 9.32416 12.74225 7.05928 29.18733
1.75411 9.46788 12.27764 7.08557 29.47731
1.8911 9.64099 12.51642 7.42385 28.58901
1.83502 9.42003 12.3284 7.50344 28.9704
1.56988 10.33577 12.18288 7.17269 28.79821
1.71626 9.89086 12.2439 7.03846 29.13938
1.48945 9.65655 13.02516 6.8338 29.03731
1.65205 9.28501 13.08203 6.9326 29.07702
1.87578 9.02343 13.14306 7.06042 28.93641
1.99048 9.40939 12.40896 7.06807 29.15412
2.01157 9.68857 12.62995 6.98309 28.72371
1.75964 9.69717 12.6326 7.24515 28.71872
2.05167 9.25991 13.03879 6.97945 28.72396
2.03977 9.37206 13.20342 6.99548 28.43627
2.03027 9.4044 12.72551 6.83153 29.04243
1.7145 9.95224 13.25107 6.51277 28.60506
1.84815 9.89606 13.06534 6.98744 28.27722
1.90657 9.96714 12.41934 6.90992 28.84044
1.91427 10.406 11.95802 6.96297 28.80227
1.90628 10.29728 12.4733 6.73484 28.65359
1.63418 9.51924 13.05256 7.07376 28.7739
1.81592 9.72574 12.51063 7.28751 28.71689
1.79313 9.98303 12.16127 7.49057 28.62318
1.81864 9.61899 12.48926 7.51729 28.61486
1.9069 9.63399 12.0065 7.54085 28.96422
1.77043 9.95224 11.66601 8.13133 28.52829
1.73418 9.79662 11.60836 8.15044 28.74947
1.72122 10.23062 11.29165 8.02639 28.75851
1.86898 9.89225 11.98468 7.6256 28.65055
1.87403 9.88413 11.89499 7.60487 28.78117
1.87229 9.56591 12.30612 7.46773 28.83024
1.79594 9.40247 12.91088 6.8716 29.04513
1.75703 9.41698 13.19391 6.7515 28.93905
1.84989 10.00667 12.41106 7.15574 28.60423
2.01038 10.06505 12.46646 6.9862 28.50756
1.95265 10.08966 12.41115 7.22264 28.35665
1.99845 9.86672 12.27933 7.29037 28.61674
1.88468 9.51536 12.68371 7.0786 28.88505
1.91423 10.1154 12.06189 7.06533 28.88576
1.77546 9.73486 12.08852 7.04294 29.38643
1.84825 10.13855 11.60325 7.35993 29.08779
2.12404 9.53778 12.49861 6.87422 29.00317
1.87508 9.99491 11.67086 7.06861 29.41618
2.0196 9.58105 12.81303 6.74173 28.90994
2.01034 9.43386 12.94595 6.98041 28.67162
1.73201 9.69924 12.93169 7.03746 28.64305
1.98031 9.6655 12.87639 7.23071 28.30172
1.93856 9.65078 12.13895 7.4879 28.81444
1.90229 10.06504 12.48563 7.34124 28.25742
1.85064 10.07148 12.73588 7.13049 28.30366
1.91004 9.69162 12.64425 7.07489 28.73812
2.05923 9.58267 12.37636 7.38843 28.65251
1.88915 9.51472 12.77003 7.16417 28.70193
1.82544 9.61654 13.09537 7.13255 28.37407
1.80564 9.9382 12.57808 6.85424 28.8588
1.73571 10.12246 12.40183 7.12944 28.66737
1.90595 9.83258 12.61962 7.17099 28.52735
1.7747 9.20729 13.13271 7.4504 28.4805
1.59922 9.34177 12.7857 7.17649 29.12841
1.71349 9.38354 13.10013 7.08753 28.75194
1.66632 9.5095 12.92767 7.18573 28.76363
1.74316 9.60957 13.26401 7.12196 28.4117
1.81577 10.04959 12.67609 6.97761 28.56532
1.85081 9.79551 12.41629 6.98977 29.01906
2.13997 9.52546 12.39888 7.238 28.739
2.10385 10.18662 12.60545 7.13762 28.00593
1.89282 9.92933 12.52306 7.39583 28.29837
1.85356 9.45824 13.15818 7.37171 28.2011
1.98442 9.67385 12.81606 6.9448 28.62586
1.93836 9.34698 13.14886 6.71344 28.88252
2.12321 8.90364 13.38312 6.8337 28.79674
1.92507 9.09193 12.8272 7.02805 29.16661
2.14902 8.94348 12.87555 6.64088 29.44507
2.11395 8.83342 13.53561 6.58536 29.02886
2.03615 9.18591 13.04099 6.74448 29.06702
1.99846 9.38732 12.81708 6.99646 28.85163
2.01266 9.2131 13.30706 6.64166 28.86488
1.97266 9.45005 13.12632 6.54031 28.95197
1.88682 10.15937 12.61985 6.7084 28.66339
1.89977 10.00847 12.8203 6.65686 28.66172
1.8781 9.75022 12.30592 6.8787 29.21623
1.82265 9.89908 12.82692 6.60424 28.8908
1.89171 9.57277 12.51682 7.04732 29.01602
1.88347 9.53552 12.82191 6.89041 28.90352
1.98002 9.85692 12.19303 7.17654 28.82391
1.87583 9.92422 12.4595 7.3113 28.49478
1.7276 9.88473 12.25147 7.47807 28.74281
1.81079 9.76489 12.47759 7.1278 28.86201
1.72743 9.75479 12.47905 7.24 28.88169
1.7405 9.61932 12.00248 7.51861 29.17457
1.81008 10.01551 12.22488 7.15924 28.83243
1.76397 9.62544 12.50249 7.07438 29.06994
1.91384 9.52966 12.83703 6.82434 28.93033
1.66006 9.84985 12.22513 7.23532 29.07034
1.63006 9.39828 12.50082 7.13017 29.36991
1.63264 9.77721 12.595 7.05629 28.97309
1.73626 9.66693 12.63921 7.16447 28.83429
1.78875 9.55753 12.71252 6.76084 29.22197
1.65945 9.88899 12.21202 7.13867 29.17443
1.81294 9.77779 12.47718 7.13185 28.8522
1.85852 9.69713 12.06434 7.22082 29.19106
2.01165 9.50053 12.77388 6.76983 29.01498
1.8244 9.50263 13.1476 6.87524 28.69594
1.96812 9.89094 12.60455 6.78491 28.79317
1.77753 9.93926 13.55246 6.72194 28.08952
1.82565 9.89818 13.14857 6.82219 28.3805
1.93377 9.48969 13.87507 6.43672 28.36452
1.92973 10.07399 12.74463 6.52524 28.80656
1.6523 9.93458 13.14045 6.80427 28.5168
2.01455 9.45916 13.9745 6.56759 28.06062
1.66506 9.56856 13.028 6.99235 28.79591
1.87501 9.95426 12.8732 6.98504 28.38459
1.67095 9.52145 13.39969 7.24378 28.21304
1.87528 9.73023 12.59106 6.87519 28.96786
1.91786 9.46932 12.89618 6.97098 28.78187
2.11463 9.49881 12.76346 6.91839 28.73452
1.83667 9.44212 14.0414 6.57364 28.17324
1.70413 9.40916 13.14756 6.45565 29.34677
1.89688 9.56528 12.70528 6.88461 28.98955
1.924 9.76991 12.04249 7.22683 29.06862
1.67353 8.88038 13.60556 6.90527 28.96408
1.94413 9.61463 12.42803 7.05601 28.98393
1.64861 9.49055 12.65117 7.08227 29.16646
1.81764 9.66715 12.60378 7.12571 28.821
1.99164 9.22228 12.39067 7.07103 29.36423
1.94558 9.4694 11.8519 7.32669 29.45295
1.91624 9.69868 12.51472 7.08019 28.85841
1.72791 9.47498 13.05158 7.20346 28.64873
1.69906 9.5474 12.63948 7.15828 29.01655
1.71848 9.65339 12.83914 7.13524 28.7237
1.71096 9.44686 12.63643 6.8612 29.36871
1.74364 9.92423 11.95968 7.05593 29.35632
1.86436 9.72583 12.22449 6.96846 29.26562
1.80596 9.67284 11.98539 7.0068 29.56177
1.81293 9.94684 11.9614 7.32245 28.99381
1.68054 9.91921 11.8035 7.18706 29.44053
1.68748 10.60648 12.06057 6.70817 29.01117
1.73116 9.78959 12.03507 6.81696 29.69863
1.76868 9.56773 12.54218 6.94726 29.23414
1.82316 9.97429 12.66284 7.15831 28.45358
1.82868 9.39968 12.57749 7.02546 29.22875
1.80304 9.32059 12.8426 7.11988 29.00779
1.80423 9.96609 11.9923 6.99188 29.30012
1.83136 9.38552 12.73636 7.15099 28.9677
1.79475 9.27031 12.83055 6.77315 29.41811
1.68357 9.95567 12.39174 7.20553 28.80319
1.7067 9.66877 12.6662 6.91939 29.0718
1.94408 9.78011 12.49514 6.9942 28.82666
1.75243 9.39061 13.00981 6.82126 29.06175
1.92258 9.34708 13.02806 6.7994 28.93688
1.75581 9.36006 12.68388 7.30219 28.95138
2.03304 9.4119 12.14294 7.18607 29.27071
2.0817 9.33243 12.53334 6.73521 29.35736
1.88598 9.92974 12.07126 7.44595 28.7056
1.75279 9.67367 13.01547 6.99194 28.62784
1.76301 9.69461 12.46503 6.93796 29.16563
1.716 9.20305 12.55705 6.71647 29.82874
1.79374 9.47817 12.42201 6.80714 29.52478
1.64857 9.46286 12.6312 6.59721 29.70611
1.8244 9.43677 12.6959 6.96627 29.12827
1.69121 9.25788 12.42729 6.7734 29.88219
1.7268 9.82291 12.43222 6.91939 29.13614
1.80715 9.96046 12.26336 6.94238 29.07389
1.79118 10.34932 11.7726 6.81452 29.29532
1.77914 10.14255 11.69104 6.90189 29.51049
1.82789 9.78448 12.1031 6.89531 29.42229
1.75088 9.2615 13.09104 7.4579 28.48224
1.70956 9.4378 12.64666 7.27626 28.96717
1.64919 9.75461 12.58631 7.1404 28.93453
1.76809 9.57093 12.60465 7.15469 28.98846
1.89093 9.9326 12.24666 6.97203 28.99973
1.73917 9.96382 12.81339 6.98856 28.55647
1.67883 10.18433 12.62979 6.94381 28.60801
1.76161 9.82951 12.72882 7.06868 28.65158
1.6222 9.99993 12.44874 6.95697 29.01154
1.89699 9.44328 12.75863 6.63186 29.2988
1.77687 9.83848 12.22529 7.04765 29.14857
1.76571 9.73254 12.88775 6.98215 28.68633
1.76523 9.63509 12.29125 6.88988 29.44123
1.5759 9.54933 12.52765 6.92054 29.45552
1.74421 9.56226 12.50756 6.7666 29.4468
1.78071 9.40813 12.98465 7.00309 28.86938
1.66559 9.49728 12.66578 6.82115 29.39777
1.66237 9.56644 12.87945 6.97213 28.96766
1.93006 9.44366 12.525 7.63436 28.52268
1.8165 9.69846 12.59923 6.96223 28.96236
1.86591 9.5812 12.4609 6.94255 29.17913
1.9893 9.62571 13.06482 6.83263 28.55412
1.77354 9.66939 13.03132 6.8876 28.68831
1.76554 9.87743 12.53748 7.45026 28.43994
1.87811 9.65857 12.23272 7.05441 29.22182
1.7983 10.02653 12.20339 7.16041 28.87449
2.04783 9.59315 12.34083 6.80393 29.25
1.88027 9.88967 12.69274 7.16723 28.43583
2.06486 9.93387 11.92934 7.11868 28.99538
1.72353 9.45123 12.2996 6.99029 29.56596
2.02545 9.4089 12.85944 6.89157 28.91093
1.84363 9.67945 12.59871 7.18604 28.77129
1.6557 9.74594 12.2975 6.80883 29.53386
1.8212 9.44893 13.28967 6.48079 29.01951
1.94762 9.79571 13.0053 6.71857 28.6043
1.83566 9.43088 13.4064 6.55922 28.82974
1.74225 9.45715 13.64421 6.57279 28.64635
1.7861 9.72296 12.6669 7.12257 28.74314
1.72306 9.47549 13.15831 7.10197 28.59524
1.9665 9.63572 12.79863 6.99173 28.66392
2.10571 9.62045 12.7403 7.18186 28.40002
1.9113 9.87873 12.85179 7.28724 28.13166
1.98103 9.99319 12.08494 7.74194 28.23849
1.86986 9.99113 12.23091 7.19553 28.75732
2.01779 10.09993 11.75348 7.23845 28.9205
1.88647 10.0486 12.65551 7.3109 28.16141
1.91691 9.40811 12.77203 7.54999 28.40803
1.97133 9.99337 11.98267 7.40293 28.71045
1.87465 9.70695 12.05326 7.44617 28.95746
1.91535 9.28013 11.99083 6.98643 29.85024
1.95455 9.49687 12.17559 6.76467 29.62751
1.80671 9.03092 12.31987 6.9614 29.89651
1.86788 9.04725 12.50876 7.11448 29.48074
1.81126 9.64978 11.9148 7.3188 29.3327
1.93671 9.7405 12.28305 7.52373 28.57564
1.84288 9.79033 12.80179 7.22452 28.40786
1.71158 9.87253 12.48109 7.21634 28.78706
1.69598 10.08958 12.12667 7.24679 28.9192
1.86263 9.70881 12.38892 7.17487 28.92731
2.0237 9.63667 12.39405 7.5383 28.44373
2.1209 9.57373 12.67077 7.61525 28.11078
2.03989 9.18374 13.09635 7.56898 28.18198
1.87952 9.72431 13.23983 7.41826 27.81681
2.03137 9.90589 12.25369 7.39046 28.4644
2.01748 9.78969 13.05653 7.17129 28.03056
2.00261 9.53637 12.45611 7.34375 28.73196
1.81484 9.14203 12.9873 7.29966 28.81942
1.81869 9.48748 12.00965 7.7276 29.02209
1.76026 9.04552 12.40791 7.48098 29.36082
1.83264 9.44112 12.73412 7.17001 28.88732
1.7847 9.65317 12.7403 7.18117 28.68673
1.77566 9.81287 13.10655 7.02231 28.35781
2.05674 9.76457 12.00198 7.22698 28.99202
1.91383 9.89794 12.39316 7.08909 28.75073
1.99744 9.55044 12.93244 7.23569 28.36036
1.7639 9.45404 13.87952 6.99933 27.99829
1.93565 9.71041 13.4631 7.06937 27.9079
1.81683 9.58271 13.25105 6.74648 28.64949
1.9643 9.87805 12.47519 7.06489 28.66339
1.84924 9.78913 12.06482 7.47404 28.86183
1.89713 9.12692 12.80155 7.20974 29.00366
1.8895 9.23267 13.76977 7.19653 27.96295
2.01069 8.97099 13.63571 7.05724 28.36581
1.97077 9.55209 13.09494 7.09895 28.34008
1.96519 10.12401 11.94396 7.35252 28.66029
1.91971 9.94084 11.75809 6.91028 29.49847
1.93523 9.60962 12.47759 6.93881 29.08959
1.9897 9.62218 12.15806 7.12105 29.16175
1.64121 9.60323 12.71674 7.08808 28.98398
1.74709 9.53055 12.79378 6.97479 28.99548
1.82794 9.65957 12.8389 6.95185 28.76432
1.75154 9.45968 12.35045 7.31038 29.18042
1.99882 9.551 13.02906 6.81633 28.64717
1.95557 9.76925 12.4604 6.86329 28.98039
2.08491 9.26039 12.53485 6.68012 29.47365
2.00754 9.32402 13.18701 6.73875 28.79952
1.8436 9.48577 12.13095 6.89995 29.68382
1.84982 9.07314 13.44352 6.64544 29.10389
1.80555 9.57183 12.47694 6.62766 29.59176
1.75011 9.43488 13.28493 6.73879 28.86781
1.78171 9.98995 12.68436 6.7857 28.84078
1.77223 9.31182 12.97052 6.57364 29.41858
1.76543 9.36294 12.67478 7.00623 29.25735
1.6135 9.76709 12.30473 7.45127 28.93884
1.69643 9.57159 12.77025 7.26623 28.76887
1.85321 9.60504 12.79972 6.93808 28.88
1.71989 10.04521 12.2369 7.0822 28.96575
1.77254 9.71935 12.38513 6.95426 29.20688
1.97529 9.68217 13.03021 6.8422 28.53857
1.86761 9.61404 12.58942 7.15432 28.84095
1.76161 9.43843 12.31979 7.21402 29.29748
1.67499 9.41137 12.32388 7.24834 29.37325
1.84098 9.40106 12.62112 7.16905 29.03182
1.78212 8.92351 13.37451 6.84782 29.11848
1.68059 9.62331 12.24417 6.98118 29.50551
1.6887 9.74148 11.5176 7.28673 29.79008
2.02457 9.76017 12.32985 7.21845 28.73451
1.86117 9.68204 12.5856 6.95909 28.97136
1.95761 9.87915 12.39258 6.78336 29.04252
1.67806 9.73334 12.66114 6.71584 29.24002
1.86278 10.00784 12.17358 6.62705 29.35567
1.78071 10.08206 12.11819 6.82629 29.2289
1.8351 9.59124 12.24554 6.80819 29.56043
1.74338 9.64492 12.63585 6.90506 29.14152
1.86532 9.80384 12.45897 6.96134 29.00082
2.09296 9.68171 12.28331 6.98045 29.05726
1.86234 9.50486 12.81496 7.10136 28.77056
1.95988 9.7618 12.93152 7.14863 28.27005
1.92646 9.5175 12.55076 7.02701 29.01925
1.96663 9.18588 12.5269 6.93827 29.42809
1.78045 9.63503 12.86964 7.1032 28.68104
2.03125 9.3634 12.32346 7.25283 29.05928
2.16362 9.56565 12.19094 7.25326 28.8682
1.84869 9.88373 12.35056 7.07953 28.85839
1.81189 9.54109 12.54236 6.9541 29.17056
2.02723 9.71011 12.59247 7.25227 28.45225
1.84683 9.92205 12.01408 7.48433 28.76817
2.04229 9.65584 12.10328 7.64856 28.60113
1.71751 9.59451 13.0304 7.11907 28.58725
1.74831 10.03703 12.87841 6.88077 28.49805
1.93212 9.95671 12.27695 6.76023 29.12553
1.76721 10.20262 11.84367 7.04582 29.2317
1.71689 9.66777 12.85143 7.22693 28.65018
1.74402 9.67013 13.18654 7.30585 28.15958
1.84291 9.69571 12.19152 7.08279 29.22272
1.89336 9.37253 13.14222 6.71475 28.93163
1.72308 9.99438 12.80587 6.71218 28.80933
1.87865 10.06498 13.24794 6.55143 28.32563
1.65092 10.0388 12.23862 6.65038 29.45203
1.60817 9.77968 12.3248 7.0591 29.27344
1.78281 9.84826 11.68234 7.18145 29.52765
1.72537 9.32413 12.74104 7.30918 28.93109
1.90761 9.3721 12.60438 7.00631 29.1523
1.7032 9.54639 12.5111 7.11804 29.1519
1.60617 9.53987 12.21552 7.40797 29.26742
1.65643 9.90796 12.11862 7.6887 28.68099
1.64955 9.8416 12.29747 7.07077 29.19074
1.70669 9.60345 12.95835 7.02284 28.77196
1.62628 9.44394 13.64204 6.93975 28.41816
1.79383 9.9127 12.68119 7.11815 28.56913
1.63756 9.69029 13.11079 7.32373 28.3116
1.59175 9.86572 13.36538 7.33113 27.94643
1.72833 10.26251 12.41849 7.28273 28.36556
1.96244 9.54029 12.97186 7.34355 28.24174
1.74496 9.75931 13.03581 6.81423 28.72399
1.87335 9.28017 13.3104 7.01697 28.60554
1.88719 9.32189 13.0458 6.81566 28.97165
1.91351 9.26411 12.81661 6.99575 29.05726
1.78878 9.53285 12.94792 6.65948 29.11743
1.69792 9.73064 12.66663 7.30339 28.63389
1.63066 9.50707 13.01657 6.94145 28.92954
1.40075 10.04124 12.75922 7.03107 28.79996
1.58201 9.98548 12.75334 7.22208 28.51032
1.69992 9.73225 12.97571 7.308 28.34708
1.694 9.71511 12.45502 7.45184 28.7314
1.67555 10.0097 12.97882 7.20057 28.1933
1.4623 9.87498 12.76474 7.46679 28.47858
1.58251 9.80181 12.66761 7.38601 28.5955
1.53927 10.45134 12.10517 7.359 28.59681
1.61101 9.88609 12.42566 7.71705 28.44183
1.71322 9.7291 12.08578 7.62008 28.89814
1.55123 9.78877 11.96817 7.67945 29.05271
1.75158 9.96794 12.3168 7.70876 28.31235
1.63997 9.84683 12.38906 8.02805 28.14378
1.90922 9.94049 11.87894 7.95279 28.3599
1.72264 10.06076 12.54059 7.54855 28.17214
1.67553 9.42407 12.84189 7.36762 28.74288
1.72015 9.63351 12.73789 7.45791 28.51884
1.79308 9.8022 12.11022 7.14307 29.19435
1.60988 9.69725 12.35528 7.2326 29.14889
1.84762 10.19094 12.39348 7.25645 28.36721
1.7748 10.11429 12.6183 7.04066 28.50094
1.70157 9.98463 12.54342 7.23715 28.5766
1.70354 9.70791 12.14232 7.51033 28.98642
1.61628 10.13805 12.45159 7.19043 28.70167
1.70659 10.06969 12.38605 7.28251 28.62113
1.80932 10.22405 12.00074 7.2632 28.75244
2.02316 9.01387 12.91058 7.08407 29.02969
1.71392 9.4815 13.18429 6.8212 28.85487
1.9167 10.0776 12.71661 7.11719 28.2248
1.6624 9.9532 12.69032 7.04754 28.67724
1.95624 10.15543 12.72269 6.89687 28.32696
1.78451 10.35738 11.92984 7.1851 28.81457
1.79335 10.02267 11.92406 7.35999 28.95381
1.84166 9.71055 12.96537 6.92039 28.63897
1.86693 10.15211 12.10216 7.14665 28.78496
1.81179 10.32283 11.92919 7.27447 28.71775
1.69646 9.74301 12.80289 6.86154 28.92672
1.82502 9.53329 12.74054 6.89435 29.04525
1.75097 9.74115 12.86428 7.2797 28.40704
1.91314 9.3085 13.29696 7.35141 28.21311
1.88768 9.90541 12.78381 6.92186 28.57945
1.8955 9.53375 12.70992 7.14704 28.77568
1.76342 9.85206 12.35849 7.01673 29.06212
1.82023 9.40773 12.13967 7.25254 29.43005
1.78765 9.35745 12.74178 7.39256 28.77881
1.89397 9.68476 12.79788 7.21328 28.46572
1.67305 9.96862 12.69495 7.37218 28.373
1.86043 9.26404 12.20083 6.95384 29.76752
1.78122 9.70835 11.7155 7.23943 29.59022
2.00754 9.36949 11.6948 7.66406 29.33087
1.93683 9.91722 11.77903 7.20186 29.22314
1.72426 9.23937 13.21821 6.92971 28.94483
1.88483 9.27064 12.32966 7.50925 29.06711
1.73133 9.5349 12.42495 7.52192 28.86005
1.89456 9.53239 12.71921 7.73343 28.22615
1.92069 9.37272 12.46918 7.71069 28.59355
1.9417 9.728 12.02859 7.53263 28.82066
1.84302 9.4837 13.3608 7.31628 28.07801
2.07823 9.45297 13.06963 6.99332 28.48771
1.99578 9.44223 12.7389 7.56485 28.35544
1.71322 9.36273 12.43468 7.6888 28.85578
1.93788 9.88739 12.13795 7.81535 28.29184
2.12262 10.0457 12.06986 7.75352 28.07401
2.07567 9.38864 12.80491 8.05962 27.74716
1.92858 9.48354 12.69054 7.75652 28.19114
1.70657 9.27889 13.41988 7.59139 28.06146
1.72868 9.84144 12.84854 7.49324 28.15209
1.7051 9.50931 13.13459 7.35515 28.36172
1.76885 9.65057 12.15914 7.56494 28.90675
1.55131 9.6602 12.10357 7.81039 28.9388
1.77225 9.73741 12.51672 7.3941 28.63519
1.72529 9.97591 11.95913 7.72467 28.67133
1.87801 9.68365 12.506 7.13776 28.84406
1.89711 9.847 12.41136 7.67697 28.22012
1.75 9.77097 11.96957 8.23618 28.31276
1.84117 9.56835 12.16177 7.65746 28.82016
1.90149 9.30645 12.92898 7.72382 28.19053
2.01731 9.55705 13.06753 7.26798 28.15554
2.00989 9.80188 12.6513 7.40291 28.204
1.81703 10.0915 12.25316 7.56139 28.32972
1.8729 10.0487 11.94168 7.53378 28.66589
1.79854 10.16868 12.60065 7.36239 28.13151
1.84662 9.64361 12.31045 7.5126 28.77013
1.67368 9.9233 12.21193 7.2805 28.98095
1.69146 9.78068 12.6701 7.5757 28.36698
1.80453 9.79302 12.04231 7.72561 28.70154
1.92473 9.75724 12.27648 7.6223 28.47673
1.77135 9.57355 12.80243 7.66938 28.22957
1.96699 9.72525 12.99577 7.63844 27.75722
1.98006 9.67699 12.62502 7.54212 28.24071
1.76679 9.84088 12.17517 7.76563 28.51463
1.96248 9.86512 11.84907 7.82497 28.55465
1.98584 9.81444 12.16844 7.24111 28.84199
1.8827 9.65712 12.68774 7.03538 28.78292
1.79217 9.97115 12.7876 7.66307 27.84011
1.75024 9.31249 12.9261 7.41715 28.63466
1.76874 9.50522 12.66542 7.56766 28.53485
1.82094 9.24232 12.06007 7.75964 29.1491
1.82123 9.90194 12.05179 7.28605 28.96463
1.91828 9.79008 11.76148 7.23481 29.32826
1.97324 9.25744 12.86613 7.16029 28.78919
1.91094 9.34569 12.99324 7.02934 28.76495
1.89481 9.77204 12.76953 6.90825 28.70741
1.67276 9.54843 13.15273 7.05494 28.64065
2.08552 9.97938 12.96261 7.03228 28.01838
1.86072 10.16095 12.39384 7.27941 28.3646
1.90363 9.87406 12.75287 7.64167 27.89133
1.79428 10.23279 12.74897 6.82327 28.46012
1.60207 10.08623 13.05001 6.71704 28.58765
1.71437 9.67467 13.12956 6.74119 28.78531
1.74454 9.24306 13.3851 6.94334 28.78283
1.84852 9.22761 13.95756 6.9086 28.16273
1.78171 9.73411 12.85186 7.22398 28.45648
1.89998 10.23295 12.71944 7.08521 28.11645
1.86758 9.68328 12.81381 7.19125 28.50464
1.98257 9.65759 11.95568 7.00855 29.42959
1.75094 9.75609 12.68834 7.11753 28.72122
1.74625 9.75005 12.16822 7.15577 29.22216
1.79059 9.72862 11.98429 7.40136 29.11714
1.78839 9.54308 12.34693 7.21849 29.12698
1.6901 9.74219 12.32062 7.18986 29.1024
1.44919 9.67457 11.77828 7.93876 29.19659
1.61529 9.45769 12.62358 7.19972 29.16951
1.58332 9.45382 12.21497 7.68546 29.11915
1.69186 10.01748 12.394 7.6579 28.2838
1.72313 9.8109 12.78498 7.53774 28.18946
1.54133 9.68936 12.5763 7.45705 28.7823
1.62707 10.04363 12.3729 7.80032 28.21915
1.72094 10.01891 12.54589 7.43059 28.34851
1.74771 10.20278 12.63058 7.09586 28.36644
1.64453 10.3657 12.40848 7.24558 28.37379
1.69735 10.11067 12.18469 7.73316 28.31368
1.76289 10.14797 12.02362 7.4777 28.6333
1.61392 9.66752 12.39244 7.59096 28.77535
1.84843 9.71849 12.04383 7.66036 28.76004
1.79269 10.03287 12.20501 7.68076 28.32847
1.89754 9.59476 12.29409 7.53677 28.709
1.78942 9.72868 12.17266 7.52543 28.82671
1.68451 9.65869 12.52967 7.33697 28.83445
1.87586 9.98122 11.97706 8.02129 28.19439
1.7615 9.97587 11.95228 7.56559 28.80312
1.68661 9.54617 12.90851 7.47875 28.47583
1.85184 9.67434 12.41037 7.7178 28.41529
1.79654 10.25886 12.37102 7.46869 28.19152
1.78446 9.73492 12.13266 7.66018 28.76219
1.83774 9.69127 12.7414 7.62902 28.18583
1.61921 9.82256 13.11447 7.53444 28.01271
1.70472 9.88013 12.34722 7.59111 28.53921
1.64663 10.11273 12.81606 7.54492 27.9912
1.8531 10.15773 11.92284 7.62146 28.50843
1.82021 9.71725 12.17034 7.8867 28.47268
1.83468 9.66191 12.94225 7.44116 28.21954
1.82336 10.32616 12.20376 7.46298 28.28294
1.81275 9.50401 12.72165 7.53904 28.48283
1.77443 9.49665 12.23842 7.45832 29.06323
1.77773 10.07228 12.69873 7.28039 28.22308
1.7326 9.33851 12.72825 7.22016 29.00797
1.78062 9.34546 12.59195 7.34054 29.00498
1.8757 9.59647 13.06802 7.31105 28.33818
1.81077 9.47592 12.77541 7.263 28.73821
1.81711 9.3281 13.22807 7.03053 28.64537
1.70878 9.37853 12.88281 7.28597 28.80179
1.68314 9.41296 12.7801 7.18079 28.98675
1.73375 9.74133 12.59988 7.40422 28.55331
1.9843 9.87658 12.67471 7.20182 28.2954
1.90667 9.63235 12.47587 7.53056 28.4983
1.75559 9.53677 12.87736 7.18075 28.70416
1.67117 9.69716 12.36443 7.46028 28.8537
1.88069 9.23954 12.59718 7.29025 29.04508
1.70906 9.21811 12.52081 7.27954 29.30241
1.72351 9.42791 12.20064 7.36736 29.3224
1.61242 9.44848 12.31978 7.70068 28.9523
1.60512 9.94413 11.96218 7.95681 28.58371
1.65244 9.75975 12.32468 7.71795 28.584
1.48809 9.72009 11.84066 8.14642 28.85884
1.65115 10.2785 11.72956 7.76481 28.6264
1.5974 10.12429 11.49312 8.0969 28.73453
1.63952 9.82119 12.36179 7.52777 28.69013
1.7569 9.16762 12.71896 7.35246 29.03974
1.88771 9.72388 12.57662 7.49686 28.36093
1.83453 9.55049 12.4802 7.14249 29.02542
1.77643 9.45439 12.70862 7.53418 28.55652
1.88147 9.46849 12.36212 7.46696 28.85712
1.73573 9.42275 12.51728 7.2587 29.10359
1.85394 10.10375 12.22016 7.08361 28.7807
1.93165 9.60467 12.14807 7.14158 29.20101
1.91125 9.84885 11.90347 7.29947 29.08386
1.72248 10.23322 11.84587 7.25057 28.99
1.95956 10.00778 12.05802 7.38216 28.63038
1.79984 10.24419 12.61311 6.96066 28.43931
2.07141 9.84061 12.49603 6.99704 28.67705
1.83935 9.9296 12.72674 7.06024 28.54403
1.81795 9.83982 12.7141 7.02513 28.67174
2.01655 10.27761 11.9817 7.18698 28.5966
2.03749 9.56448 12.42485 7.23939 28.78376
2.18376 9.77781 12.05439 7.00511 29.01907
1.89858 9.44705 12.0864 7.47911 29.11989
1.73781 9.10986 12.48994 7.65019 29.05728
1.85927 9.66257 12.13403 7.44176 28.94518
1.94658 9.51717 13.00198 6.77195 28.79539
1.97606 9.05723 12.606 6.96888 29.41875
1.91504 9.06261 12.97162 7.11334 28.96685
1.58978 9.71728 12.26339 7.74156 28.73466
1.70816 9.60683 12.47618 7.54296 28.70616
1.78071 9.63157 12.17449 7.37134 29.07218
1.76675 9.22285 12.90384 7.20162 28.95778
1.83766 9.22254 12.75656 7.42301 28.81307
1.8247 9.29771 13.33135 7.11905 28.49928
1.80722 9.35868 13.05494 6.81371 29.00908
1.70016 9.45606 12.86211 6.85202 29.17401
1.85042 9.60363 12.46553 6.86612 29.24606
1.96495 9.36489 12.5182 7.10463 29.07347
1.888 9.41972 12.71738 6.92807 29.07893
2.00886 9.58407 12.31008 7.2705 28.87507
1.89864 9.48967 12.17897 7.19685 29.26062
1.79538 9.65541 11.79018 7.20679 29.57563
1.8487 9.73247 12.01375 7.37818 29.05414
1.89492 10.03646 12.11315 7.03628 28.95132
1.8924 9.70586 12.57955 7.23475 28.62824
1.81031 9.6045 12.56351 7.0804 28.98599
1.96266 9.61103 12.65314 7.22489 28.61784
1.8063 9.91002 12.4787 7.14843 28.70536
1.90457 9.68619 12.80159 7.00722 28.64515
1.78289 9.22127 12.58253 7.51824 28.9312
1.75838 9.32572 12.25215 7.68062 29.02368
1.77946 9.9394 12.10023 7.82391 28.40983
1.96577 9.6492 12.83442 7.09138 28.52773
1.8693 9.88131 12.89069 7.41575 28.02528
1.89505 9.56109 13.05515 7.27041 28.29595
1.88312 9.17598 13.62002 7.07671 28.29698
1.84578 9.39556 12.64918 7.45089 28.722
1.84952 9.95639 11.7781 7.87228 28.59451
1.76335 9.48066 12.95312 7.4463 28.40556
2.20183 9.60631 12.26748 7.1475 28.84633
1.80837 9.71324 12.19054 7.61968 28.74681
1.85432 9.38441 12.69468 7.23319 28.89238
2.0753 9.84047 12.7364 7.64592 27.78147
2.03593 9.13273 13.47201 7.59922 27.8127
2.02861 9.61556 13.31285 7.2718 27.8545
2.2211 9.29862 12.47282 7.2653 28.80356
1.84291 9.33764 13.06289 7.46067 28.35354
1.89352 9.69454 12.91774 7.56746 28.00146
1.89801 9.46821 13.30229 7.34025 28.06562
1.76242 9.92715 12.62343 7.40473 28.366
1.64356 9.62949 12.6891 7.42963 28.65367
1.83647 9.67595 12.14701 7.51975 28.86477
1.69055 9.50863 12.50083 7.20868 29.1298
1.67074 9.75871 12.43005 7.19042 28.97945
1.66912 9.51621 12.72482 7.29089 28.82903
1.6747 9.52038 13.00225 7.24182 28.60508
1.64278 9.62252 13.22208 6.95865 28.62748
1.83225 9.60995 12.98659 6.92925 28.68537
1.80199 10.07602 12.25017 7.56352 28.35035
1.82336 9.92149 12.11524 7.47114 28.7191
1.69197 9.6414 12.5782 6.93369 29.19362
1.86296 9.75379 11.77597 7.42106 29.22608
1.87745 9.45295 12.7111 7.12636 28.89998
1.70043 9.47172 12.66202 6.96979 29.24028
1.82649 10.52236 12.05643 7.06906 28.58239
1.84104 9.8728 11.76152 7.23564 29.34188
1.72273 9.86515 12.00386 7.345 29.09492
1.77602 9.62788 12.51582 7.41051 28.7239
1.6343 9.68423 13.00899 7.29412 28.44039
1.65795 10.04793 12.32736 7.4185 28.6536
1.79739 9.69651 12.59047 7.13672 28.82441
1.68533 9.80852 12.81606 7.30936 28.4243
1.71105 9.5677 12.98888 6.9839 28.78138
1.76629 9.69594 12.57663 7.07164 28.92335
1.71923 9.7209 12.44939 6.67553 29.45635
1.81055 9.48695 12.30978 7.29847 29.14031
1.50014 9.89483 12.46002 7.23733 28.99428
1.77799 9.75957 12.45061 6.77193 29.28885
1.74289 9.61851 12.63515 6.36784 29.66885
1.52007 9.65935 12.77826 6.87098 29.24477
1.4693 9.38229 12.35472 7.47673 29.38244
1.58405 10.03539 12.20189 7.16608 29.08647
1.43595 10.2962 12.35724 7.25051 28.75104
1.53061 10.50499 11.76655 7.45567 28.79504
1.39179 10.26276 12.71623 7.23644 28.5125
1.58888 10.03658 12.12099 7.44845 28.88352
1.45184 10.167 12.70735 7.35937 28.38354
1.42831 10.01405 12.31966 7.11014 29.15939
1.60144 9.77766 12.57078 7.5252 28.60188
1.76194 9.72829 12.33179 7.32609 28.88726
