"V1" "V2" "V3" "V4" "V5"
0.98388 15.30666 10.54739 7.34934 25.95434
1.18629 15.85596 9.6698 7.69769 25.73047
1.16707 15.22583 9.58102 7.65872 26.44989
1.04689 15.50741 9.17867 7.50143 26.82925
1.08861 15.9314 9.32513 8.03068 25.73932
1.08786 15.5525 10.21871 7.38619 25.89515
0.99601 16.39551 8.92324 7.133 26.62139
1.0153 15.0014 10.17203 7.27506 26.63093
1.00488 15.56551 9.675 7.12031 26.68491
1.03227 14.72468 9.93658 7.54192 26.81896
1.01479 14.48498 9.82259 7.94053 26.79656
1.18367 15.11299 9.69381 8.00375 26.07178
1.09605 15.15443 9.66903 8.03578 26.12503
1.12653 15.3931 9.3388 8.19092 26.02714
1.05826 15.07879 10.45577 8.17899 25.361
1.20818 15.43702 10.59967 7.31671 25.53482
1.26114 15.39016 9.80436 7.58746 26.05207
1.30332 14.90319 11.11236 7.36986 25.45496
1.20508 15.19512 11.73769 7.47365 24.65299
1.14028 14.89615 11.04488 7.50327 25.56379
0.96121 15.68212 10.76474 7.24883 25.55082
1.04651 15.58674 9.91605 8.28431 25.31679
1.02888 15.77775 9.8621 7.73724 25.69792
0.94762 14.9575 9.5427 7.78862 26.83805
0.82006 15.65517 9.60108 7.39562 26.57174
0.90789 15.82221 9.81193 7.13282 26.39233
1.02206 16.13843 9.01598 7.92738 25.97506
1.09394 15.25155 8.86724 7.70739 27.12258
1.02147 15.77934 9.12958 7.38196 26.73128
0.99386 15.51499 9.69621 7.69336 26.17451
1.12363 14.87104 9.95854 7.8906 26.23452
1.09845 15.01374 10.23745 7.04675 26.65597
1.0984 15.42784 9.56353 7.11648 26.84461
0.91479 16.41868 10.04175 6.58489 26.16166
1.06856 15.81734 9.79685 7.57117 25.82007
1.11706 15.84216 9.16354 7.80973 26.12947
0.94183 15.71579 9.75396 7.18301 26.47458
1.02629 15.75125 9.75346 7.27566 26.28183
0.91419 16.21041 9.51495 7.64569 25.8043
1.00169 15.65585 10.23602 6.985 26.19547
1.05464 16.36453 9.14937 7.29785 26.2035
1.00545 17.19688 8.96907 7.50034 25.42959
1.08952 14.98696 10.01104 7.71776 26.32015
1.07463 15.34985 9.39997 8.01413 26.22423
1.00414 15.70413 9.89574 7.91759 25.55175
0.92249 16.24029 10.1235 7.72776 25.07258
1.06157 15.97113 9.839 8.17826 25.0523
1.10243 15.85812 8.97206 8.42157 25.73639
1.07032 15.8024 9.49679 7.79613 25.90548
1.14439 15.88804 8.68813 8.28282 26.06947
0.97818 15.73986 9.22005 8.14594 25.97912
0.98117 15.90016 9.43911 7.79045 25.94354
1.09755 16.21531 8.5345 7.51739 26.69578
1.17993 15.75075 10.28222 7.2066 25.70177
1.14809 15.69034 9.06064 8.58004 25.59378
1.31668 15.04393 9.0729 8.159 26.50393
1.23216 15.90795 10.06808 7.73711 25.25241
1.2753 15.53414 10.37065 7.46004 25.52027
1.35246 14.36097 10.81582 7.46165 26.19881
1.02669 15.13838 9.94379 8.3633 25.66475
1.21307 14.77624 10.37692 8.37813 25.37964
1.21029 15.9964 9.56615 8.18649 25.14008
1.16366 14.53852 9.95236 8.03376 26.38117
1.2602 15.53932 9.53783 7.53811 26.20245
1.18349 15.3826 9.92533 8.10987 25.52258
1.35349 15.03233 10.12923 8.12153 25.54933
1.29314 15.51451 10.09884 8.30581 24.96791
1.37765 16.16154 8.79354 8.70148 25.09291
1.12194 15.06877 9.24898 8.40911 26.25487
1.1882 14.4458 9.02911 9.29442 26.17133
1.26302 15.40735 9.9197 8.13618 25.40898
1.31896 15.4151 9.54528 8.56299 25.30868
1.40874 15.22497 9.39613 8.66753 25.4418
1.32243 15.74056 9.5769 8.37217 25.11983
1.15031 15.89773 10.25174 7.84868 25.00451
1.20952 15.79252 8.82112 8.6525 25.66406
1.28358 15.50401 9.99637 8.28832 25.10224
1.06772 15.05988 9.86845 8.61467 25.50033
1.00002 15.61325 9.75923 7.93585 25.80743
1.11496 15.66775 9.65007 7.60098 26.07114
1.19418 15.69276 9.2186 8.17791 25.81265
1.17983 15.66917 9.5106 8.13228 25.61057
1.07237 15.58236 9.16745 8.81758 25.48072
1.61724 15.64661 9.31968 8.15339 25.38486
1.19259 15.40442 9.16299 8.46514 25.87352
1.15471 15.76038 8.5706 8.14119 26.43586
1.18523 15.98423 9.04727 7.75496 26.12166
1.33434 15.31677 9.67226 7.45681 26.30293
1.15956 16.60736 9.11544 7.62063 25.61029
1.22226 15.9006 9.86573 7.45147 25.66435
0.99043 15.80573 10.53273 7.90516 24.92058
1.20112 15.27448 10.36152 7.88986 25.37838
1.23189 16.19103 9.854 7.97963 24.88392
1.30653 15.40066 10.39101 7.91287 25.12899
1.11664 15.77796 10.04038 7.70045 25.45281
1.20766 16.01213 8.81142 7.95471 26.06974
1.09167 15.75397 9.58564 7.69496 25.9791
1.04672 15.63743 9.57583 6.93648 26.87689
1.18216 16.16264 9.49768 7.05625 26.16722
1.14225 15.8427 8.92459 8.18929 25.98511
1.06653 15.6389 9.15003 8.25039 25.96221
1.25377 16.1137 8.75473 8.30684 25.66815
1.10167 15.52551 9.01308 8.92066 25.56118
1.25761 15.03604 9.11655 8.57385 26.09577
1.31779 15.14312 9.08285 8.12465 26.4091
1.14242 15.28842 9.25194 8.44354 25.96243
1.38861 15.11998 9.37771 8.86978 25.37508
1.35347 14.51865 9.48347 8.33848 26.37579
1.25698 15.06488 9.5394 8.94054 25.34426
1.11827 15.18137 9.91919 8.29756 25.63756
1.15397 15.33771 9.73494 8.5106 25.37317
1.27628 15.08014 10.22078 8.01596 25.56208
1.24575 15.21388 9.48915 8.60787 25.57464
1.29802 15.56415 9.62641 8.52321 25.09894
1.16638 15.99525 9.76081 8.24373 24.97614
1.21741 15.29563 9.89358 7.83337 25.85206
1.12461 15.8968 9.7647 7.79435 25.5125
1.30618 15.65654 9.13157 8.22625 25.77306
1.29258 15.19443 9.81325 7.78738 25.97847
1.34561 15.98841 9.83295 7.81594 25.10957
1.41982 15.82986 10.23953 7.98578 24.6853
1.33057 14.65856 10.90575 7.91893 25.32023
1.27115 14.74277 10.24653 8.20696 25.65009
1.57131 15.51559 9.47239 8.28097 25.31567
1.28695 15.33017 9.76135 8.53036 25.22901
1.30841 15.04375 10.35001 8.58434 24.89085
1.29193 15.06871 10.67377 7.82816 25.27372
1.29962 15.63477 10.41195 8.04004 24.74269
1.21311 15.73071 10.1025 8.02108 25.05703
1.31149 15.4774 10.16291 8.19726 24.95296
1.39847 15.76937 9.45552 7.89405 25.56746
1.27698 15.36817 10.11291 7.97822 25.34775
1.27136 15.3176 9.61783 8.33954 25.55028
1.36341 15.64494 9.35771 8.90699 24.84761
1.07222 14.96957 10.03099 8.88542 25.13257
1.16562 15.51981 8.826 8.67209 25.90052
1.26263 15.11626 10.02184 8.07655 25.60704
1.25237 15.52941 8.82295 8.34071 26.12932
1.22782 15.05912 9.68313 7.67165 26.444
1.31937 15.33846 9.6029 8.59302 25.2756
1.23767 15.52353 10.12854 8.15121 25.07094
1.36596 15.37106 10.85525 7.5517 24.98003
1.42734 15.19142 10.44105 8.12537 24.95307
1.32332 15.62829 9.00841 8.38561 25.77533
1.35295 15.34034 9.86842 8.77305 24.86489
1.33398 16.20014 8.66851 7.89854 26.00412
1.34985 15.24012 9.74772 7.42099 26.33666
1.26273 15.47961 9.99834 7.94212 25.47217
1.28047 15.5844 10.30603 8.30839 24.71307
1.48079 15.59462 9.75533 7.67856 25.58179
1.49164 15.49487 9.94061 7.47816 25.70775
1.29468 16.40967 9.56785 8.2004 24.66026
1.37739 15.30815 10.50661 8.68221 24.30264
1.6147 14.8652 9.64041 8.4161 25.54842
1.38135 15.47043 9.43524 8.22323 25.56981
1.26868 15.19075 9.36308 7.75751 26.48619
1.06797 15.51188 9.09536 8.06423 26.32336
1.08595 15.57193 9.21645 8.17687 26.05974
1.16238 15.85583 9.94752 8.60308 24.6103
1.03669 15.95846 8.53535 8.66866 25.89721
1.11805 15.16147 9.05236 8.75478 26.00227
1.19694 14.85885 10.0152 8.51219 25.50711
1.14212 15.5347 10.41548 8.0016 25.01996
1.10955 15.88079 9.87068 8.26398 24.98052
1.08075 15.10092 9.52533 8.96677 25.4173
1.1575 14.94458 10.20843 8.29326 25.47782
1.35925 15.16885 10.06553 8.29173 25.24018
1.15151 16.11418 9.10698 8.2235 25.52416
1.13597 15.95927 9.90843 8.33241 24.80266
1.10232 16.39074 9.41052 7.88695 25.31789
1.03486 15.87589 9.37196 7.40393 26.38374
1.1214 15.00807 8.96873 7.88218 27.07387
0.94834 15.46519 9.52283 7.79655 26.37072
0.94669 14.83257 10.04821 7.99606 26.31126
1.02065 14.68074 9.46053 8.57323 26.3517
1.11774 14.78948 10.2978 8.85951 25.07408
1.28217 14.77116 10.27898 8.41071 25.41399
1.2208 16.21087 8.96965 7.82564 25.86173
1.28454 15.14423 10.04586 7.98969 25.62326
0.94416 15.73975 9.94962 8.18246 25.30029
0.97364 15.50868 9.68106 7.89298 26.0339
1.18459 14.68137 10.54218 8.36608 25.37747
1.12565 14.5353 10.58194 8.77764 25.12766
1.12461 14.70879 10.03631 8.86505 25.40448
1.19389 15.55446 9.00263 8.55703 25.8167
1.25639 15.04431 8.90486 9.07151 25.84296
1.35853 15.64306 9.03402 8.04422 26.00263
1.29168 15.42307 8.29823 8.92733 26.13352
1.23915 16.03352 8.50164 7.96585 26.33638
1.20345 15.2703 8.76814 8.59139 26.26468
1.34852 15.57122 9.73053 8.03162 25.42419
1.45725 15.71144 9.92412 8.01247 25.09006
1.44516 15.68917 9.70853 7.57868 25.7148
1.20433 16.23776 9.32836 8.01612 25.34753
1.31648 16.26412 9.50233 7.4052 25.63081
1.63997 16.04256 9.38381 7.4857 25.55743
1.42277 15.21504 9.3081 7.92574 26.2291
1.60032 15.82888 9.68544 7.66183 25.37328
1.33274 14.9971 10.26637 7.65408 25.86933
1.17789 15.78326 9.98201 8.17831 25.00902
1.40507 15.19013 10.22594 7.75625 25.49962
1.33843 15.57931 10.45964 7.58153 25.15983
1.32339 15.93722 9.95631 7.69037 25.23367
1.25129 14.94681 10.59583 7.63619 25.71171
1.10258 15.94229 9.82858 8.22872 25.04528
0.97999 15.84505 10.33932 8.10147 24.8693
1.23235 15.34402 10.64933 7.58194 25.34943
1.14782 15.75924 9.72092 7.53155 25.96073
1.25584 15.44419 9.3261 7.71312 26.35563
1.18161 15.4894 9.68523 8.18187 25.59466
1.29496 15.78483 9.93372 7.78488 25.32091
1.29579 16.02583 10.04867 7.15772 25.62762
1.3003 15.97694 10.55551 7.09454 25.321
1.36821 15.92333 9.96397 7.27239 25.63215
1.40172 16.06933 9.66096 7.83245 25.1781
1.35927 15.27643 10.12207 6.87965 26.50311
1.01835 17.14215 9.33572 7.75905 24.978
1.18066 16.48171 9.83368 7.46896 25.21204
1.1537 15.13935 10.29195 7.31987 26.19529
1.28886 14.63102 11.29799 7.40875 25.61083
0.9571 15.52148 9.9407 7.33124 26.32061
0.96901 15.03589 10.48076 7.70903 25.89893
1.12314 15.59211 9.7471 7.95514 25.71479
1.14103 15.73941 9.41258 7.76449 26.03257
0.9069 15.08117 9.67143 8.03275 26.41599
0.86222 15.39034 9.74572 8.26557 25.84469
0.92074 14.61035 9.99643 8.45009 26.12876
0.86561 15.33406 10.41217 7.81641 25.6764
1.08923 15.12409 10.10217 8.03329 25.75893
1.11567 15.39392 10.43992 7.30598 25.84311
1.16333 15.51138 10.61133 7.92295 24.92733
1.27024 16.09663 9.82106 8.01242 24.90284
1.14643 15.09054 10.18076 8.30439 25.39237
1.19801 15.6849 10.04548 8.5403 24.6752
1.16963 15.18745 9.48942 7.91854 26.30711
1.17328 14.6959 10.91635 8.5829 24.77325
1.20135 14.46479 10.70172 8.53366 25.22413
1.18472 14.89632 9.64421 8.60269 25.77199
1.10549 15.43806 10.30211 7.87619 25.38234
1.28539 15.27498 9.83123 8.84323 24.89017
1.16682 15.51053 9.67177 8.93977 24.8681
1.03524 15.15512 9.31897 8.41846 26.15125
1.08001 14.85835 10.35945 8.04866 25.74874
1.1255 15.23413 10.49582 7.66317 25.57568
1.32496 14.33402 11.27558 8.27643 24.91656
1.12668 15.27502 10.06529 8.40085 25.24501
1.06611 15.64077 9.99539 7.97681 25.45953
0.97957 15.311 10.13478 7.83998 25.84303
0.95714 15.85607 10.19316 8.30258 24.81437
1.05827 14.92377 10.22899 8.2337 25.66447
1.09642 15.14474 9.96078 8.40809 25.47592
1.034 15.42282 10.3912 8.19521 25.06659
0.94399 15.24464 10.51734 8.55353 24.85576
1.02461 15.40095 10.47707 8.77108 24.46612
1.15404 15.48276 9.7758 8.72341 24.98249
1.18792 15.48605 10.14744 9.26007 24.09531
1.19812 14.96301 10.51991 8.7814 24.73213
1.29403 14.84527 10.04465 8.3842 25.55165
1.28589 15.39137 10.88158 7.9564 24.63669
1.04896 14.77812 10.888 8.73584 24.72276
0.93715 15.23554 9.57319 8.68446 25.6662
1.04793 15.14949 10.31563 8.76218 24.85056
1.00727 15.63233 9.55064 8.3444 25.5557
1.02471 15.97825 10.36401 8.15668 24.57657
1.07504 15.09529 9.98069 8.07591 25.85688
1.11448 15.14673 10.06752 7.95119 25.79692
1.02076 15.14947 11.02759 8.27239 24.67931
0.97157 15.71883 10.08727 8.05073 25.26792
1.11436 15.87642 9.99332 8.35431 24.78699
1.04387 15.75185 10.34189 8.37909 24.62517
1.0237 15.8307 9.39023 8.99006 24.86669
1.0321 15.30074 10.29693 8.80166 24.73801
1.12125 16.12243 9.87539 8.67884 24.403
0.8796 16.58363 9.32183 9.11306 24.26193
1.29603 16.31011 8.73697 9.40029 24.42234
1.1646 15.99486 8.89323 9.32833 24.80112
1.09209 15.89776 9.35649 9.11954 24.68664
1.07459 15.38988 9.01397 9.12871 25.52539
1.16601 15.60416 8.89134 9.58974 24.93936
1.27873 15.3517 9.79258 8.99405 24.74376
1.14918 15.09729 10.3011 8.6676 24.88219
1.09682 16.51446 9.46699 8.90743 24.152
1.11015 15.93409 10.07605 8.66288 24.37156
1.37114 15.53638 10.16004 8.85458 24.25366
1.07771 16.36313 9.51302 8.3629 24.81569
1.02565 15.32483 9.73276 8.0721 25.93795
0.99839 15.88072 9.82629 8.78985 24.6681
1.18092 16.13897 9.34829 8.46059 24.9725
1.18572 15.52585 9.83624 8.9604 24.61796
1.27081 14.65341 10.55779 8.71598 24.96817
1.23753 14.806 10.80665 7.98498 25.27497
1.07692 15.21061 10.18083 8.60457 25.05187
1.10119 16.32888 8.75639 7.86021 26.0399
0.97054 15.73754 9.92141 8.71266 24.83135
1.05975 15.48894 10.28547 8.22828 25.03872
1.06492 15.85949 10.61687 8.3096 24.31884
1.02304 14.73135 10.72037 8.23651 25.37855
0.933 15.04209 11.50709 8.04076 24.65016
1.03602 14.41346 10.56824 8.42146 25.65942
0.97939 15.77942 10.2596 8.17222 24.92523
1.02201 16.32768 10.13803 7.79545 24.81554
0.90925 15.6017 9.62419 8.25862 25.67909
1.14072 16.12858 9.83475 8.24117 24.77424
1.03137 16.32794 9.23329 8.02716 25.5284
1.03105 16.13901 9.90536 7.9016 25.1259
1.13585 15.36901 9.87587 7.93134 25.78924
1.16281 15.86853 9.93368 8.23644 24.92437
1.13067 15.51053 10.31917 8.05721 25.10315
1.15691 15.56927 10.42454 7.67014 25.27169
1.13356 14.81545 10.28405 8.30339 25.57269
1.24626 15.33163 10.10037 8.25734 25.16704
1.08341 16.02313 10.61959 7.74336 24.73112
1.06322 15.37898 10.18357 7.66062 25.86397
1.09902 15.63326 10.48582 7.91318 25.04533
1.26922 15.95685 9.23071 8.26755 25.40209
1.46517 16.65164 9.51285 8.19929 24.30174
1.40392 16.33373 10.21491 7.79547 24.43803
1.22416 16.48477 10.15211 7.99531 24.28405
1.25973 16.11072 9.84114 7.62567 25.27787
1.32907 15.7526 9.08291 7.83546 26.0897
1.53425 15.58676 9.69693 8.02753 25.29937
1.4996 15.9242 10.00019 7.80515 24.91504
1.50308 16.17192 9.83913 7.37949 25.26107
1.36315 15.57641 9.28089 7.33849 26.51184
1.26449 15.38743 9.88139 7.38987 26.15124
1.27079 15.52453 10.5963 6.90317 25.77451
1.41589 15.20854 10.48519 7.95185 25.03653
1.30478 15.29055 10.10669 7.44085 25.92568
1.39513 15.54868 9.36153 7.47868 26.2736
1.28685 15.92412 10.49069 7.54043 24.88517
1.34191 15.733 9.06993 8.97884 24.99192
1.27637 15.30915 10.36218 8.03379 25.1899
1.2458 15.34181 9.35295 7.77319 26.36558
1.0349 15.21315 9.14501 8.43996 26.25659
1.13891 15.92501 8.92722 8.40877 25.69311
1.17833 14.57441 10.75763 8.03957 25.56945
1.08396 14.83523 11.19006 7.26628 25.72275
1.04547 16.01315 10.62459 6.99255 25.46559
1.10235 15.51169 11.3736 7.14743 25.06174
1.11452 15.40662 9.88714 7.63211 26.04996
1.02476 15.22592 10.59074 7.9962 25.31847
1.2209 15.35663 10.19495 8.08574 25.24481
1.18611 15.02841 9.91409 8.88864 25.08839
1.35106 14.3946 9.80353 8.68098 25.85638
1.1822 15.24286 9.99837 8.59844 25.11566
1.17727 15.16546 10.11456 8.1558 25.51694
1.12623 14.85561 10.44952 7.9345 25.74124
1.173 14.78252 10.14262 8.4509 25.58652
1.15144 15.45055 10.37228 8.31127 24.85194
1.35108 16.15079 9.7504 7.78605 25.09164
1.34893 15.46618 11.09627 7.78911 24.52865
1.22326 15.47101 9.99764 8.22576 25.1844
1.3327 15.61012 10.2904 7.79432 25.08369
1.22793 15.69088 10.20048 7.93762 25.05512
1.2712 15.11227 10.56995 8.24157 24.93989
1.28159 16.64406 9.55473 7.66319 24.95631
1.10783 16.15155 10.15902 8.36079 24.34091
1.14491 16.23415 8.89658 8.2098 25.61492
1.23819 15.36891 9.48825 8.59103 25.46557
1.1367 15.64188 8.91808 8.64584 25.79362
1.13382 15.18807 9.5052 8.42534 25.83465
1.07999 16.58946 8.71704 8.07672 25.6312
1.04762 15.36507 10.72429 7.80922 25.21374
1.18803 16.72764 9.76551 7.36562 25.09187
1.22023 15.60569 8.82296 7.64986 26.74146
0.9675 15.75025 9.35956 7.30761 26.65721
1.00212 15.48897 10.05257 7.70757 25.81067
1.02815 15.93389 10.25822 7.83182 25.07158
1.13307 15.40403 10.50313 7.32986 25.72562
1.08339 15.18623 10.63924 7.14906 26.04847
0.93044 15.58396 10.12578 7.33705 26.12981
1.24984 16.22168 8.43198 7.50013 26.65963
0.93199 16.32871 9.61696 7.57068 25.66201
1.00669 17.08495 8.90472 7.37385 25.72348
0.9521 16.08973 8.79077 7.71843 26.51438
1.02327 16.50677 8.96534 7.63583 25.94938
0.84709 16.12633 10.0207 7.26047 25.867
1.1392 15.3442 10.76713 8.11272 24.79686
1.14346 16.35648 10.59562 7.59642 24.48382
1.10852 15.72747 9.4952 8.02662 25.74237
1.1274 16.10548 10.46646 7.45108 25.01485
1.35236 16.32041 10.63208 7.63131 24.25859
1.21558 15.457 11.16792 7.47535 24.87615
1.38615 14.93366 10.82621 7.82237 25.21223
1.28437 15.78496 10.05458 8.15171 24.84125
1.38162 14.66737 10.0343 8.38776 25.63851
1.23065 15.9284 9.74942 7.91149 25.28359
1.24492 15.79001 9.91773 7.50304 25.63117
1.34906 15.23938 10.09222 7.46811 25.9363
1.17193 15.74374 10.29384 7.9362 24.9556
1.10306 16.03299 9.55229 7.72926 25.67677
1.16424 14.85473 9.96783 8.40352 25.72434
1.50692 14.97518 9.77548 8.52804 25.32539
1.36519 15.37411 10.56297 8.12593 24.71119
1.15724 15.3136 10.78789 7.62792 25.22312
1.29982 15.68955 9.28807 8.97457 24.87614
1.35573 16.01478 9.516 7.75942 25.45231
1.20528 15.42955 9.3638 8.86707 25.23988
1.33511 15.44039 9.1024 7.95372 26.25658
1.14215 15.64819 9.29994 8.09914 25.91073
1.3319 15.77617 9.67021 8.22386 25.12108
1.19726 15.6212 9.78594 8.67657 24.84864
1.12212 15.36744 10.2223 8.4518 24.97899
1.23787 15.03316 9.77262 8.4356 25.63896
1.09686 15.85162 9.65545 8.09809 25.40982
1.13016 15.51218 9.43172 8.31117 25.71025
1.11659 15.14125 9.13627 8.67474 25.99362
1.36585 15.01319 9.65676 7.87955 26.13951
1.50747 15.89305 9.34009 7.13805 26.1911
1.51984 15.15726 10.10006 7.37126 25.92614
1.28702 15.10067 10.45198 7.75083 25.48412
1.06639 14.26381 11.90575 7.52582 25.36626
1.12559 15.49552 10.21342 7.42316 25.8017
1.07922 15.40177 10.80819 6.95214 25.83331
0.93211 16.14661 9.91443 7.62724 25.45955
1.06585 15.15057 10.22123 7.59934 26.06873
1.00379 14.97583 9.82452 8.71189 25.58133
0.91331 15.01877 9.12296 9.14626 25.89189
1.05972 15.10903 9.90699 9.0122 25.02173
0.96427 14.53612 9.71362 9.19684 25.70524
1.06404 15.24113 10.88501 8.602 24.3745
0.93225 15.45008 9.98593 8.58449 25.1429
1.02141 15.94215 9.69541 8.04864 25.42243
1.16474 15.75208 9.38196 7.85786 25.91476
0.85165 15.71085 10.10481 6.88585 26.52205
0.98076 15.50574 9.23314 7.81917 26.53414
1.10909 15.88665 10.03644 7.9747 25.09363
1.05365 15.90124 10.35918 8.4397 24.39618
1.03123 16.19716 10.74996 8.34083 23.96195
1.08543 15.29644 11.73198 6.64393 25.39755
1.26477 16.27344 10.01035 7.59875 25.00114
1.23754 15.76168 10.03912 7.79231 25.27132
0.95686 15.9341 10.09832 7.86472 25.24643
1.04683 15.78502 9.28821 8.0377 25.91267
0.96477 15.29232 8.7858 8.94359 26.09626
1.10895 15.98965 9.3923 8.63582 24.98898
1.06313 14.71293 9.81384 8.95761 25.54473
0.83652 15.78731 9.38566 9.4099 24.68911
1.14527 15.13666 10.23947 8.55898 25.03954
1.20898 15.92328 9.72646 8.39576 24.8881
1.14157 15.59479 9.16586 8.94378 25.3599
1.08385 15.73976 9.50551 8.52234 25.3066
1.00634 16.20865 9.18312 8.78592 24.96139
1.22831 14.71559 10.71223 8.51611 24.97861
1.12712 15.76452 10.37848 8.6227 24.25924
1.06397 15.74064 11.20013 7.71594 24.42228
0.99729 15.70234 10.25508 8.19637 24.95758
1.04692 15.51819 10.71073 8.18703 24.6889
1.03086 15.74693 10.64148 7.78827 24.90425
1.09742 14.59048 11.42577 8.66207 24.38972
1.09593 15.24691 10.77148 8.84872 24.22056
1.0593 15.25436 9.84372 8.38335 25.5953
1.20956 15.88367 8.69819 7.59987 26.7019
1.01224 15.79669 8.69752 8.0044 26.5693
1.14326 14.96079 9.64971 8.00688 26.32068
1.08919 15.68451 9.66439 8.72611 24.93851
1.14201 15.79781 9.3123 9.00983 24.85359
0.98688 16.7909 9.48648 8.9682 23.91532
1.20031 15.16165 10.53455 9.15227 24.12347
0.98677 14.76429 9.90012 9.22731 25.22776
0.95093 15.04294 9.72909 8.76007 25.62233
1.09554 15.22104 10.22422 8.01047 25.56248
1.04378 15.66462 10.00379 8.2244 25.17179
1.13214 15.12309 10.36783 8.41639 25.08544
1.25268 15.43511 10.76531 7.43882 25.27061
1.22561 15.92662 9.74283 7.93424 25.32186
1.2225 15.65469 10.43715 8.15809 24.67452
1.19912 15.03646 10.10149 8.05405 25.76333
1.08923 14.88021 11.03119 7.87445 25.29625
1.1038 15.73026 9.55942 7.68462 26.01047
1.12303 16.32626 10.25734 8.39197 24.05751
1.14005 15.12853 9.94718 8.34067 25.53471
1.02477 15.31575 9.8 8.33464 25.62555
0.97689 15.62562 10.02145 7.86302 25.60314
1.08288 15.68804 9.97512 7.66366 25.6708
1.17563 15.4219 10.11719 7.71586 25.66093
0.92386 14.81344 10.13043 7.94047 26.27509
0.92919 15.75655 9.81941 8.02963 25.60895
0.98929 15.78665 10.68816 7.50961 25.17313
1.02765 16.1313 11.15117 7.50493 24.33543
0.94733 16.26979 10.78682 7.51378 24.68556
0.95882 16.52538 10.2727 7.87238 24.50327
1.2538 16.01342 9.55757 8.15074 25.13197
1.22897 15.59248 10.19926 8.04916 25.05692
1.02267 16.4321 10.37343 7.86182 24.47382
1.31927 15.55491 10.72371 7.2561 25.31952
1.20226 16.10995 10.19859 8.0677 24.62513
0.90625 15.61153 10.00017 8.02671 25.54955
1.02344 15.40737 10.63293 7.76411 25.30873
0.99097 15.48943 9.83348 8.16011 25.63477
0.94924 15.76765 9.36979 7.89266 26.12397
0.85984 15.20382 9.5747 7.70517 26.7172
0.82254 16.03683 9.95104 7.44944 25.83432
1.02017 16.2666 10.01212 7.56443 25.23371
1.00354 16.79205 9.63988 7.25384 25.38377
0.92936 15.8286 10.51282 6.8867 25.9301
0.98995 15.29461 10.53419 7.68709 25.60554
1.07814 16.31788 9.74043 7.89221 25.07829
1.19164 16.13545 9.61903 7.21077 25.91624
1.11772 14.54605 10.03834 7.37132 26.97491
1.31128 14.9262 9.93397 7.48171 26.40119
1.00837 15.41992 10.64937 7.76485 25.2712
1.02191 15.20931 10.39609 7.53307 25.92089
0.89107 15.14236 9.77434 7.20966 27.0462
1.03509 15.16744 9.50356 7.22293 27.13873
1.14335 15.41108 9.43667 7.56562 26.52571
1.14163 15.26439 9.95361 7.73077 26.06425
1.05904 16.04171 9.35458 7.8881 25.75723
1.05131 14.64734 10.12612 7.94846 26.31527
1.10271 14.9919 9.98397 7.80929 26.17014
1.17518 15.58046 9.36331 7.99034 25.97016
1.07909 16.14567 9.77372 7.75604 25.376
0.97657 14.78544 10.62243 7.85925 25.85921
1.19414 15.33118 10.05015 7.38296 26.11778
1.04462 15.36229 10.1596 7.84284 25.68785
1.09395 15.40899 9.58922 8.11144 25.91039
1.0985 15.77112 9.94442 7.81912 25.51145
1.14799 15.45029 9.29898 8.92441 25.31369
1.22325 15.71526 9.15998 8.19051 25.8091
1.31866 15.00795 9.758 7.91743 26.10087
1.31833 15.39104 10.3489 7.7315 25.38665
1.1046 15.93207 9.50249 7.95082 25.63553
1.00058 15.33101 9.51194 8.86747 25.42218
1.27812 15.12419 9.80946 8.61368 25.34337
1.20244 16.04454 9.44057 8.15762 25.26859
1.37229 15.1985 10.14438 7.8272 25.55093
1.36725 15.98796 9.85467 7.73819 25.17826
1.07556 15.19348 10.36893 8.78188 24.7121
1.09444 15.76394 9.47554 8.47678 25.29089
1.18909 15.7091 9.3925 7.97171 25.84152
1.26989 15.67753 9.78966 8.26942 25.13119
1.34319 15.02332 10.61651 8.41818 24.7439
1.35334 15.09483 10.85086 7.39729 25.41056
1.29224 15.54126 9.92496 7.85009 25.50949
1.09482 15.85398 9.10119 7.88818 26.12955
1.2876 15.12477 9.83348 8.15988 25.67625
1.18764 15.06803 9.41124 8.76026 25.66511
1.21602 16.42218 9.90253 8.08339 24.54723
1.29296 16.03129 9.43778 8.17773 25.18406
1.25403 16.02664 9.77341 7.43744 25.60005
1.25554 15.57339 10.62091 7.36273 25.29589
1.25949 14.98776 9.95506 8.00831 25.89312
1.12261 15.61661 8.9368 8.54979 25.83814
1.32681 15.73346 8.84991 8.15828 26.00295
1.12861 16.27818 9.14901 8.43574 25.09275
1.16624 15.67294 9.19422 8.43499 25.60585
1.26804 15.14522 9.80774 8.04395 25.80234
1.05443 15.33725 9.85092 8.41575 25.46491
0.96186 15.94606 9.5556 8.58229 25.1164
1.00001 14.97014 9.82982 8.95886 25.33475
1.03893 14.69405 9.68955 8.70162 25.97177
0.99868 14.61602 10.10387 8.63915 25.72613
1.25392 14.6176 9.98947 8.93987 25.28314
1.1025 15.19494 9.73044 8.78845 25.28898
1.24179 14.96265 9.18433 8.58729 26.08756
1.07837 15.15693 9.33962 8.848 25.6753
1.1008 16.2937 9.11613 7.58459 26.00482
1.25315 16.19933 9.37654 7.58625 25.67748
1.14739 15.33838 10.36155 8.0549 25.20309
1.24934 15.40111 9.64495 8.19325 25.59103
1.30143 15.19622 9.44585 8.15412 25.98019
1.06809 15.69126 9.97663 8.0627 25.29786
1.19897 15.40528 9.71546 8.5302 25.25683
1.27344 14.96983 9.62641 8.91916 25.31782
1.31246 14.20409 10.21179 8.7855 25.5751
1.2102 14.82441 9.58334 8.56729 25.8813
1.13382 15.26715 9.88045 7.63191 26.15657
1.19051 16.12725 9.47591 7.76329 25.50588
0.97684 15.52853 10.10329 8.30761 25.20685
1.22985 15.81382 9.24946 8.50671 25.29113
1.17729 15.40201 9.71438 7.69887 26.09004
1.16145 14.85532 9.96924 7.93026 26.15484
1.064 15.30265 10.60377 8.75542 24.43204
1.14007 15.2278 9.80564 8.81905 25.118
1.25122 15.24756 10.04772 8.52789 25.03739
1.15929 15.69857 10.18891 8.14368 24.9874
1.09911 16.5174 10.21685 8.15152 24.21492
1.06031 15.84847 10.75044 7.49652 25.00346
1.11271 16.0694 10.29621 7.6483 25.01482
1.12672 15.56263 10.50315 7.8727 25.07816
1.02632 15.44262 9.43438 8.12052 26.04969
0.99597 15.45586 9.80421 7.96326 25.86238
1.14819 14.91329 9.65037 8.64373 25.72051
0.95576 15.6326 9.11346 8.52641 25.85036
0.90315 16.36683 8.75468 8.13527 25.92707
1.10537 15.64703 9.79773 7.73483 25.81744
1.06006 15.57581 9.70212 7.93596 25.82326
1.04087 15.57665 9.80481 7.8362 25.82711
1.06305 14.97323 9.64631 7.54862 26.83261
1.10404 15.35892 9.86023 7.65571 26.08224
1.03283 15.39539 10.27115 7.34383 26.05684
1.02325 14.80529 10.57518 7.73777 25.95501
1.09744 15.2502 10.25774 7.86562 25.6612
1.23178 15.04876 9.85958 7.54036 26.39446
1.2735 14.7612 10.37503 7.80982 25.85478
1.17275 14.60241 10.36442 8.06227 25.86447
1.18 15.27454 10.24004 7.74922 25.62512
1.25426 15.44158 9.74106 7.79716 25.82717
1.23633 15.66553 9.91904 7.68507 25.57934
1.2059 15.26151 10.30383 7.91168 25.45379
1.10365 15.20624 10.2736 8.05578 25.49909
1.05484 15.28352 9.45473 8.00409 26.30895
0.96544 15.59476 9.66075 8.24265 25.6878
0.95459 15.47877 10.32504 7.63572 25.74462
1.14268 15.62606 8.82033 8.75162 25.72256
1.15195 15.2187 10.76469 8.57824 24.48624
1.0917 16.23383 9.8288 7.61802 25.33607
1.10971 15.32255 10.30164 7.54699 25.83756
1.31542 15.37479 10.04771 8.3465 25.02392
1.15388 14.89106 10.30684 8.13213 25.61399
1.17848 14.63184 10.18064 8.30667 25.82672
1.33791 14.95341 9.51151 7.88611 26.38671
1.11162 14.94937 10.45785 8.06459 25.5493
1.0564 15.33603 10.24133 7.99429 25.50055
1.12014 14.9471 10.08136 8.08656 25.86284
1.31187 15.25253 9.5006 7.81527 26.19035
1.23833 15.87323 9.73809 7.61798 25.6456
1.22884 15.81389 10.25539 7.74875 25.07938
1.07102 15.85298 10.04299 7.59883 25.54011
1.18504 15.60182 9.52436 7.67087 26.10841
1.23279 16.27961 9.78727 7.79217 25.03164
1.12406 15.87841 10.48186 7.08077 25.54471
1.22748 15.53392 10.44763 7.6073 25.27891
1.38326 15.98926 9.39162 7.85637 25.46391
1.23461 15.82692 9.54239 7.78814 25.69252
1.18464 15.50078 10.36263 7.1804 25.85174
1.1733 15.29179 9.97832 7.57116 26.05042
1.39065 15.54437 10.6071 7.72037 24.83355
1.46029 15.41381 10.91638 8.18775 24.19997
1.42158 15.63384 9.84606 8.59541 24.65479
1.79954 15.91977 9.63821 8.45544 24.35553
1.7519 15.77898 10.46766 7.45468 24.76834
1.46949 14.71402 10.99511 8.40466 24.63287
1.55 15.39869 10.46248 8.22444 24.54799
1.71309 15.41783 10.03422 7.52365 25.44915
1.51749 15.92487 9.04166 7.45492 26.14978
1.55462 15.89504 9.28429 8.75908 24.67845
1.40779 14.71286 9.63669 8.04591 26.28149
1.35217 15.19019 9.28879 8.58193 25.66057
1.44277 14.49101 10.48131 8.63257 25.06972
1.41917 15.47265 9.84062 8.19317 25.19753
1.32464 14.96668 10.15639 7.83684 25.83832
1.33945 15.65653 9.86115 7.47153 25.81144
1.21666 15.46102 9.63442 7.50465 26.27857
1.3691 15.42644 10.40825 7.62168 25.3207
1.32063 16.21864 9.74018 7.30268 25.54401
1.38963 15.37813 10.37331 7.44411 25.53496
1.1716 15.87238 9.9822 7.85039 25.27284
1.28742 16.71342 9.7314 7.23578 25.18187
1.08222 16.00642 10.02307 7.71827 25.30167
1.06759 16.67567 9.95432 7.08119 25.35418
1.24423 16.2935 10.64419 6.65469 25.30866
1.29086 15.59973 10.41071 6.99181 25.80032
1.19362 15.67108 9.93109 7.09175 26.18946
1.30682 15.6643 9.59306 7.30847 26.20694
1.29613 15.43919 9.53185 7.28055 26.51283
1.57522 14.85849 9.83046 7.80917 26.00496
1.5234 15.6186 10.10191 7.5574 25.34241
1.2777 16.12525 9.82191 7.09522 25.77056
1.60581 15.29738 10.15003 8.14083 24.93278
1.41742 15.41781 9.72491 7.85935 25.67686
1.69826 15.76993 9.8491 8.19426 24.67781
1.43953 15.47625 10.23246 8.52119 24.50289
1.39032 14.62087 10.19493 8.02899 25.86459
1.29704 15.00961 10.08086 7.73782 25.95771
1.50851 14.88354 10.43371 7.62363 25.63974
1.55627 15.23201 10.5745 8.04353 24.73289
1.59768 15.34835 11.00299 7.96552 24.29434
1.35778 15.12493 10.95558 7.95568 24.83581
1.27137 15.28941 10.4472 7.56919 25.62343
1.45012 15.0769 10.66726 7.94167 25.12504
1.28569 14.98748 9.86144 7.87732 26.09236
1.37957 14.96251 10.00299 8.05892 25.71551
1.24341 14.9557 10.46447 7.72883 25.72002
1.11185 14.9453 10.79058 7.52756 25.76913
1.04475 15.58637 11.03745 7.69385 24.83703
1.38169 15.26516 9.89113 7.43115 26.10516
1.13569 15.5913 10.61655 7.03961 25.71591
1.04019 15.35461 9.73806 7.483 26.41746
1.06365 16.37298 10.10527 6.99994 25.52066
1.28589 16.2127 9.10189 7.86566 25.60193
1.22463 15.12241 10.23598 8.32545 25.19207
1.23625 15.1168 10.10354 8.61993 25.0506
1.1639 14.76041 10.94872 8.00988 25.25102
1.19411 15.46743 10.68718 7.48409 25.27548
1.19721 15.3258 10.11962 7.27644 26.17574
1.22496 15.77067 9.04608 7.74244 26.32283
1.34565 16.10127 9.10313 7.46557 26.09097
1.23113 16.0515 8.7987 7.98551 26.01495
1.0967 15.84598 8.96706 8.28842 25.87361
1.30368 15.504 9.80288 7.77073 25.70199
1.19388 16.32482 8.87018 7.92589 25.76288
1.21755 16.23255 8.75761 8.28094 25.59185
1.00824 15.4629 9.21774 8.0041 26.36444
0.89472 15.66471 9.5646 8.01012 25.96073
1.08975 15.20262 9.43322 7.88616 26.4498
1.13041 15.15134 10.01241 8.02681 25.76043
1.14484 15.07329 10.4689 8.1592 25.2775
1.19094 15.58562 9.68715 8.28781 25.34033
1.08653 15.17763 10.45962 8.24685 25.14991
1.04726 15.13716 9.94592 9.01996 24.99912
1.09078 14.68262 9.99136 8.06974 26.25182
0.96834 14.8009 9.98381 8.40319 25.94974
1.04452 14.78951 9.48413 8.21489 26.55089
1.07442 14.94876 9.73537 8.26332 26.09662
0.90092 15.9104 8.92176 8.94438 25.45138
1.06482 15.9256 9.01862 8.11125 25.98063
1.21976 15.29243 10.04391 7.73113 25.80718
1.14113 14.95729 10.38842 7.72217 25.89107
1.04673 15.12164 10.7419 7.67479 25.56541
1.0049 15.25124 9.99688 8.16719 25.71317
1.19253 15.22453 10.21254 7.84592 25.62791
1.2605 15.20099 9.59137 8.58079 25.47449
0.99429 15.08596 10.13481 8.22421 25.65275
1.01911 15.13929 8.40617 9.90119 25.61625
0.90592 15.57592 8.94056 8.43063 26.21185
0.88178 16.16832 8.68921 8.47817 25.85625
1.09716 15.68543 9.00505 8.58583 25.71187
1.01357 15.84819 9.17101 8.73953 25.34211
1.12644 15.63584 8.90399 8.4781 25.93983
1.06992 15.55157 9.59625 8.45254 25.45405
0.85089 15.79781 10.12739 8.33009 25.0162
1.00641 15.54164 10.34439 8.71301 24.53317
0.96721 15.32591 11.00078 7.66744 25.21981
1.03623 15.15204 11.26416 7.77356 24.99797
1.05281 15.89314 9.86363 8.34699 24.98665
1.18636 15.9896 10.33243 7.69123 24.93007
1.097 15.86677 10.8023 7.99971 24.41634
1.15101 15.01866 10.14648 8.00866 25.76139
0.98461 15.98596 9.69158 8.18765 25.24561
0.9342 15.48788 10.29761 7.85573 25.51589
1.02397 16.43345 9.20259 8.03376 25.38543
1.15652 15.32313 10.13845 8.01125 25.48098
1.13923 15.82903 10.32703 7.61682 25.21706
1.12872 15.45352 9.99969 7.50739 25.99438
1.04031 14.87767 10.86678 8.18224 25.17494
1.10875 16.31978 9.62029 7.8326 25.23302
1.2454 16.3305 9.68284 7.80406 25.05922
1.09358 16.96143 9.59464 7.66542 24.82366
1.12752 15.6737 9.72277 7.73492 25.88411
1.10382 15.77603 9.95369 8.37329 24.94123
1.16175 15.8889 10.05423 7.42333 25.57133
1.21838 15.87786 10.51607 7.30739 25.23816
1.23972 15.34573 10.16722 8.20913 25.16233
1.3069 15.74428 10.241 8.4357 24.41381
1.1051 15.48225 9.92266 8.3432 25.23464
1.29928 15.48732 9.53026 9.03675 24.78679
1.18708 15.52207 10.16884 9.10573 24.22838
1.21847 15.17667 9.74159 9.4268 24.60158
1.29713 15.28867 9.30163 8.7684 25.49056
1.08274 14.87104 9.84561 9.13632 25.20115
1.08869 16.09959 8.77192 8.70279 25.45086
1.16878 15.63246 9.94061 8.31138 25.05068
1.15315 15.73627 10.95254 8.01231 24.32124
1.167 15.02504 9.68171 8.68483 25.54912
1.12881 15.37144 9.77059 8.70642 25.17833
1.19419 15.90905 8.90681 8.65956 25.43984
1.37169 16.87571 9.03603 8.10631 24.76346
1.13442 15.43791 10.29295 8.64778 24.67107
1.04806 16.01351 10.0425 8.30716 24.76447
1.11998 15.00268 10.2483 7.93479 25.80912
1.04802 15.94891 10.73919 8.06293 24.38637
1.02121 15.94655 10.14364 8.25495 24.82407
1.13488 15.06012 10.0796 8.6444 25.24765
1.07912 15.56437 9.72588 8.03402 25.73515
1.26718 14.87676 9.59531 7.70315 26.68701
1.00565 15.30726 9.51864 8.15673 26.11681
1.00651 14.84213 10.54671 8.108 25.62283
1.12435 15.17172 10.01746 8.14565 25.67578
1.13291 15.8475 9.76632 8.51862 24.91233
1.23354 16.29936 9.10508 8.27878 25.23294
1.28678 15.77595 9.01609 9.43522 24.64594
1.17422 16.05402 8.36497 10.0399 24.54492
1.39132 16.08813 9.03262 8.54814 25.07674
1.30869 15.87068 9.33317 9.44938 24.25319
1.42488 16.00727 9.35422 9.21594 24.21334
1.41067 15.20893 10.42726 8.74929 24.38778
1.43313 14.89599 11.00907 8.79869 24.09782
1.26227 15.65317 10.22911 9.01048 24.04053
1.46464 16.07077 9.75801 9.03282 23.87711
1.20619 15.44146 9.68645 8.7208 25.07983
1.04327 15.15871 10.61873 8.23206 25.07883
1.02664 15.95047 9.8674 8.82079 24.49382
1.09064 15.63914 9.47425 8.3217 25.59535
1.03407 16.14719 9.51275 8.44424 25.00421
1.12537 15.68747 9.67588 8.25543 25.40277
1.16518 15.56764 9.75085 8.5465 25.12297
1.33349 15.1345 9.87922 8.21174 25.58357
1.2863 15.212 10.69844 7.94486 25.01122
0.97019 15.86213 9.98918 8.47906 24.84166
1.11117 15.54444 9.49131 8.67435 25.2751
1.2135 15.14023 9.70475 8.8002 25.26514
1.09792 15.52415 9.70687 8.60101 25.18132
0.97335 15.271 10.3358 8.39073 25.18373
0.93811 14.88706 11.27019 7.82398 25.24128
1.02718 15.3945 10.6578 8.45887 24.6076
1.12348 15.4822 10.45242 8.34624 24.75152
1.03678 15.00286 10.52047 8.27571 25.27019
1.07832 14.59924 10.65254 8.9418 24.91519
0.98775 15.30839 9.16407 8.88866 25.78174
1.14498 15.72588 8.91185 9.2619 25.08653
1.05343 15.87671 8.92239 8.31285 25.94076
0.95743 15.09099 9.8725 8.73735 25.4783
0.94206 14.67241 11.03126 8.6369 24.85407
1.10917 14.79891 10.82702 8.42582 25.00083
1.00926 15.07826 9.8756 8.45806 25.70035
0.99899 14.9456 9.68145 9.12224 25.39014
1.11357 15.38549 10.2976 7.97966 25.36235
0.98367 15.13046 10.32977 8.50386 25.19761
1.03515 15.80954 10.05509 7.97994 25.24172
1.05039 15.10083 11.34946 7.93546 24.71859
1.02735 15.24517 10.76393 7.93948 25.15657
1.05457 15.61414 9.98966 8.08024 25.36838
0.97052 15.41715 9.95198 7.95222 25.80289
1.16073 15.06095 10.39325 7.88183 25.58455
1.07462 15.45444 9.35447 8.36798 25.84735
1.09944 14.88265 10.3985 8.24381 25.49587
1.18705 14.97246 9.93917 7.67628 26.30458
1.22854 16.04119 10.17158 7.79389 24.87895
1.29493 15.75182 10.03705 7.79083 25.25117
1.41741 15.45318 10.60189 7.89992 24.77993
1.08134 15.07753 10.29996 8.47496 25.20785
1.16335 15.87512 10.1905 8.30466 24.59875
1.16266 15.14767 9.82222 7.91434 26.04904
1.08307 15.29672 9.83829 7.82675 26.0435
1.15839 15.52208 9.12918 8.30696 25.9664
1.35308 15.36265 9.91179 8.22547 25.2947
1.32746 14.54462 10.56424 7.85023 25.84847
1.47458 15.09904 9.25171 8.36066 25.90953
1.05946 15.40729 9.73234 8.49632 25.41314
1.2693 15.08873 9.61192 8.13 26.0006
1.29973 14.66032 9.73671 7.88343 26.49843
1.06429 15.55266 9.40325 8.31015 25.75014
1.14473 15.73598 8.89512 8.05882 26.23497
0.9747 15.66192 8.82913 8.43905 26.15859
1.15471 15.35743 9.85733 8.63653 25.0812
1.20043 14.97541 9.67185 9.4531 24.83335
1.22939 14.91627 10.40602 8.21705 25.36604
1.24476 14.91521 10.8854 8.51305 24.6784
1.2971 15.44492 10.01426 8.5175 24.90964
1.15068 15.44969 9.03985 8.48219 25.96632
1.28425 15.77771 8.59584 8.82028 25.61554
1.1715 16.26547 8.8013 7.7646 26.09248
1.05174 16.58344 9.03768 8.33982 25.11227
1.06194 16.10769 9.77555 8.53882 24.6926
0.95892 16.1946 9.13365 8.72783 25.11367
0.92562 15.87547 8.89019 8.93305 25.45531
1.09444 14.984 8.85669 9.14081 26.00245
1.21062 15.11906 9.75171 9.08152 24.96006
1.37735 15.41926 9.90638 8.9569 24.48536
1.21335 16.04263 9.34451 8.70557 24.80121
1.28738 15.65428 8.86236 9.21055 25.08059
1.35424 15.8781 9.54676 8.86522 24.47407
1.27332 15.45982 8.5494 8.50937 26.30651
1.09438 15.24787 9.38759 8.97397 25.40906
1.35989 16.08087 9.35696 8.90274 24.44221
1.36027 16.07673 9.32607 8.97303 24.44235
1.25478 15.76185 10.23043 9.32934 23.72827
1.30113 16.31578 9.66937 9.66549 23.32855
1.34098 16.19027 10.18971 9.42087 23.19386
1.27267 15.74175 10.99009 9.14908 23.20393
1.29725 15.08008 11.25506 8.0927 24.49872
1.14284 15.13102 10.21112 8.03099 25.63255
1.28812 15.06964 9.88646 7.61207 26.26638
1.12581 15.79073 9.68061 8.01301 25.55935
1.14884 15.29737 10.35675 8.69626 24.6944
1.13901 15.47283 9.71793 8.72061 25.10905
1.1438 15.28413 10.18993 9.01268 24.56462
1.27364 14.7675 9.49454 9.43256 25.21675
1.26182 14.60041 9.90565 9.41195 24.9698
1.3279 15.74078 9.43432 8.78855 24.79973
1.13618 16.15905 10.50466 8.14766 24.20635
1.13263 14.9115 12.01578 7.48515 24.58338
1.10192 15.65911 11.21501 8.13777 24.12432
1.06533 16.37152 9.26245 8.58628 24.93685
1.11297 15.45226 9.77648 7.88005 25.87508
1.04628 15.46658 9.86889 8.15328 25.55731
1.22544 15.39877 9.19513 7.92875 26.33005
1.0113 15.98408 9.73384 7.79191 25.56257
1.02041 15.91846 9.09159 7.82972 26.19013
1.1262 15.88133 9.06193 7.7413 26.24257
1.05341 15.66142 9.77136 8.30833 25.30043
1.12439 16.13729 9.51064 8.42402 24.92067
1.17963 15.10058 9.36235 8.24903 26.17898
1.00678 14.91821 10.3061 7.26432 26.59503
0.93566 14.7957 9.42359 8.20522 26.7015
1.12074 15.7895 10.43489 7.51437 25.29402
1.01296 15.79035 9.51075 8.74537 25.03786
0.94723 15.90279 8.68099 8.98103 25.59321
1.09775 16.35456 8.93145 8.35654 25.33937
1.05933 16.17877 9.93269 8.03753 24.94043
1.40247 16.15704 9.53159 7.96336 25.07149
1.07852 16.0367 8.54484 8.40661 26.01914
1.13973 14.79739 9.85714 8.0754 26.2062
1.20194 15.49277 9.57208 8.05331 25.76444
1.19542 16.15228 8.89099 7.87318 25.96655
1.17763 15.86938 10.39658 7.69632 24.96748
1.33156 15.55619 9.50987 8.12624 25.55364
1.03889 15.44305 10.20513 8.42906 24.99297
1.05702 15.24698 9.85502 8.33635 25.6012
1.02776 15.65592 9.6584 8.63965 25.11323
0.96083 15.73544 9.85258 8.44773 25.10121
1.05397 14.74637 10.97206 8.62681 24.74129
1.16397 15.44455 10.03086 8.64049 24.84952
1.19636 16.34055 9.10541 9.21879 24.27182
1.00263 15.99093 9.26141 8.87629 24.98038
1.08786 16.44954 9.65676 8.75232 24.23126
1.09885 16.05509 9.58369 8.42014 24.98535
0.96643 16.82232 9.39831 8.56658 24.39864
1.18598 15.82944 9.4467 8.26531 25.37592
0.97332 15.04645 10.32288 7.9428 25.81727
1.12806 15.86891 9.31481 7.54696 26.22372
1.06226 15.26085 10.60212 7.10063 26.05967
0.98701 15.79963 11.04805 7.62773 24.69614
0.91747 15.6975 9.87412 8.11456 25.49956
1.10586 14.82134 9.5601 8.17218 26.40818
0.91529 14.94196 9.27171 8.24531 26.6845
1.18688 14.99157 9.94368 7.57243 26.3628
0.97355 16.22287 10.50673 7.54567 24.8618
0.93739 15.74344 10.78859 7.61946 25.02336
1.02711 16.21309 9.84617 7.87969 25.1389
1.03054 14.97699 11.83226 8.40684 24.04457
1.14568 16.29394 10.35196 7.89003 24.50976
1.12157 15.33617 11.02506 8.39409 24.33838
1.08193 14.93686 10.80757 8.63777 24.67774
1.06738 14.79689 10.09323 8.93396 25.22174
1.10196 14.86885 10.64711 8.2186 25.2647
1.18959 15.94371 9.15191 8.25338 25.52908
1.08696 15.38867 9.96988 7.67526 25.95946
1.19553 14.76416 9.87714 7.83847 26.40468
1.18015 15.482 10.18336 7.9912 25.25299
1.05008 14.42537 10.48179 8.7737 25.37606
1.24493 14.93981 10.02358 7.86635 26.00178
1.1679 15.59016 10.16028 7.626 25.5429
1.06418 15.31225 10.12222 7.56525 26.01984
1.00423 15.38241 10.90062 7.4422 25.40358
1.12471 16.26052 10.92067 7.41665 24.5153
1.13451 15.32219 11.21107 7.20632 25.26906
0.98396 15.43133 9.71767 7.74103 26.19799
1.10032 15.82775 9.2427 8.06254 25.83751
1.12761 16.00763 9.09241 7.94551 25.89785
1.34213 16.19104 9.53168 7.37399 25.6435
1.16664 15.79507 9.99173 7.91953 25.24297
1.01422 14.91476 10.31568 7.97386 25.88832
1.14652 15.91003 10.52028 7.37113 25.18308
1.27798 14.55714 10.97033 7.36161 25.92265
1.10346 14.90806 10.51898 7.38972 26.17285
1.33465 15.11196 9.88888 7.5417 26.20581
1.13736 15.88801 9.69647 7.50558 25.84657
1.37114 15.94603 9.95126 7.51622 25.35348
1.27483 15.65518 9.75705 8.03648 25.41686
1.06289 15.29456 10.85938 7.57348 25.34759
1.13264 16.0942 10.01441 8.42244 24.50633
1.40839 15.58079 10.19815 7.67035 25.22797
1.35781 15.95143 10.32327 7.75013 24.78251
1.38909 15.89183 10.53953 7.87306 24.50447
1.33821 15.46096 9.90351 7.9849 25.41975
1.3639 15.75511 10.2105 7.64647 25.15276
1.45469 15.95211 9.22916 7.68689 25.77509
1.28454 15.55721 9.66736 8.31057 25.30658
1.11551 15.13436 10.12416 7.91701 25.80612
1.36131 14.95776 10.40161 7.85025 25.54503
1.24174 14.99212 10.78522 7.81201 25.28623
1.17157 15.37493 9.89186 8.31863 25.32216
1.09707 15.89035 9.43263 7.68451 25.96629
1.00963 15.47929 10.1548 8.35213 25.12642
0.89845 15.39671 10.70423 9.13806 24.08499
0.96792 15.0314 11.02311 8.37612 24.7333
0.95797 15.76243 9.94516 8.75839 24.68785
1.01818 15.2235 10.61447 8.42063 24.87687
1.01298 15.61551 9.80818 8.3487 25.31286
1.04751 14.75055 9.67624 9.20122 25.43614
1.26985 15.7366 10.01441 8.44723 24.69652
1.17749 15.25435 8.98581 8.76822 25.90439
1.03889 15.24269 9.4295 8.04513 26.32335
1.10331 15.48535 9.40787 8.13556 25.9911
1.0584 16.40876 8.91772 8.09698 25.61952
0.99589 17.16696 8.54695 7.75028 25.63319
1.0469 16.73294 8.57451 7.93251 25.8044
1.04087 16.73973 9.2407 8.07868 25.0767
1.07862 16.52492 8.52492 8.84518 25.13853
0.88885 15.03616 9.06484 8.7509 26.33395
0.92436 15.05585 10.19913 8.54272 25.39636
1.0529 15.11558 9.50209 8.43038 26.00869
1.02285 15.13643 9.49146 8.26139 26.17071
0.9841 15.35161 9.49341 8.50188 25.76981
0.96447 14.50243 10.11982 8.84201 25.74408
0.83358 15.98573 10.11294 8.41566 24.80091
1.01807 14.99788 9.82214 8.18044 26.09327
0.9995 15.73294 9.83276 8.00948 25.5662
0.98626 15.52421 10.55788 7.94177 25.17067
0.97076 15.29076 10.029 8.96046 24.94283
1.00103 15.4868 9.96458 8.43376 25.29164
0.98609 15.62826 10.44381 8.85253 24.2671
0.91873 15.90174 9.63328 8.59537 25.14421
0.84299 16.16835 9.94639 8.41469 24.83216
0.87317 16.36323 10.04372 8.53422 24.35893
0.90969 16.77294 8.95138 9.21092 24.26404
1.03433 16.47721 8.93659 8.98784 24.69732
0.85762 15.72173 9.46599 8.05224 25.99528
