"V1" "V2" "V3" "V4" "V5"
1.28703 23.00466 4.13837 2.41031 29.18956
1.06709 23.55885 4.06962 2.67025 28.65802
0.95755 24.85144 3.15495 2.78001 28.27487
1.02177 23.22778 2.96428 2.98041 29.81872
1.09214 22.8331 3.41945 3.22906 29.4445
0.91959 24.87431 3.98058 3.38078 26.89552
1.15632 23.41636 2.99864 3.06152 29.38227
1.02135 23.44451 3.00641 3.46653 29.08193
1.00152 23.56701 3.16786 3.43901 28.84257
0.90253 24.26645 3.02947 3.73556 28.0909
1.05813 23.19053 3.3676 2.78073 29.61893
0.90481 23.92944 3.26152 3.18775 28.73401
0.91343 24.84256 4.04024 2.75702 27.47997
0.75193 24.68884 4.85876 2.92007 26.82531
0.66042 23.57808 5.19041 3.05202 27.55955
0.74795 23.37148 4.5255 2.99808 28.37897
0.70955 22.86048 3.85966 3.63298 28.96137
0.77703 23.87106 3.42031 2.75111 29.19575
0.90615 23.50249 3.79418 3.10974 28.70958
0.68314 22.21733 4.42563 2.66941 30.01712
0.5758 24.23535 3.35692 2.44524 29.40239
0.82649 24.14599 3.46453 2.80009 28.78194
0.85679 24.14747 3.88209 3.12973 28.00707
0.812 24.61307 4.43084 3.20127 26.97978
0.707 21.57558 3.79812 3.30207 30.62354
0.68401 22.98278 3.55469 3.83645 28.95392
0.74852 23.81029 3.43072 3.38374 28.64534
0.61343 23.58787 3.92105 3.24058 28.66206
0.80477 24.82131 3.70609 2.67804 28.01371
0.75501 22.66515 3.98214 2.61057 30.0166
0.86567 22.97145 4.19506 2.6361 29.36225
0.68283 23.03 3.73787 3.6031 28.96223
0.7989 23.43409 2.79969 3.65592 29.32426
0.6681 22.75378 3.11748 2.97352 30.50134
0.60237 23.89204 3.37671 3.24704 28.90164
0.47762 23.58523 3.5617 2.5771 29.80917
0.70844 22.49045 3.32189 3.05863 30.42971
0.79217 23.62746 3.18546 3.33505 29.07343
0.60385 23.6923 4.32855 3.69515 27.70921
0.71921 24.19054 3.47658 3.36818 28.26575
0.69938 21.89546 3.78014 2.75165 30.88237
0.63637 23.77524 3.67422 3.25656 28.6807
0.68291 22.47349 3.99168 3.57619 29.29543
0.70221 22.9447 3.41114 3.2919 29.6601
0.78379 22.01085 3.64131 3.06333 30.51084
0.76312 22.58231 3.90353 3.55206 29.21498
0.79839 23.2954 3.75311 3.1524 29.01851
0.64718 22.28632 3.25885 3.28348 30.5315
0.72871 21.83973 2.84979 2.72116 31.86649
0.74842 21.8304 3.2818 2.73971 31.40655
0.7923 22.82115 3.40842 3.36729 29.62051
0.76635 22.491 3.16995 4.01615 29.56672
0.78883 22.87116 2.95568 4.27073 29.12443
0.75233 22.57027 3.2906 4.01084 29.3932
0.75057 22.3513 3.43645 4.49368 28.98546
0.89399 23.53309 2.7577 3.4337 29.39628
0.73838 22.79419 2.94872 3.466 30.06586
0.81942 22.24914 3.0894 4.13018 29.7271
0.84568 23.04667 3.7121 4.36715 28.06266
0.77382 22.93055 3.84228 4.99497 27.50052
0.7091 20.95472 4.35153 4.90692 29.10515
0.63827 22.59546 3.56202 4.628 28.59772
0.71856 22.61541 3.25437 3.24252 30.17889
0.81613 23.43551 2.87247 3.63205 29.26067
0.62058 21.94679 2.66266 3.39752 31.38281
0.91449 22.11272 3.06818 3.54493 30.37607
0.69782 22.23749 3.61542 3.45139 30.01511
0.78809 22.94711 3.43923 3.48781 29.35458
0.94587 22.25255 4.0846 3.51326 29.22544
0.89504 22.91002 4.25425 3.81013 28.15724
0.90739 22.92007 4.62433 3.46209 28.11277
0.65552 22.21577 4.12613 3.48996 29.52919
0.66812 21.6909 3.71674 3.51781 30.42227
0.89292 20.87853 4.22224 3.30054 30.71711
0.8873 22.78142 3.42523 3.04137 29.87895
0.83741 23.68729 3.20242 3.28269 29.01217
1.03453 22.57688 3.4205 3.59818 29.39081
0.94243 22.63886 3.28043 3.65057 29.50107
0.66413 23.24194 3.19672 3.67896 29.24007
0.73175 22.49019 2.74691 3.34615 30.6997
1.03746 23.32166 3.17934 3.52772 28.95822
1.08218 23.70539 2.87906 3.3327 29.02515
0.93879 22.11403 3.05386 3.1852 30.72094
1.30128 23.27517 2.9902 3.17813 29.27737
0.97504 23.35501 3.08126 3.68612 28.93001
0.97175 22.69286 2.66098 3.4495 30.24286
0.62937 22.42349 2.75361 4.26011 29.94975
0.95688 22.11339 2.53763 3.80741 30.60109
1.01296 23.14453 2.48071 3.92164 29.47183
0.96836 23.23314 2.71343 3.92107 29.19572
0.94867 22.18662 3.25543 3.81938 29.82143
0.76622 22.45153 3.46049 3.14201 30.19718
0.87803 23.03327 4.08719 2.8072 29.21897
0.70663 23.22554 4.14114 2.57583 29.37615
0.7391 21.45971 3.61143 2.80736 31.39499
0.77486 21.66443 2.83361 2.8927 31.84713
0.74523 23.98804 3.45597 3.01521 28.8252
0.89949 23.26138 3.27177 3.11519 29.4763
1.01806 22.7592 4.19815 3.0062 29.03881
0.92231 24.25802 4.24729 3.23359 27.36842
0.93621 23.38803 3.70151 3.32287 28.66957
0.82999 22.05442 3.35591 3.45396 30.32143
0.88092 22.81952 3.41843 4.23412 28.67659
0.92758 22.35238 2.89722 3.616 30.2186
0.78457 23.78458 2.73156 3.41305 29.30949
0.86445 22.63731 3.48952 3.58846 29.43966
0.91993 23.90586 3.30495 3.18797 28.70799
0.93614 24.41149 3.62191 3.38243 27.67745
0.74788 24.82303 4.26929 3.33238 26.88758
0.81519 22.72675 3.42068 3.37474 29.68583
0.83997 23.70898 2.86396 2.4757 30.1226
0.84261 22.70366 2.81933 2.44076 31.2069
1.02004 23.74434 3.18141 2.75372 29.31766
0.88357 23.96868 3.78967 2.88658 28.49052
0.89681 23.61759 4.10449 3.22473 28.18434
0.89174 23.77075 3.85442 2.7753 28.72673
0.83486 23.10751 3.46927 3.34357 29.26031
0.79765 21.89743 3.3956 2.68723 31.23246
0.90708 22.20042 4.03297 2.82591 30.04517
0.81957 22.52934 3.93268 3.98079 28.75925
0.8285 22.71545 3.9521 3.29791 29.22317
1.10935 23.42914 3.69315 3.28177 28.50392
0.9595 24.88527 3.15246 3.15565 27.87351
1.00032 22.67636 4.02814 3.64802 28.68263
0.97807 22.68629 3.40432 4.14348 28.81607
1.16065 22.29336 4.18022 3.36089 29.03354
1.10287 22.73666 4.35599 3.02722 28.80095
1.12333 22.3863 4.48383 2.714 29.3072
0.86441 21.14441 4.58962 3.08426 30.33066
1.01416 22.35859 4.23572 3.57161 28.83723
0.91656 22.30412 3.82919 2.91905 30.04009
0.92644 21.23473 3.57749 3.07864 31.19169
0.66533 22.89203 2.77695 3.41826 30.2638
0.77567 21.16777 2.88407 3.43164 31.75
0.80976 22.51814 3.49681 4.34364 28.85175
0.67907 22.22942 3.27145 3.56617 30.26545
0.9349 22.42644 3.48762 3.74258 29.42723
0.75235 23.15966 3.30286 3.647 29.16367
1.04784 22.75933 3.76609 3.38775 29.06703
1.03228 22.38744 3.9882 3.46603 29.15426
1.00294 22.38209 3.54809 2.98814 30.09273
1.07777 24.62403 3.90682 2.97984 27.45871
0.80777 23.87985 3.2549 3.00929 29.07375
0.85072 21.12897 3.57479 3.56672 30.89857
1.17473 21.45757 3.26295 3.43791 30.69013
1.09202 21.13601 3.62516 3.89526 30.27291
1.22651 23.42865 3.95923 4.22133 27.22393
1.10616 23.41626 4.2125 3.37655 27.93484
1.0399 23.90039 4.1719 3.36807 27.56666
0.78252 22.27819 3.98031 3.74632 29.23417
0.98049 21.70085 4.42964 2.80056 30.10429
0.90177 21.48355 4.40832 2.71649 30.50374
0.78748 22.60852 4.04704 2.72755 29.84415
0.96373 22.08071 4.30437 2.4573 30.2081
0.93909 22.88977 3.3471 2.98041 29.85633
0.98791 23.55412 2.97692 3.43995 29.05503
0.87965 22.39025 2.47408 3.70556 30.55991
0.8173 22.1823 3.32431 3.5233 30.17075
1.05709 23.45584 3.42329 3.77783 28.31968
1.00797 24.25247 3.28192 3.94292 27.54493
1.13968 21.97361 3.55664 4.13014 29.22391
1.02613 22.69118 3.98374 3.13972 29.17564
1.10411 24.65107 3.60468 2.78529 27.88814
0.96313 24.04173 3.41975 2.74582 28.85288
0.89508 22.56292 3.64183 3.6741 29.24169
0.82006 22.35997 3.15131 3.53566 30.14693
0.98936 23.83591 2.96331 4.59062 27.6513
0.68889 23.03964 3.55872 4.15619 28.58663
0.80462 22.90615 4.22001 2.89295 29.1995
0.86691 22.821 3.89392 3.68951 28.75982
0.7874 22.87315 2.93682 3.29484 30.12594
0.7375 23.24612 2.72536 4.10591 29.20836
0.80686 23.60186 2.57622 4.14423 28.89487
0.6908 24.35016 2.71138 3.6679 28.61191
0.70226 23.62811 2.7192 4.77484 28.20267
0.99247 24.38081 2.79403 4.5733 27.29457
0.99701 21.83679 3.65368 3.89912 29.63916
1.01401 22.4939 3.6046 4.46054 28.46881
0.92613 21.77612 3.67328 3.26854 30.37528
0.63168 22.48279 3.63404 2.91996 30.35415
0.93138 22.83816 3.48201 3.07638 29.68855
0.7353 22.32218 3.80242 2.83592 30.32394
0.8297 23.10668 4.13983 3.1279 28.83272
0.78217 23.32297 3.27305 3.25363 29.39971
0.63877 23.25111 3.56162 3.13174 29.45776
0.97603 23.57556 3.26461 2.95149 29.27099
1.1266 23.58841 3.65998 3.36405 28.30367
0.96703 23.15239 3.15541 3.37247 29.37352
1.01906 22.49504 3.35079 3.28708 29.87003
1.06592 23.01508 3.29772 3.94313 28.70818
1.11174 24.99445 3.15214 4.19365 26.5954
0.92917 22.5902 3.32274 3.42067 29.76266
0.96564 22.56832 2.93567 3.12103 30.42651
1.04591 21.84988 3.87526 3.10868 30.14413
1.03006 20.489 3.60282 3.11432 31.77838
1.22624 23.44188 2.81117 3.08698 29.46133
1.10562 23.61567 3.60912 3.211 28.49175
0.99368 21.84392 3.68719 3.66671 29.83213
1.00459 21.43583 3.86932 3.92971 29.77514
0.81906 24.23099 3.49596 3.98576 27.49895
1.02431 22.69858 4.30764 2.63598 29.34754
0.99705 22.58433 3.71793 2.38344 30.32919
1.18773 24.78344 3.58515 2.43314 28.04521
1.07855 22.18157 3.95198 2.97796 29.8254
1.18699 23.97586 3.56931 4.16663 27.14358
1.14804 23.51911 3.5673 3.6193 28.16834
0.74495 23.62544 4.00412 3.37732 28.27302
0.87472 22.94108 3.81937 3.56738 28.82254
0.893 22.02835 3.33967 4.12692 29.62647
0.89726 22.91972 3.28528 3.27634 29.6375
0.8678 23.05896 2.9488 3.296 29.84245
0.78987 22.12232 3.60722 3.46194 30.03349
0.99941 22.65614 3.3627 3.78483 29.2245
0.87563 24.1817 4.28232 3.34681 27.37562
0.84422 22.93751 3.31473 3.76435 29.16589
0.71812 23.50825 3.07781 3.27838 29.44101
0.61906 22.18483 3.79145 3.84521 29.59087
0.83489 21.50822 3.61828 3.14732 30.90506
0.81424 22.91469 2.97711 2.98948 30.31465
0.81458 21.75671 3.02705 3.43815 30.97252
0.61036 21.8127 2.9939 3.33987 31.24934
0.81542 22.24357 2.864 3.0728 31.01411
0.77422 23.17116 3.10094 3.23315 29.73546
0.90051 22.23175 3.50303 3.08494 30.2922
0.97152 22.06228 4.49472 3.07157 29.42592
0.83023 23.48405 4.1559 2.78636 28.76527
0.72282 25.00434 2.99258 2.8007 28.50813
0.78208 23.4546 3.52913 3.49355 28.75687
0.91015 22.71077 4.24084 3.58149 28.57489
0.73131 22.52508 3.74434 3.4524 29.56093
0.75864 23.2409 3.64956 3.95676 28.41242
0.80155 24.8344 3.3885 3.63694 27.36586
0.84063 22.86379 3.21441 3.40099 29.69029
0.96002 22.72512 3.962 3.34311 29.02743
1.15568 22.33503 4.85789 2.85678 28.81525
1.01169 22.3834 3.77718 2.98899 29.85534
1.09353 21.57922 3.10729 2.85392 31.37221
0.87751 23.29061 2.86072 3.37666 29.60692
0.95158 21.77468 3.33198 3.10476 30.84487
1.05109 21.37516 4.2626 2.67428 30.64691
1.11709 23.61983 3.31722 3.35469 28.61022
1.07377 21.30025 3.22421 3.18859 31.22207
1.05067 23.13373 3.71578 3.35181 28.76977
1.04533 23.48455 4.222 3.43482 27.84254
1.28447 25.44454 3.92685 3.2695 26.11624
0.95838 23.33031 3.44711 3.29249 28.98929
1.37323 21.95683 3.69395 2.98812 30.00473
0.97696 21.92836 3.2891 3.66879 30.14886
1.13096 23.49542 3.23371 2.95402 29.2012
1.2651 24.24679 2.93012 3.10779 28.48203
1.19151 24.28508 3.52801 3.43218 27.59228
1.12379 24.93813 3.72627 3.08187 27.1554
1.09295 24.35298 3.03603 2.62696 28.90342
0.92569 23.12261 3.4396 2.73108 29.79524
0.76472 23.50742 3.71902 2.24665 29.77363
1.00091 21.72364 3.43182 3.06812 30.78617
0.79139 23.11939 3.06596 3.02366 30.01189
0.86435 22.89414 3.06306 3.25642 29.93229
1.08229 23.66114 3.46653 2.40308 29.39887
0.97177 23.63388 3.61974 3.46897 28.32711
0.73077 23.63958 3.62025 3.93774 28.0931
0.77312 22.20579 4.23415 3.47476 29.32813
1.02225 22.88681 3.66489 3.77099 28.6716
1.0504 23.20171 4.04652 3.59425 28.12958
1.04798 21.98341 4.43282 3.72848 28.82672
0.94985 21.99439 4.16455 3.90014 29.00612
0.94155 23.36032 3.39676 3.28931 29.03001
0.70739 22.84317 3.69562 3.30262 29.46506
0.90263 21.8955 3.61731 3.49572 30.09717
0.85295 24.16507 3.40031 3.55014 28.05389
0.91976 22.04826 3.76107 3.88782 29.39575
0.86157 22.80393 3.5047 3.99393 28.86754
0.70007 21.54733 3.94334 3.87327 29.96202
0.80694 22.31555 3.11908 4.02239 29.75412
0.8275 22.51599 3.27262 4.49906 28.91024
0.74892 22.44842 3.31244 3.70448 29.8018
0.70485 23.98884 3.77632 3.95619 27.60864
0.82131 22.97471 4.11486 3.26702 28.84346
0.66932 24.67676 3.71298 3.28075 27.68915
0.7101 23.76969 4.05407 3.0663 28.42037
0.81457 24.22135 3.83994 2.72065 28.42148
0.76548 23.47588 4.56982 3.58699 27.63031
0.67032 25.11097 3.42187 3.67045 27.16955
0.89778 22.37851 3.11376 3.55062 30.07421
0.76936 22.99085 3.71865 3.77445 28.77136
0.62993 24.09092 3.27743 3.62908 28.38854
0.81093 24.08501 4.43506 3.51683 27.19195
0.70437 23.94332 3.64655 3.07111 28.64703
0.69033 24.20998 3.74469 3.20337 28.18085
0.87519 23.28658 3.60915 3.63808 28.61131
1.15953 22.84659 3.79463 3.51205 28.70427
1.04968 23.23034 3.60359 3.01549 29.12524
1.04715 21.81588 3.58475 4.0765 29.50513
1.22654 21.2102 3.54067 3.96801 30.09412
1.19421 21.59038 3.63335 3.55053 30.06256
1.25714 22.33428 2.78277 3.00668 30.65799
1.09521 22.94314 2.74982 2.70953 30.52243
1.08972 22.28296 3.29259 2.78229 30.57018
1.13041 20.28543 3.7324 3.02195 31.86029
1.14796 22.02134 4.0731 3.0877 29.71374
0.98006 22.49602 4.65249 2.46604 29.42583
0.92701 22.54577 4.22477 2.91179 29.41512
1.11842 23.51683 3.50781 3.25219 28.64014
0.9747 23.17567 3.6131 3.34564 28.92996
1.05686 24.68389 3.06415 3.73854 27.50562
0.96232 23.87391 3.01363 3.56044 28.61356
0.94091 21.84594 3.36359 3.10617 30.75542
0.89772 23.15661 3.36219 3.37548 29.23637
0.90735 22.96672 3.15325 3.95522 29.04011
1.11646 22.3242 2.69642 3.69696 30.18163
0.85175 23.70981 3.28889 3.29647 28.87579
0.71382 22.53638 3.13347 3.56514 30.06477
0.78004 20.4569 3.67388 2.78813 32.30734
0.85682 21.98782 3.35393 3.1243 30.69466
0.80108 20.8364 3.9026 3.3141 31.15936
1.13318 22.17668 3.7763 2.80927 30.11681
1.26577 22.03841 3.36809 3.33676 30.00571
1.1246 23.08578 3.27721 3.31526 29.21172
1.0221 22.27466 3.50601 3.6626 29.55001
1.29839 21.51204 3.65005 3.78509 29.77396
1.65112 22.65772 3.47741 3.34027 28.89837
1.30809 23.89948 3.40778 4.05633 27.3623
1.18705 23.25439 3.3763 3.54425 28.67514
1.12539 23.24416 3.2828 3.61004 28.76001
1.01785 22.03917 3.61966 3.25191 30.08382
1.0499 23.55463 3.22174 2.75698 29.42953
1.17011 25.01492 3.34211 3.13811 27.36532
1.42208 22.99219 3.19707 3.42753 28.98485
1.0499 21.43855 3.01004 2.89156 31.61581
1.06916 23.67329 2.94944 2.6096 29.71139
0.9148 23.93146 3.42777 2.87655 28.86857
0.72478 23.2726 3.4014 3.55063 29.06911
0.96359 22.17386 3.2029 3.49071 30.18316
0.83933 23.83399 2.68756 3.54112 29.11476
0.8398 23.04629 3.34737 3.13943 29.64017
0.77407 22.11947 3.74401 2.9885 30.38166
0.84745 22.04645 3.63594 3.35799 30.12016
0.88896 23.56949 2.76924 3.28516 29.50007
0.84485 22.9138 3.72253 3.33347 29.20069
0.71034 22.10178 3.45116 3.23372 30.51118
0.62062 21.90106 3.45407 2.62707 31.40323
0.75033 23.02488 3.85304 2.97612 29.40704
0.85883 22.6577 4.29473 2.99951 29.20659
0.8384 24.0538 3.69571 3.22441 28.2078
0.92905 23.33857 2.87332 3.1187 29.7499
0.88067 22.56236 3.45407 4.05788 29.05931
0.77808 23.70097 3.28263 3.58991 28.67228
0.69153 22.40393 3.16642 3.42344 30.32308
0.87094 24.02258 2.36906 3.92089 28.82973
1.02937 23.4055 2.57305 3.74082 29.26219
0.86169 23.15978 2.9138 3.88499 29.19173
0.9055 24.07958 2.58619 3.5438 28.89891
0.90558 25.67705 2.75507 4.08982 26.59843
0.92117 24.75377 2.78161 3.13693 28.42044
0.86417 23.15593 3.50216 3.17566 29.31414
0.89722 23.12139 3.4785 3.30418 29.21006
0.75384 23.46159 3.63504 3.63908 28.5268
0.80958 21.88553 3.54012 3.01926 30.75426
1.03386 21.35337 3.65451 4.01097 29.96315
0.67733 21.9761 3.06199 4.23917 30.05849
0.9183 23.5108 3.29473 4.09563 28.20422
0.84502 24.04037 3.02834 3.46538 28.64137
1.05133 22.38272 3.13647 3.8992 29.54937
0.93599 23.56623 3.61369 2.84579 29.05584
1.00365 23.65571 3.72115 3.27747 28.36552
0.90338 23.61976 3.38402 2.97384 29.13132
0.90692 25.33102 2.85521 3.46623 27.47013
0.93335 24.72051 2.57678 3.85602 27.9416
1.27451 22.76042 2.99267 3.29636 29.69523
1.22825 21.7632 3.72108 3.14622 30.1562
1.34136 23.41683 3.45536 3.57238 28.2399
0.90315 23.44743 3.47487 3.18745 29.00834
1.19755 22.44588 3.71763 3.61451 29.04454
1.11504 22.82472 3.7609 3.21912 29.09493
0.95525 21.79676 3.49732 2.96665 30.79152
0.91404 22.29887 3.72404 4.22291 28.85616
1.10417 22.84216 4.17751 3.78773 28.11451
1.18055 22.12529 5.18219 3.57433 27.97235
0.86949 21.25675 4.70231 3.48544 29.70231
0.91397 22.31303 4.44824 3.52919 28.81991
0.90476 22.86069 3.49963 3.81944 28.93846
1.01738 23.54898 3.20908 3.24432 29.00155
1.07695 22.19667 4.32785 2.27813 30.13533
0.84407 22.93217 3.7283 2.89666 29.61631
0.90289 23.64421 3.54688 2.46626 29.45427
0.9083 24.258 3.26187 2.7018 28.89189
1.02423 23.70311 3.21755 3.70953 28.37156
0.84822 24.80832 3.02936 3.06205 28.26987
0.66473 24.87015 3.7291 2.62251 28.13491
0.79968 24.15435 4.35793 2.55533 28.15329
0.77797 23.57598 3.85425 2.89738 28.91285
0.87735 22.42084 3.51508 3.23487 29.97073
0.90598 24.28883 3.88862 3.20124 27.74654
1.08836 23.68639 3.64315 3.64089 27.97055
1.12042 22.64922 3.70881 3.25475 29.28363
1.06613 22.27424 3.7872 2.77493 30.11541
1.01504 23.02515 4.06629 3.25665 28.66015
0.93903 23.25152 4.26726 4.02316 27.56077
0.81338 23.75433 4.59635 4.14701 26.74262
0.74697 24.52913 3.45241 3.70143 27.59968
0.96178 23.39961 3.57958 4.0239 28.06557
0.81765 21.9041 4.16613 3.86036 29.27419
0.84172 22.27267 4.05479 3.96078 28.89683
0.90686 21.42783 4.08235 3.36894 30.23243
0.76987 24.70567 3.8252 4.03343 26.71131
0.78244 22.53266 3.35404 3.681 29.66362
0.83085 21.78427 3.22796 4.23812 29.92916
0.95108 22.68477 3.17298 3.21011 29.99088
0.99315 23.30939 3.85004 4.13176 27.73747
1.02869 21.73062 4.17318 3.92623 29.15529
1.07298 22.61332 4.06614 3.87712 28.39061
1.15171 22.80506 3.69623 3.40581 28.96245
1.32487 23.10461 3.73486 2.91558 28.93589
0.99937 23.01634 3.28942 2.97987 29.72537
1.04117 22.10898 3.83694 2.80285 30.2263
0.96391 21.63834 4.55729 3.51138 29.35273
0.79692 21.51886 4.27821 5.0237 28.41253
1.11721 23.52884 3.32272 3.98704 28.09704
0.96228 24.52379 3.32379 2.92958 28.29155
0.88891 22.96345 3.2288 3.15408 29.7771
1.15469 22.84017 3.73978 3.04324 29.23778
0.8711 22.70965 3.30468 3.06679 30.05796
0.73447 24.45554 3.37974 2.80466 28.65256
0.93585 22.83022 3.61005 2.72027 29.91533
0.95327 24.72273 3.94476 2.50094 27.91106
0.83356 22.41103 3.97266 2.97131 29.82482
1.1001 23.47281 3.57336 3.18525 28.68874
0.95193 24.27253 3.51856 2.79071 28.48495
1.03281 23.04035 3.55227 2.89874 29.49916
1.17094 22.89809 3.05987 2.67622 30.21568
1.08869 24.37824 3.45205 3.16506 27.95171
1.10529 23.2738 3.59173 3.38016 28.67026
1.068 23.79635 3.24293 3.97212 27.94641
1.07397 22.84268 3.08199 3.40838 29.60975
0.98276 22.17573 2.88369 2.75152 31.21327
0.94022 23.13794 2.73123 3.08979 30.11167
0.79223 24.62021 2.86865 3.26126 28.47926
0.8966 23.04513 3.07749 2.95607 30.03562
1.08666 21.38751 3.52079 3.03577 30.97965
1.03783 21.10985 3.8225 3.36332 30.67861
0.83915 21.78258 3.14355 3.49117 30.75594
0.82202 22.53049 3.444 3.56567 29.6569
0.70638 22.98872 3.05695 3.41258 29.85205
0.83977 22.90807 3.05813 2.95774 30.25063
0.8043 22.89056 2.52539 3.4841 30.30962
1.01039 23.39948 2.97823 3.25465 29.37368
0.89135 22.68665 3.20053 3.84192 29.40077
1.31478 22.3208 3.47778 3.7932 29.12237
0.93646 22.73413 3.04004 4.09909 29.21544
0.93061 24.09084 2.54716 3.58495 28.86959
0.97143 21.8567 2.89868 2.52187 31.76071
0.76238 22.3015 3.12473 2.72081 31.10435
0.8098 22.35572 3.57591 3.4075 29.87869
0.81149 23.36618 2.65016 3.34415 29.84249
0.781 21.98485 2.84856 3.79724 30.59996
0.66529 21.9464 3.01601 3.97483 30.41013
0.75604 23.30593 3.45358 4.06297 28.45037
0.78433 22.65003 3.87969 3.79663 28.91656
0.78528 22.96372 3.16019 3.41461 29.69693
0.83142 22.17774 3.20402 3.26297 30.53693
0.68014 21.84971 3.54015 2.76126 31.18002
0.73053 21.63812 3.42507 2.76379 31.4515
0.96631 21.40991 3.06395 3.06403 31.50681
0.76057 23.59664 3.30229 3.25672 29.10428
0.83393 24.67468 3.78314 2.66446 28.07047
0.79994 24.06073 3.63837 3.18742 28.33561
0.7609 23.36966 3.62507 2.89002 29.37155
0.76612 22.04146 3.64115 2.72678 30.83751
0.66652 23.11636 3.27428 2.92834 30.0353
0.79809 22.1973 3.5822 2.7198 30.71311
0.67253 21.98124 3.03991 3.29166 31.0297
0.60009 21.25473 3.39675 3.10032 31.66042
0.71991 21.48744 3.22246 3.35293 31.23116
0.81366 24.73247 3.57291 3.69206 27.23972
0.97414 22.53536 3.79299 4.67509 28.05657
0.92281 23.46212 2.78944 3.79694 29.05141
0.92502 24.4165 3.46409 3.96019 27.27243
1.12802 23.1179 4.18478 4.08189 27.54658
0.81032 22.37765 3.95873 3.33476 29.54587
0.84437 24.48762 3.42893 3.05375 28.21573
0.85502 25.64554 2.80537 2.6612 28.06912
0.84442 23.28308 2.72405 3.30153 29.8683
0.84376 23.95198 2.84388 3.46524 28.91805
0.69148 25.13016 3.22854 4.10086 26.89699
0.98745 24.25204 4.04496 3.83374 26.9269
0.87809 24.46718 3.97199 3.43378 27.30166
0.78089 21.86426 3.82865 3.47857 30.06458
0.89012 23.58011 3.2393 3.60773 28.70366
0.79579 22.36862 3.81293 2.8916 30.14428
0.64413 21.70369 3.28998 2.75395 31.61446
0.52277 21.91343 3.26053 3.32997 30.98139
0.64139 21.66218 3.18798 3.3224 31.19227
0.59762 23.71787 3.37142 3.65567 28.67121
0.7386 21.83436 3.67557 3.3595 30.40069
0.6602 23.35581 3.98074 3.31159 28.70713
0.79513 22.6484 4.14831 3.18758 29.23444
0.73927 22.7562 3.34216 2.79885 30.37814
0.87443 24.65717 3.40569 2.89439 28.19948
0.69499 21.87897 3.65744 3.19908 30.58011
0.82946 24.17471 3.15204 2.62509 29.23552
1.08751 23.78629 3.00093 3.4183 28.72067
1.00653 24.2228 3.11948 3.60387 28.07014
0.91696 21.61237 3.04717 3.78093 30.65007
1.08108 24.87683 3.30378 3.81576 26.95169
0.89322 23.442 3.43817 3.36486 28.88366
0.8994 22.54742 3.21603 3.55458 29.80045
0.80435 23.77752 3.32363 3.25893 28.86793
0.80909 23.17861 3.16367 3.035 29.83091
1.16125 21.95338 3.26251 2.82032 30.81201
1.04501 23.45491 3.68774 3.05358 28.77343
0.99038 22.91122 3.31229 2.88415 29.91643
1.0091 23.44119 3.15087 3.66561 28.76243
1.00401 23.12799 3.54109 3.8085 28.55182
0.80801 22.69612 3.67822 3.57135 29.26325
1.01079 23.50988 3.45902 3.11892 28.91814
0.84669 23.65766 3.34415 2.86143 29.31169
0.80376 23.08696 3.0051 3.72309 29.40605
0.64426 22.50838 3.72524 3.78001 29.37862
0.85313 23.04656 3.3885 3.29166 29.43921
0.80969 22.93543 3.81211 3.2144 29.25816
0.94417 21.40104 3.8085 3.98618 29.88827
1.00949 22.61663 3.55958 4.67716 28.17854
0.88778 22.58863 3.59692 3.57339 29.38291
1.07073 22.56268 3.28688 3.13436 29.97806
0.98849 23.50682 3.36541 4.27769 27.91544
0.96451 21.10556 3.96392 4.47898 29.51884
1.06454 22.56168 4.02003 4.63634 27.7714
0.72879 23.08596 3.94336 4.98096 27.31252
0.8054 24.00338 3.28651 4.55514 27.39797
0.81151 24.15574 3.06395 4.14904 27.87606
0.78338 24.23993 2.76189 3.85828 28.38622
0.73792 24.26944 2.96605 4.35958 27.70696
0.75942 21.68936 2.86778 3.53339 31.1593
0.90261 23.1286 3.66342 3.9189 28.41633
0.73402 23.27321 4.09145 3.26439 28.6569
0.88834 22.37751 3.43297 3.98442 29.3329
0.92157 23.31252 3.5131 3.57918 28.6944
0.99855 23.43105 3.20362 2.82188 29.57474
1.00134 21.66654 3.85154 2.40287 31.08956
0.8746 21.735 3.91879 2.68724 30.79261
0.81427 23.62273 4.17486 2.77127 28.63412
0.77412 24.29247 3.93714 3.5852 27.44665
0.85776 23.81777 3.68744 4.12076 27.54443
0.69654 23.67208 4.07944 3.64678 27.93026
0.80432 23.90654 3.68005 3.17696 28.45223
0.70355 24.66398 4.26853 3.20198 27.20395
0.93635 21.39833 4.01672 3.56546 30.10306
0.82888 21.33109 4.03352 3.21187 30.61724
0.66105 23.78162 3.79222 3.93558 27.86149
0.64142 22.77423 3.4393 4.07743 29.07944
0.77876 23.72919 3.65797 3.5571 28.29912
0.84577 21.932 3.55924 3.53457 30.14141
1.02764 21.80054 3.49703 3.75145 29.93648
0.67183 24.35151 3.40206 3.6552 27.94078
0.81145 23.04512 3.06886 3.97727 29.10853
0.95609 21.99243 3.87569 3.853 29.33896
0.97805 23.73809 3.01013 4.07272 28.21656
0.85317 22.48804 3.47208 3.12247 30.07597
0.81646 22.52448 3.74228 3.72665 29.20403
0.84001 22.43189 4.00722 3.01688 29.71573
0.9123 22.98889 3.37807 2.83665 29.8941
0.5932 21.20598 3.66716 2.6996 31.84116
0.70104 22.00369 4.26156 3.30389 29.74535
0.87067 21.43241 4.44779 3.08923 30.17506
1.03236 20.59975 4.71993 3.08858 30.57004
0.8743 21.45108 4.12825 2.83239 30.72317
0.869 21.41015 4.37486 2.82505 30.53109
0.88636 23.2386 3.64541 2.96871 29.275
0.91446 22.17118 4.07998 2.56861 30.27952
0.90158 22.86178 3.32814 3.27315 29.64963
0.91863 22.71564 3.66274 3.4115 29.30668
1.052 21.38501 3.45181 3.57264 30.55384
0.84569 21.7609 3.18801 3.36808 30.85152
0.95938 20.97201 3.21755 2.85603 32.00409
0.9053 22.03037 3.26149 2.08603 31.72356
1.20113 22.76593 3.3196 2.62274 30.10733
1.11635 23.39853 2.77109 2.83906 29.88548
0.96224 22.40968 4.0554 2.99895 29.58948
0.79369 23.49576 3.50013 3.25414 28.974
0.95629 23.49078 4.14258 3.3221 28.13116
1.11207 23.6094 3.41522 3.74805 28.14105
0.89813 23.38857 3.15596 4.13864 28.4375
0.73361 23.0848 3.50592 3.55058 29.14221
0.70057 22.48376 3.43426 3.39751 29.99697
0.67069 22.98683 3.27826 3.37615 29.70174
0.80632 22.66616 3.12498 4.16872 29.25488
0.72735 22.98972 3.63586 3.68683 28.9877
1.03217 23.61527 3.97838 2.89789 28.49998
0.82484 22.82097 4.10063 3.5561 28.72968
0.99628 23.16667 3.06946 4.05243 28.73517
0.99215 23.28899 2.82935 3.34157 29.57288
0.82143 24.09006 3.04831 3.30357 28.76656
0.93633 23.64614 3.50305 3.4943 28.4542
1.01886 22.40889 3.70569 3.00263 29.88178
0.97691 21.9686 4.30117 3.51658 29.26029
1.06555 23.06927 3.28646 3.01796 29.58565
0.88019 23.69718 3.27433 3.11231 29.0562
0.86812 24.42028 3.16954 3.54875 28.01507
0.968 24.11653 3.19424 3.5556 28.18609
0.95033 23.45803 3.54619 3.21799 28.84751
0.92095 22.2424 4.28912 3.29173 29.27696
0.79762 22.9834 3.93244 2.2487 30.05273
0.74712 22.99801 4.04933 2.75516 29.46827
0.93101 23.56857 4.44868 2.74604 28.33607
0.99497 22.85424 4.05701 3.27638 28.83409
0.9088 22.96672 3.62468 3.73206 28.79357
1.01142 22.85195 3.12926 3.40397 29.62437
1.16056 23.16464 2.93607 3.34713 29.4123
1.11207 23.22973 2.84404 3.20412 29.62841
0.70224 22.62387 2.4208 3.45695 30.80653
0.87761 23.42102 3.01696 3.69972 29.01044
0.81953 23.12057 3.31003 3.26456 29.50165
0.81639 22.44595 4.20453 2.83632 29.72134
1.00746 22.08157 3.69676 3.45816 29.77867
1.00371 22.54852 4.24049 4.06021 28.18227
1.31213 22.03053 3.81787 3.70512 29.16378
1.19025 22.787 3.94006 3.39013 28.73108
1.18054 22.28808 3.32013 3.46813 29.76398
1.08262 23.18124 3.42939 3.34459 28.98077
1.20562 21.19116 3.26873 2.6483 31.69366
0.97253 22.02443 3.82677 3.7966 29.39798
0.91009 23.26517 3.88547 3.47474 28.48947
0.87771 22.71634 3.93068 3.10288 29.38635
0.98456 23.43758 3.03487 3.25394 29.29894
0.94369 24.34688 3.36531 3.78686 27.579
1.02312 22.31924 2.97648 3.74497 29.95301
0.99834 21.99931 3.24952 4.17386 29.59732
1.27498 21.78785 3.40431 3.08971 30.45883
1.0564 21.54584 3.74827 2.98865 30.6759
1.18136 23.6641 2.66194 3.46434 29.05434
1.52594 23.60764 4.12568 3.05501 27.7608
1.44729 23.71698 4.86856 2.88854 27.17075
1.34061 23.45232 4.307 3.776 27.21021
1.48868 21.57264 4.11617 3.44656 29.44866
1.23977 22.38839 4.09144 3.299 29.00874
1.13451 22.27084 3.20762 3.20964 30.19705
1.29514 22.08148 3.49698 2.98555 30.17894
1.08575 21.66283 2.95485 2.68592 31.62136
0.89015 24.18754 2.89108 3.11535 28.92724
1.06237 23.14336 3.62542 3.10766 29.07344
1.11269 22.60553 3.59147 3.09203 29.60778
0.8401 24.26842 3.67798 3.02533 28.20773
0.82042 22.99202 3.8831 3.22387 29.10395
1.04936 22.54477 3.93635 3.45253 29.03941
0.96208 23.03006 3.12896 3.39086 29.49793
1.08942 21.41173 3.13671 2.97388 31.39539
0.97954 23.00984 3.35549 2.74807 29.92064
0.88868 23.22155 3.37693 2.48051 30.04791
1.04322 24.46568 3.95284 2.85757 27.71735
0.94309 24.20562 3.33141 3.08164 28.46339
1.15212 22.92821 3.04597 3.08685 29.7957
0.86179 22.23157 3.49476 2.55768 30.85869
0.91403 22.54029 3.71285 2.77039 30.0707
0.91259 23.30613 3.27976 3.24433 29.26519
0.94936 21.63625 3.78216 2.12725 31.50972
0.80745 23.02887 3.33585 2.61659 30.21891
0.73102 22.8719 2.84489 2.86073 30.69815
1.09831 23.5807 2.64719 3.07776 29.6057
0.96968 23.81824 2.89089 3.41841 28.91621
0.76973 21.70649 3.24005 2.94328 31.34456
0.81905 22.52672 3.30554 2.5419 30.81256
0.96615 22.63915 3.24174 2.51651 30.64801
1.03463 21.93636 3.343 2.69798 30.99741
0.8059 23.00602 3.14073 3.28922 29.76889
0.7609 22.57472 3.27336 3.40138 29.99881
0.83965 23.60885 3.30293 2.65686 29.60686
0.91879 23.84097 3.66033 2.6518 28.9488
0.92227 23.79667 3.29961 2.91264 29.08727
0.78745 24.90942 3.43197 2.36623 28.53458
0.82294 22.7621 3.60846 2.40425 30.41798
0.72562 24.45403 3.60821 2.65356 28.60624
0.73055 24.81272 3.36613 3.3149 27.79842
0.62644 23.42198 2.37288 3.17785 30.41087
0.75663 22.70221 3.47032 3.35379 29.73413
0.91626 22.93774 3.4044 3.47663 29.27969
0.92011 22.56738 4.16329 3.45466 28.9259
0.90942 22.98619 3.94467 3.25076 28.92638
0.64021 23.55763 3.47702 2.91828 29.42577
0.88448 23.72905 3.52586 2.29491 29.57966
1.03262 24.42041 3.39222 2.85157 28.32192
0.87184 22.89899 3.50194 3.49193 29.24859
0.84864 24.23811 4.0008 3.18032 27.75802
1.05883 23.55777 3.42811 2.84034 29.12853
0.92391 21.52824 3.31252 3.96886 30.27694
0.87755 22.00215 3.02328 3.20549 30.89696
1.18671 22.75789 3.0544 3.76159 29.25275
1.09239 23.534 3.24955 3.18426 28.96227
1.0405 23.7033 2.50042 3.44752 29.325
0.92011 22.57926 3.40007 3.20482 29.91075
1.04821 24.25666 3.23138 3.32109 28.16989
0.96521 23.56677 3.31247 3.32492 28.85495
0.87396 24.13657 3.70175 3.73689 27.58368
0.81522 25.41241 3.10674 4.03649 26.66607
0.87159 24.36446 2.4819 4.72165 27.58061
0.77415 24.52795 3.02508 4.50772 27.19657
0.89344 23.2724 3.19948 3.94419 28.70905
0.85221 22.83458 2.81022 3.88318 29.63466
0.74832 21.6073 2.7997 3.64264 31.21434
0.7004 21.94651 3.73805 2.96018 30.66537
0.8055 21.37523 4.29881 3.32487 30.20899
0.84077 22.36535 3.04914 3.51929 30.24505
0.739 24.17392 2.91231 3.83077 28.37
0.99271 22.25336 3.47127 3.24041 30.05812
0.97613 22.41744 3.33546 4.19475 29.10049
0.83621 23.03835 3.17312 3.95273 29.02668
0.83848 24.09726 2.75814 3.00493 29.31863
0.90342 23.58556 2.74661 3.49959 29.2944
1.06753 24.37529 2.80342 3.91075 27.87639
1.00693 22.72531 2.89806 3.13471 30.24894
0.9643 23.08757 2.89042 3.49637 29.57621
1.10803 23.75469 3.17685 3.71239 28.27999
0.93848 21.67572 3.3119 3.07997 31.01313
0.90851 24.2019 4.1117 2.71964 28.09094
1.124 23.02145 4.00294 3.45191 28.42601
0.89328 22.95135 3.51737 3.47281 29.18409
0.82106 23.43205 3.13285 3.92924 28.70424
0.67245 23.33822 3.1347 3.48443 29.38654
0.76621 22.94475 3.28103 3.68088 29.34236
0.84944 24.3517 3.60088 4.10798 27.12267
0.71248 21.95738 4.36709 4.25048 28.7285
0.63748 22.81769 4.13577 3.92206 28.50737
0.58565 25.1939 3.11972 4.06448 27.07459
0.58993 22.41756 3.06062 4.22289 29.7201
0.58521 23.43467 3.02332 3.85728 29.11588
0.57532 23.88031 3.54222 3.50714 28.51758
0.66624 24.77628 3.56515 3.51846 27.49801
1.03883 23.78277 2.93472 4.28379 27.98229
0.71223 24.61894 3.63292 4.29363 26.77889
1.17038 22.83912 3.83149 3.14018 29.03807
1.13107 23.42429 3.66101 3.87451 27.93272
0.95406 22.76967 2.95357 3.9516 29.38108
0.7703 23.44655 2.91113 3.0722 29.81016
0.81481 22.59294 3.77236 2.77533 30.05739
0.78567 24.39694 3.71584 3.49557 27.63303
0.92513 25.02224 3.51223 3.47578 27.09592
0.81472 23.4151 3.17972 4.00085 28.60882
0.7836 24.35447 2.88423 4.0664 27.9404
0.84345 23.89815 2.95345 3.82112 28.50503
1.02489 24.05951 3.20858 4.34236 27.40032
0.82603 21.33001 3.40248 3.10912 31.34246
0.7043 23.01248 3.45757 3.61397 29.22636
0.88541 21.60606 3.20522 3.55103 30.7595
0.71187 22.10195 3.5749 3.23023 30.39317
1.07793 21.85039 3.76402 3.24241 30.08024
0.7771 21.50517 3.14695 3.59497 30.98696
0.79397 23.01835 3.10258 3.60008 29.49954
0.9593 22.60339 3.53982 3.72953 29.19054
0.80785 24.52113 3.82883 3.59039 27.29447
0.79327 23.41843 3.85059 3.40819 28.55267
0.82873 23.95104 3.65563 4.09996 27.49767
0.82451 23.71441 3.81947 3.62703 28.04062
0.68267 22.5772 3.4096 3.8969 29.45194
0.76728 22.54713 4.24957 3.866 28.59196
0.84628 21.83075 4.16165 3.88942 29.29192
0.71212 21.082 4.49791 3.52794 30.20104
0.84645 21.98145 3.66766 2.81302 30.71043
0.82364 22.36107 3.69772 2.54051 30.58854
0.6831 22.54837 4.13238 2.56645 30.09458
0.84169 23.9222 3.60143 3.76191 27.90887
0.86516 23.38801 2.66083 4.22387 28.87988
0.8094 22.06706 3.08984 3.83122 30.21279
0.85027 21.32187 3.75209 3.50681 30.57779
0.89926 24.25642 3.28549 2.83781 28.74609
0.80729 22.43249 3.08231 3.3785 30.31142
0.79018 23.07601 3.51193 2.88231 29.75155
0.71587 23.23613 3.1899 3.59137 29.2849
0.74856 23.52007 3.12425 3.02844 29.58908
0.50106 22.74203 3.77002 2.84749 30.15312
0.73042 23.50978 3.39603 3.58111 28.79954
0.56945 22.12368 3.606 2.99445 30.71806
0.78914 24.92485 3.52949 2.79636 27.99263
0.79824 21.91494 4.38032 2.54586 30.38113
0.59121 21.63919 3.42252 3.30423 31.06096
0.75243 24.05591 3.22525 3.01431 28.97107
1.00468 20.81925 3.17277 2.79831 32.21017
0.99988 22.33032 3.67056 2.61256 30.39884
1.08548 22.57762 3.59401 3.4069 29.35214
1.013 23.75687 3.15082 3.4608 28.63022
0.80446 24.52333 3.35994 3.27471 28.05678
0.78762 23.24781 3.52158 3.91022 28.55038
0.88426 22.27042 3.11076 3.46212 30.28191
0.81198 24.72145 2.62192 3.56384 28.30021
0.92747 23.15243 3.14324 3.60269 29.18575
0.78045 22.81796 3.09043 3.25125 30.07131
0.7622 23.48873 3.39682 3.02632 29.33894
0.81437 23.17363 3.05724 2.45115 30.51166
0.68478 23.54179 3.20782 2.91445 29.66346
0.69468 22.08046 2.97507 3.34068 30.91589
0.93484 22.48469 3.02188 3.51715 30.05126
0.78892 21.17885 4.27955 3.14023 30.62074
0.88567 22.48322 3.77271 2.64099 30.22433
0.86092 22.13416 4.63545 3.04275 29.34263
0.85213 21.02084 4.79787 3.05087 30.29538
0.86426 19.65501 4.87278 3.30726 31.31235
0.98854 22.43872 3.96857 3.62266 28.99714
0.99521 23.31894 3.96786 3.15481 28.57871
0.84829 21.68783 5.21788 2.5248 29.73931
1.12954 21.93751 3.59966 3.55757 29.78544
1.02769 22.24056 3.17319 3.89716 29.67036
1.04151 22.27922 3.97995 4.16346 28.55455
1.12713 21.86972 3.33594 3.6059 30.07863
0.97524 21.93115 3.58387 3.42608 30.09767
1.01097 22.35975 3.42214 3.457 29.76282
1.09463 21.61014 2.90479 3.86614 30.53434
1.0141 23.82555 3.04829 3.12399 29.00417
0.98141 23.85533 4.2899 3.1217 27.77721
0.94609 24.13343 3.99325 3.61948 27.34586
1.16355 21.67258 4.24577 3.6263 29.31128
1.18939 23.21197 3.58392 3.40889 28.63018
0.82463 24.97066 3.65281 3.49288 27.08952
0.80928 24.30712 3.27067 4.2533 27.38917
0.80863 23.73086 3.5584 3.26446 28.6594
0.78471 22.29875 2.94296 2.44282 31.53853
0.82227 22.57215 3.39042 2.21313 31.01321
0.65714 21.49151 3.31822 2.82528 31.71658
0.68283 22.01268 3.15851 3.24031 30.91608
0.82922 23.31163 3.51422 3.5409 28.82634
0.96586 22.17073 3.4859 4.51213 28.88667
0.97584 23.85756 3.17993 4.30988 27.70385
1.30306 22.43499 3.3015 4.24159 28.74298
1.03325 22.66435 3.59635 2.9765 29.74437
0.85711 22.86702 3.16509 3.02371 30.09711
0.88474 22.74274 3.26766 3.56442 29.55515
0.74481 23.12076 3.18196 3.08857 29.87369
0.82839 23.73525 3.13792 3.4058 28.91063
0.7896 24.02925 2.88578 3.12547 29.18427
0.83895 22.25454 2.79147 3.48192 30.6444
0.76541 21.53512 3.19254 3.17123 31.34315
0.90534 21.84895 3.6763 3.15465 30.42767
0.72444 22.70363 4.07779 2.90533 29.60526
0.63437 23.35477 3.85327 3.55561 28.6374
0.87021 23.58664 3.29964 4.32385 27.94371
0.80056 23.43362 3.26526 3.94344 28.58034
0.69994 22.67815 3.18744 3.46562 29.98208
0.73375 22.28356 3.35316 3.15915 30.48228
0.74121 20.56911 3.58738 4.10083 31.00789
0.545 20.70422 3.79766 2.63842 32.32001
0.67924 21.80051 3.50195 2.62445 31.40107
0.57815 20.88245 3.56086 2.91355 32.07285
0.62985 21.65537 4.1451 3.50131 30.08717
0.65273 21.83751 4.12508 3.76826 29.62835
0.67425 22.5543 3.88907 3.39959 29.4946
0.71338 23.00924 4.32258 3.02879 28.94256
0.94184 21.85759 4.3383 3.48226 29.39565
0.93811 23.12803 3.4671 3.45132 29.03539
0.89055 20.99359 3.86103 2.86913 31.39295
0.97157 21.16919 4.15739 2.84479 30.86409
0.81176 23.95266 3.39334 3.31079 28.5451
0.97466 23.15193 3.40446 3.0184 29.46089
0.90102 23.53168 2.9022 2.81562 29.86182
0.88683 22.43324 2.97324 2.39876 31.31319
1.02294 22.88612 2.97174 2.9681 30.1583
0.70256 23.38105 3.28733 2.97199 29.66597
0.63206 24.1234 2.87405 2.94598 29.43777
0.92722 22.64031 2.79274 3.30644 30.34616
1.27131 23.22767 2.93717 3.04319 29.53312
1.29613 23.59886 3.34858 3.09609 28.68962
1.02067 23.53673 2.41455 4.62808 28.42681
1.1242 25.14446 2.87948 3.82897 27.06917
1.11837 22.87617 3.69854 3.49654 28.84029
1.03189 22.05921 3.90483 3.36003 29.66595
1.14503 21.89252 3.40962 3.36021 30.20663
0.80166 23.12856 3.51468 2.90589 29.66523
0.76101 24.54675 3.27153 2.94787 28.49335
0.71021 22.74437 2.99309 2.92649 30.63673
0.57264 24.4508 3.42137 3.22258 28.35683
0.9474 24.78176 3.65327 2.70311 27.94408
0.69556 23.94261 3.48452 3.05048 28.84938
0.7085 22.75987 3.88485 3.20738 29.46464
0.94337 22.8214 3.76535 3.69719 28.79197
0.95822 22.77072 3.68028 3.15697 29.44578
0.9313 22.23355 3.63319 3.20817 30.0065
0.69953 23.17746 3.00018 3.66665 29.46878
0.82986 23.51399 3.21333 2.86249 29.59369
0.70866 23.18013 2.9738 3.15733 29.99612
0.95973 24.22429 2.56811 2.71928 29.5441
0.89893 22.93918 3.43578 3.40173 29.33913
0.83604 24.04672 2.73642 2.9002 29.49433
1.04632 25.38853 3.67226 3.0952 26.82778
0.88498 25.47935 3.27784 2.94629 27.44588
0.89516 24.24507 2.75036 2.34649 29.77227
1.04936 23.01355 2.76413 2.37527 30.80445
0.66483 22.28298 3.36185 2.35212 31.34512
0.69187 23.02558 3.41798 2.34932 30.52682
0.72028 22.01938 3.45858 2.66689 31.14403
0.7657 23.05205 3.63093 3.53166 29.03459
1.05189 24.48457 3.72949 3.25562 27.50585
0.83536 23.66801 3.80195 2.99397 28.71726
0.76018 23.50355 4.1464 2.71712 28.89027
0.70988 22.46826 2.96456 2.67796 31.18635
0.78281 23.59818 2.85012 3.15998 29.62129
0.86044 23.18459 3.1879 3.21823 29.56024
0.72811 23.91994 3.35393 3.9196 28.10635
0.80563 25.00375 3.14245 3.48911 27.58009
0.95296 22.16573 3.8229 3.08432 29.98395
0.94895 25.21945 3.43576 2.81688 27.60574
0.94506 24.53408 3.59542 3.32273 27.64356
0.95897 23.06544 2.89854 2.54901 30.53778
0.86264 25.88763 3.1383 3.31697 26.83001
1.14731 22.73989 3.48698 4.18065 28.46829
1.13079 23.95182 3.05075 3.93611 27.94589
1.18494 23.78107 3.08659 3.37602 28.58569
1.21495 23.64151 3.30373 2.9782 28.87685
1.21029 23.55733 3.41304 3.02564 28.81441
1.30804 23.10279 2.88106 3.00831 29.719
1.08945 23.29136 3.23463 3.09199 29.30917
0.92808 23.08108 3.31719 3.55395 29.14085
0.91609 22.61633 3.35689 3.5351 29.59607
1.00703 21.50226 3.85594 3.11654 30.53363
1.03324 23.13065 3.83112 3.24095 28.78752
1.14869 23.7925 3.5209 2.94619 28.61364
1.10159 22.8472 3.50819 2.93292 29.62912
1.14075 21.41698 4.14408 3.22489 30.08995
0.93402 23.01016 4.23072 3.35067 28.50036
0.95749 23.30293 3.07889 4.6745 28.02326
0.8659 23.51173 3.05639 4.58181 28.02346
0.8562 22.5712 3.92477 4.31957 28.36335
1.06645 21.26188 4.1194 3.82442 29.75431
1.07534 22.72158 4.10491 3.79753 28.33672
1.08193 22.69482 4.14151 4.65378 27.47274
0.90287 23.35207 4.25211 3.61697 27.91318
1.06153 22.87123 3.58762 4.28574 28.23427
1.04979 24.1099 2.78847 4.20197 27.90255
0.71755 22.9806 2.79403 3.9435 29.60522
0.68328 22.90569 2.91417 3.92105 29.62021
0.66235 22.62087 2.7963 3.39223 30.54852
0.65376 22.42147 3.38019 3.0548 30.50863
0.73311 24.29988 3.33857 2.24602 29.41339
0.85599 24.21821 2.85737 2.6563 29.44737
1.02485 22.34647 3.16387 3.20957 30.2669
1.03895 22.52328 3.86705 2.83832 29.74651
0.77953 22.32407 4.38988 2.79176 29.73201
0.82445 22.26469 3.61081 3.34192 29.97083
0.67975 22.28765 3.45421 3.20327 30.38518
0.83085 23.07576 3.95549 3.91644 28.24468
0.70882 22.95611 3.38208 3.75579 29.21462
0.93925 22.67457 4.07681 3.38271 28.95228
0.86645 23.3236 3.54571 4.53194 27.76491
0.86525 23.0117 3.57208 3.57199 29.00142
0.84111 23.2834 3.64932 2.60188 29.64212
0.67532 22.07242 4.04969 3.7984 29.44061
0.76498 21.9661 4.29494 3.57521 29.43385
0.88173 22.51567 4.40109 3.20515 29.02015
0.75602 22.96704 4.1565 3.72212 28.43302
0.80839 23.93977 4.24097 4.33732 26.73353
0.76062 20.94298 3.85825 4.09624 30.35676
0.74613 21.37869 3.54761 2.95588 31.38293
0.6757 22.07537 3.4222 3.79538 30.05109
0.6994 22.2092 4.19699 4.06336 28.85658
0.94587 23.39432 2.9141 4.2185 28.55933
0.84897 23.87568 2.91498 3.50704 28.88719
0.85928 22.00175 3.16602 3.21301 30.77868
0.77522 22.27974 2.61156 3.54124 30.80465
0.79584 22.64203 3.41869 3.36429 29.79515
0.87498 23.80934 3.25682 4.52752 27.57231
0.70992 23.94301 3.57177 3.4933 28.30928
0.68904 24.25195 3.39311 3.06294 28.62281
0.73822 23.84117 3.02884 2.94831 29.46172
0.74207 24.02602 3.05389 3.78544 28.41527
0.64055 24.92614 2.59368 3.6563 28.20726
0.62506 25.00099 2.71717 2.89974 28.77209
0.78183 24.91673 2.379 3.45415 28.48885
0.70954 22.29098 2.77996 3.73039 30.50059
0.61658 23.35308 3.11755 4.03369 28.89528
0.72561 22.41948 3.23697 3.29321 30.333
0.97237 25.05933 3.03177 3.42996 27.54434
0.88215 22.72189 3.00118 3.33719 30.07822
0.72087 24.74406 3.8929 3.9598 26.71961
0.8273 22.12161 3.50528 3.48799 30.06705
0.8129 23.68793 3.46969 3.82729 28.21819
0.95135 24.4646 3.52487 3.08923 27.99714
0.89835 22.24445 4.19122 2.43978 30.24106
0.80851 22.04243 3.67168 2.96298 30.53074
0.80713 23.21903 3.20029 3.60436 29.19687
0.78468 24.05047 2.92682 3.23944 29.01708
0.76286 23.42816 2.66834 3.08593 30.07777
0.85317 23.25824 2.78245 2.81204 30.3069
0.75642 21.82623 2.67174 3.00271 31.7532
0.55727 22.90537 3.10852 2.85663 30.58664
0.6284 22.59441 3.27645 3.2944 30.22906
1.02136 23.35402 3.07433 3.9243 28.65034
1.15563 21.74547 3.44272 4.24671 29.43787
1.04549 23.16435 3.6567 3.91898 28.24361
1.10793 22.51497 3.20076 4.31264 28.88474
0.89692 22.32459 3.41117 4.51433 28.87876
1.01624 23.32665 3.384 4.01086 28.28577
1.07869 21.69523 3.28475 4.09939 29.86129
0.92288 23.08497 3.45728 3.55193 29.00094
0.85701 22.49102 4.12606 3.52964 29.03183
0.85249 22.16197 3.22949 3.64382 30.13803
1.02018 21.61761 3.39097 2.62912 31.3658
0.82213 23.70614 3.09724 2.8543 29.54612
0.77641 21.60393 3.8782 2.93849 30.82223
0.6982 23.45274 3.80919 2.67814 29.3808
0.81488 23.31774 3.78211 3.36002 28.75428
0.67908 22.79654 3.03919 3.44553 30.0546
0.76376 24.35324 2.89803 2.80812 29.19447
0.9004 23.39937 3.21129 2.6691 29.8333
0.81575 22.96706 3.28315 2.84987 30.09769
0.71993 23.50215 3.65873 3.39143 28.75594
