"V1" "V2" "V3" "V4" "V5"
5.43497 21.6233 3.66358 0.28829 29.01426
5.66287 21.83402 4.16678 0.3096 28.05448
5.62348 22.16508 4.07879 0.32274 27.84037
4.99362 22.08727 4.06064 0.30731 28.57016
4.80644 21.32457 4.00877 0.30787 29.56612
5.40405 21.93975 4.21869 0.37376 28.09942
5.16182 22.37956 3.98772 0.41274 28.11006
5.04106 21.81539 3.97184 0.36814 28.83244
4.86899 21.62271 3.95103 0.31168 29.2642
5.05773 22.28221 3.73816 0.33661 28.60972
5.80237 21.76295 4.00343 0.31685 28.14233
5.8739 21.78136 4.24491 0.30233 27.83381
5.32975 21.33829 4.1715 0.26748 28.92509
5.06894 22.69691 4.11702 0.25779 27.87854
5.25876 20.97109 4.61839 0.25429 28.91923
5.26856 21.6107 3.8918 0.28074 28.96796
5.44381 22.57405 4.13193 0.34913 27.53143
5.7239 22.03224 4.71857 0.31256 27.23972
5.34721 21.59384 4.53512 0.25004 28.29673
5.69051 22.57092 4.68207 0.31651 26.77664
5.77832 21.63311 4.55274 0.28761 27.78385
5.38207 21.10105 4.34452 0.26446 28.93014
5.50208 21.42581 4.245 0.26563 28.58228
5.28553 20.8861 4.38665 0.24326 29.21217
5.50022 21.85788 4.37092 0.31209 27.98137
5.51217 21.46967 4.14218 0.27139 28.62685
4.94905 23.11706 4.04886 0.30362 27.60543
5.28794 21.55101 4.5424 0.30238 28.36517
5.54826 21.16171 3.95459 0.36694 29.00158
4.9517 22.22649 4.17748 0.3372 28.33841
5.70681 21.45376 4.072 0.33098 28.46079
5.40917 22.69316 3.74084 0.37082 27.80666
5.63529 21.53651 4.08511 0.33689 28.4204
5.31095 21.04488 4.08725 0.31843 29.2524
4.94944 21.72713 3.71191 0.29872 29.32417
5.00277 21.66624 4.60149 0.29212 28.45514
5.19337 23.34621 4.52479 0.35132 26.60806
4.97459 22.3376 3.971 0.26446 28.46988
5.30908 21.51826 4.13503 0.27462 28.78361
4.74885 21.96868 4.00032 0.28312 29.00839
5.44945 22.29753 4.35672 0.28592 27.62509
5.30712 22.26665 4.20737 0.28302 27.95624
5.09656 22.09784 3.60451 0.27978 28.93314
5.47927 22.11637 3.98956 0.33312 28.09254
4.74875 22.45246 4.25591 0.33757 28.21798
4.72307 21.51719 4.18207 0.32521 29.26315
5.22906 21.76914 4.58774 0.32331 28.1096
5.3254 21.99146 4.36499 0.27856 28.05924
5.01501 22.09249 4.46607 0.26907 28.17767
5.75414 21.19982 4.14269 0.28082 28.63951
5.28296 21.31958 4.36471 0.26453 28.77957
5.71227 21.32845 4.06344 0.21964 28.6897
5.36343 22.38516 3.88267 0.23804 28.14918
5.45534 22.46576 4.13702 0.25593 27.70699
4.75096 22.6597 4.12886 0.24106 28.23243
4.85396 22.26498 4.31075 0.23008 28.36578
5.35058 21.67027 3.85411 0.23052 28.91263
4.83935 22.01676 4.29723 0.2209 28.64121
5.11605 21.89111 4.15593 0.19201 28.66837
4.83514 22.29722 3.96365 0.19152 28.7217
4.75871 22.30378 3.81543 0.18791 28.9449
4.87794 22.52139 3.84435 0.21059 28.56141
5.43305 21.86921 4.28122 0.28337 28.15578
5.81244 21.45589 4.19106 0.25987 28.29779
5.68187 20.69081 4.43781 0.25752 28.94126
5.82014 21.2398 4.43198 0.31102 28.21701
5.60659 20.34242 4.48775 0.29652 29.27806
5.44615 20.95339 4.17073 0.29544 29.14174
5.27786 21.26564 4.34418 0.32208 28.79985
4.76429 22.08 4.02628 0.2922 28.8478
5.40153 21.85312 4.25485 0.36651 28.13595
5.43948 22.46508 4.557 0.34765 27.21233
6.05675 21.13918 4.27713 0.31365 28.23791
5.38879 20.83397 4.16185 0.22973 29.39651
5.18681 21.9116 3.87331 0.24125 28.79565
4.63325 22.34516 3.79322 0.30696 28.94256
4.90425 21.48365 3.81151 0.27279 29.53943
5.13161 21.09084 4.15356 0.32516 29.31945
5.99714 21.0114 4.47479 0.36611 28.17059
6.35759 21.51777 4.41237 0.4059 27.3309
5.25529 21.64868 4.11269 0.33897 28.65462
5.68625 20.93049 4.00415 0.32296 29.06672
5.42767 22.21035 4.1048 0.38273 27.89099
4.86277 22.47875 4.36526 0.31228 27.99297
5.03624 21.11599 4.38184 0.26442 29.21264
4.76621 21.54954 5.10906 0.26814 28.31555
4.98968 21.31176 4.92044 0.23248 28.55921
5.34388 22.35617 3.79091 0.23467 28.28965
5.12919 21.45651 4.45109 0.21073 28.7639
5.17461 21.64496 4.12929 0.25059 28.80711
5.14829 21.91896 4.17051 0.23491 28.53745
4.89798 21.42266 3.9355 0.21023 29.54205
5.6518 21.03564 4.39777 0.26683 28.66462
5.10732 21.38864 3.93105 0.20935 29.37289
5.10994 21.38738 4.51172 0.23693 28.76402
5.60194 20.88296 4.60563 0.27778 28.63934
5.05315 21.12256 4.264 0.24571 29.32182
4.97512 21.70396 4.19985 0.25595 28.8758
4.73763 22.23696 3.76754 0.22562 29.04184
4.93288 21.49505 4.29682 0.22068 29.06197
4.89514 22.10233 3.91348 0.19128 28.90473
5.24871 21.08525 4.06414 0.20128 29.41061
5.50524 20.81957 4.21126 0.23352 29.23825
5.36145 21.17956 4.24711 0.25061 28.97136
5.57705 21.54294 4.12973 0.23022 28.53077
4.85047 21.84015 3.90317 0.23951 29.17746
4.9731 23.15261 4.02542 0.23559 27.64515
5.14781 22.51101 4.07433 0.26943 28.01259
5.33072 21.01239 4.42913 0.30574 28.93654
5.26104 20.44304 4.39347 0.26716 29.64969
5.38173 21.86859 4.0664 0.3627 28.33408
5.17633 21.90255 3.57565 0.36157 28.99783
4.6706 22.05816 3.68181 0.30001 29.29825
5.65307 22.10455 3.83163 0.36733 28.06124
5.16445 22.06163 3.93458 0.27835 28.5816
4.90711 22.29683 3.75136 0.24914 28.81091
4.99869 22.23344 3.65477 0.27579 28.8544
5.45242 22.68982 4.28189 0.29747 27.29982
5.19634 22.70545 4.71701 0.39268 27.01668
5.94957 20.96434 4.93057 0.40965 27.79321
5.10377 22.04452 4.38401 0.37621 28.11799
5.28408 21.96235 4.89646 0.42042 27.46911
4.88773 21.26631 4.56198 0.33759 28.9614
5.09837 22.15188 4.05105 0.39251 28.33328
5.33536 21.54035 4.21505 0.3448 28.59357
5.18538 20.90016 4.40717 0.3486 29.17712
5.28938 20.26711 4.08221 0.27118 30.09952
4.99064 20.48085 3.71432 0.24537 30.57982
5.23387 21.48109 4.31228 0.29013 28.70907
5.50254 20.31963 4.26364 0.28087 29.66284
5.17432 21.05936 4.03615 0.26935 29.48034
5.07143 22.56938 4.15488 0.32733 27.91438
4.86046 21.85812 3.72333 0.24815 29.33252
5.20835 21.65102 4.02527 0.27141 28.87625
4.948 21.22066 4.53354 0.31906 29.00555
4.94987 22.24509 4.07258 0.36679 28.40859
4.98433 22.03647 4.72134 0.38102 27.91427
5.09781 21.33322 4.57118 0.37126 28.65924
4.94625 22.41269 4.24402 0.33956 28.0932
5.39205 21.9428 4.73917 0.34142 27.62199
5.21067 21.36258 4.18532 0.33756 28.92455
5.45348 22.0019 4.39817 0.40776 27.76938
6.37511 21.48538 4.12831 0.42869 27.62138
5.86458 21.45145 4.25483 0.38862 28.071
5.07322 22.62736 3.85534 0.3216 28.14499
4.88163 21.56778 4.33414 0.22036 29.01043
5.24661 20.88149 4.4743 0.24783 29.1611
4.79462 21.38017 4.52038 0.24319 29.07261
4.77673 20.88868 4.46939 0.22653 29.64873
5.00075 21.27402 4.00408 0.25492 29.48016
5.26972 23.01249 4.20898 0.30208 27.23373
5.0853 21.94646 3.75089 0.2614 28.97139
4.91221 21.96416 4.2576 0.29169 28.5932
4.94348 22.50468 4.30777 0.26905 27.99359
4.93926 22.26449 4.14942 0.2341 28.42403
5.39374 21.02015 4.54693 0.22221 28.83484
6.27188 21.85012 4.76411 0.24915 26.88862
5.75256 21.24542 4.93262 0.24984 27.8415
5.96418 21.86575 4.57822 0.31144 27.30396
5.96155 21.03675 5.32356 0.27517 27.4284
4.86385 21.71807 4.69391 0.2476 28.4972
5.22684 22.27451 3.99931 0.27603 28.24297
4.6147 23.09596 4.10557 0.27592 27.93014
4.99657 21.68891 3.86301 0.19508 29.27205
4.58311 22.78096 4.06882 0.19874 28.3812
4.92998 22.03075 5.53057 0.22845 27.30799
5.35296 21.27377 4.744 0.20725 28.44107
5.72507 20.8349 4.7273 0.23918 28.49522
5.17767 21.96782 4.66657 0.20746 28.00961
4.90537 21.18773 5.01548 0.20691 28.6956
6.24002 20.66066 4.86128 0.23646 28.02983
5.26183 20.99245 4.59656 0.21795 28.94413
5.25835 21.7393 4.6646 0.2611 28.09307
5.49486 21.52073 4.17293 0.24651 28.58097
5.41366 21.23606 4.31441 0.27398 28.77326
5.01007 22.34076 4.28492 0.30772 28.07723
5.20691 21.80872 4.25425 0.29972 28.45435
5.43475 21.98898 4.8378 0.27159 27.50541
5.27086 22.34017 4.37842 0.24902 27.80058
5.30272 21.8618 4.60785 0.24787 28.02441
4.89497 22.51886 4.33343 0.24423 28.05474
4.91917 22.67152 4.70578 0.21959 27.51825
5.32495 22.27671 4.13705 0.18674 28.09414
5.78572 21.72666 4.32505 0.25227 27.93314
5.78384 21.75237 4.02628 0.29449 28.16831
5.60968 21.18978 4.34979 0.20798 28.67017
5.21497 21.20861 4.43667 0.2134 28.94738
5.29359 20.8964 4.25599 0.18127 29.39082
5.49978 20.3538 4.315 0.21183 29.64152
5.36844 22.47262 4.12921 0.25879 27.80342
4.84729 22.21625 4.35674 0.25957 28.34224
5.0122 21.90404 4.48673 0.24944 28.37405
5.20059 22.16494 4.22484 0.25847 28.18598
5.58435 22.16687 4.38558 0.2986 27.61598
5.72528 21.93352 4.4488 0.30185 27.62165
5.91992 22.00919 4.04808 0.33838 27.71636
5.38323 21.75537 3.9158 0.27217 28.68768
5.36584 21.36461 4.06439 0.22663 28.99612
5.46336 19.87438 3.92107 0.16825 30.58154
5.29831 20.94702 3.83505 0.16868 29.76283
5.59649 19.90768 4.67716 0.2112 29.61921
5.00504 22.39218 3.84113 0.24312 28.5346
5.07948 22.24171 4.61345 0.29688 27.79103
5.0787 20.48208 4.32549 0.22483 29.89456
5.01887 21.09299 4.61151 0.19132 29.0978
4.93778 21.69229 4.56441 0.17135 28.64753
5.10621 23.245 4.05005 0.17876 27.43786
4.69185 22.93309 4.32716 0.18982 27.88365
5.40383 22.04607 4.31634 0.20311 28.0484
4.83739 21.248 4.13827 0.15606 29.62971
5.05006 21.99441 4.42755 0.23186 28.31146
5.02856 23.58999 4.257 0.24839 26.89556
5.60101 21.31318 4.30224 0.28118 28.51735
5.15689 20.91455 4.20286 0.30372 29.43084
5.19918 23.09162 4.49312 0.39553 26.84591
5.12961 21.79539 4.53284 0.37104 28.19017
5.4365 22.35425 4.29785 0.37519 27.56182
5.70667 22.29596 4.08361 0.39967 27.53905
5.15655 22.23886 4.32873 0.44376 27.84752
4.92208 22.83501 3.92417 0.41202 27.91751
4.95986 22.79866 4.25937 0.38508 27.6212
5.04525 21.84545 4.19229 0.2786 28.65782
5.68816 20.40578 4.46233 0.29257 29.16323
5.17176 22.10377 4.05585 0.31526 28.36561
4.85659 22.56589 4.08825 0.38604 28.1186
4.76299 22.29639 3.60288 0.39036 28.95595
5.3824 22.0491 4.01915 0.42965 28.13996
5.21392 21.70559 4.22173 0.37164 28.49858
5.3904 21.75569 4.1331 0.32517 28.41156
4.97459 21.25426 3.95996 0.32927 29.49108
5.25675 21.97999 4.06798 0.38093 28.32564
5.05224 22.48313 3.42888 0.42209 28.62581
4.77474 23.15222 3.57675 0.44304 28.07299
4.63155 22.5434 4.14378 0.38237 28.31396
5.1339 22.99588 3.89363 0.40161 27.59284
4.74271 23.74283 3.89954 0.40401 27.23891
4.48927 22.11454 4.12606 0.34125 28.94395
4.88778 20.68457 4.65362 0.31381 29.47001
5.22521 21.16269 4.15421 0.28018 29.19091
5.25731 21.65805 4.17466 0.35043 28.58051
4.88726 22.08888 4.05456 0.37863 28.61515
4.91006 21.58034 4.05323 0.36485 29.11012
4.65123 21.93973 4.15692 0.36129 28.90912
5.20337 22.80791 3.92129 0.3544 27.74469
4.66709 21.91769 3.76509 0.25322 29.40612
5.24721 22.5114 3.86699 0.31439 28.07991
5.22201 21.41105 3.78279 0.30076 29.29303
5.04879 22.18455 3.61203 0.31534 28.8559
4.96226 21.86421 4.04697 0.32284 28.81385
5.25471 20.95734 4.42307 0.31327 29.06423
5.31299 22.66354 3.62716 0.30821 28.10745
5.02306 22.88324 3.99033 0.32253 27.79682
5.11174 22.8545 3.69311 0.30294 28.05933
5.34982 21.89018 3.87008 0.26513 28.64413
5.09499 22.65381 4.07227 0.2758 27.92483
4.99635 21.80153 3.84211 0.32247 29.05553
4.98215 22.23282 3.58818 0.32014 28.89374
4.93904 22.88706 3.51851 0.32463 28.35559
5.35014 21.89878 3.91165 0.29555 28.56777
4.7869 21.74143 4.20641 0.26757 29.01506
5.07861 23.11766 4.09793 0.29463 27.43661
5.08339 22.51527 4.05866 0.2578 28.10452
4.94255 22.32439 4.2605 0.24956 28.23691
4.93255 22.85634 4.27903 0.26469 27.68902
4.50828 23.27208 4.4503 0.23242 27.5664
5.1208 21.74506 4.65528 0.21608 28.2902
5.19936 21.06545 4.67988 0.24286 28.83488
5.58534 20.16587 4.80632 0.21324 29.24108
5.28577 21.52839 4.72576 0.24227 28.22827
5.126 21.32175 5.00307 0.21136 28.3498
5.19997 21.43063 4.75182 0.22381 28.40664
5.57403 20.24118 4.71713 0.21362 29.27072
5.54909 21.01618 4.9125 0.21242 28.32704
5.28225 21.58481 4.53838 0.22151 28.3859
5.49069 21.52318 4.51457 0.24581 28.24464
5.38771 21.30283 4.48521 0.23561 28.59685
5.22275 22.35867 4.12853 0.24096 28.06801
5.58015 21.52687 4.20873 0.26214 28.44058
4.9271 21.47844 4.60421 0.25961 28.74772
5.46964 21.24561 4.84681 0.27363 28.19377
5.09668 21.97225 4.8407 0.3335 27.79404
4.88792 21.24042 4.34999 0.30241 29.25698
5.53185 20.8914 4.28634 0.2788 29.04117
5.54811 20.79225 4.12049 0.27343 29.28026
5.4694 21.57362 4.30082 0.32961 28.33865
4.8085 21.24861 4.25402 0.3053 29.39456
5.34409 22.28003 3.98909 0.43101 27.96585
5.17205 21.35812 4.04418 0.36443 29.06683
5.26638 20.79999 4.18854 0.34622 29.4059
5.49985 20.44459 5.03402 0.42274 28.61684
5.78425 21.6808 4.77004 0.40144 27.39223
5.31205 21.6283 4.45837 0.35338 28.25973
5.26722 21.60128 3.8527 0.33998 28.95349
5.26037 22.05416 4.07887 0.39264 28.22749
5.42515 21.75606 4.222 0.32589 28.28019
4.82365 22.01185 4.64117 0.36545 28.16588
5.19997 21.79876 4.4431 0.37143 28.19352
5.41562 20.79921 4.38485 0.3179 29.09141
5.64428 21.44974 5.22274 0.32586 27.38042
5.27617 21.92199 4.29065 0.29645 28.22828
5.44203 22.46987 3.64907 0.27293 28.18514
5.75381 22.3448 3.81684 0.27941 27.82005
5.48332 22.59992 3.69144 0.28501 27.95251
5.7546 22.96084 3.49325 0.31323 27.49412
4.96394 22.09605 4.04524 0.30762 28.59463
4.52215 22.29385 3.21092 0.26499 29.71334
4.52754 22.02348 3.57524 0.31002 29.57103
5.34225 20.82661 3.98006 0.3309 29.52635
4.7938 21.31232 3.82363 0.29689 29.77983
5.29564 22.08512 4.04675 0.2897 28.29655
5.95099 21.20465 4.54003 0.30847 28.01497
5.38985 22.06231 4.31712 0.37551 27.87042
5.45104 22.17516 4.27859 0.33408 27.78307
5.5474 22.76201 4.28451 0.33116 27.10204
4.82156 21.18016 3.95605 0.21985 29.83306
4.94773 22.10969 3.79244 0.22179 28.94219
4.84313 21.10587 4.13998 0.20996 29.70614
4.83709 21.28076 4.29673 0.23639 29.36053
4.6595 20.99673 4.07058 0.2388 30.04263
5.38675 21.02085 4.49863 0.27517 28.83146
5.17194 22.20139 3.86265 0.3576 28.42563
4.87202 21.80828 3.88676 0.33207 29.11289
5.09734 21.86194 4.04825 0.28471 28.71912
4.92785 21.29319 4.14624 0.29164 29.35136
5.01963 21.28788 3.79583 0.23875 29.6685
5.72847 21.18805 4.0631 0.28468 28.75389
5.67619 21.63682 4.16932 0.32043 28.21738
4.98746 21.59257 4.21652 0.25346 28.96137
4.8112 21.56125 3.65214 0.233 29.75656
5.59387 21.70021 4.50833 0.26058 27.96143
4.7997 22.4842 4.08087 0.22893 28.42427
5.03839 22.71675 4.08825 0.22475 27.94624
5.30192 21.96711 4.51548 0.25389 27.98525
5.49022 21.78959 3.89217 0.23755 28.61138
5.05901 21.41999 3.76905 0.20434 29.55605
4.77898 22.82199 3.71602 0.1969 28.50147
4.83512 22.65969 4.36941 0.25129 27.90669
4.96524 22.73028 4.11249 0.24369 27.97702
5.38052 21.93848 4.24121 0.29546 28.18932
5.19394 22.55397 4.7171 0.29286 27.30065
5.35795 21.50169 4.58827 0.26517 28.32065
4.99985 22.64195 4.54522 0.20669 27.63669
5.58285 22.69212 4.48744 0.23616 27.0463
5.63656 21.84049 4.4212 0.19429 27.93861
5.31104 22.90984 3.94869 0.22984 27.62603
5.53855 21.95674 4.06199 0.19842 28.2657
5.40366 21.82502 4.61349 0.25555 27.92657
5.31949 22.05957 4.38801 0.27591 27.97621
5.3131 20.65083 4.80049 0.25617 29.00369
4.92315 20.45208 4.25076 0.24748 30.14117
4.89128 21.32657 4.78916 0.27483 28.74804
4.68676 21.57619 4.81418 0.24206 28.71035
4.64864 21.03194 4.88518 0.23978 29.20651
4.71965 21.07852 4.99262 0.27188 28.94648
4.7917 22.5411 4.5643 0.24438 27.87173
5.40021 21.35392 4.67083 0.2657 28.32062
4.56808 21.23263 4.11205 0.23154 29.86319
4.48929 21.5338 4.20614 0.25895 29.51949
4.78698 21.57264 4.29526 0.26782 29.08638
4.99717 20.98902 4.23088 0.26859 29.52504
5.51417 20.41725 4.33182 0.33722 29.41372
5.38912 20.68436 4.38127 0.33923 29.22181
6.04221 20.79449 4.27364 0.38405 28.52808
5.31176 20.55453 3.95752 0.32233 29.86383
5.13557 21.57681 4.06137 0.37115 28.86884
5.69481 22.0513 3.90404 0.39149 27.98555
5.4277 21.32627 3.94152 0.34879 28.97477
5.64395 21.96555 3.98544 0.34671 28.08423
5.12749 21.96573 4.36012 0.32452 28.2487
4.99869 20.79745 4.3113 0.28754 29.61716
5.63848 21.75384 4.45873 0.35245 27.82072
6.01789 22.17862 4.36094 0.40924 27.0639
5.78948 21.44623 4.50923 0.36094 27.91932
5.1973 23.34596 4.37275 0.45938 26.65222
5.39198 21.94821 4.30773 0.36253 28.00912
5.07744 22.27488 4.11841 0.32893 28.21587
4.96328 21.39793 4.13749 0.30822 29.20533
4.70284 20.57873 4.24604 0.25659 30.22541
5.34313 22.71009 4.14992 0.34618 27.48148
5.37317 22.0462 4.30347 0.3262 27.97534
4.75007 21.04168 4.31458 0.2479 29.65336
4.77735 21.86459 4.00963 0.27755 29.08377
5.31415 21.92532 4.38653 0.289 28.10902
5.23916 22.07223 4.31824 0.34902 28.03845
5.3634 21.73266 4.1857 0.3744 28.36131
5.3152 21.85289 4.31986 0.40709 28.12503
5.18665 21.68361 3.61561 0.33087 29.19587
5.70111 23.1515 3.67714 0.34365 27.15625
5.71735 23.688 3.83493 0.37686 26.40633
5.2152 21.42656 4.01249 0.33236 29.02452
5.33966 22.09883 4.29799 0.33054 27.94484
5.67188 21.50842 4.51204 0.34091 27.97774
5.93106 21.61628 4.79188 0.4271 27.24918
6.09308 21.61917 4.72862 0.4003 27.17559
5.45232 21.15315 4.26957 0.35645 28.77966
5.48988 21.51175 4.16584 0.34183 28.49993
5.59995 20.97283 4.50021 0.28477 28.65642
5.05497 22.10157 3.88334 0.25698 28.71423
4.85969 21.25359 4.09146 0.29116 29.51236
5.31108 22.27261 3.82927 0.32136 28.28571
5.18387 21.7904 3.93921 0.29176 28.80806
4.48127 22.12036 3.49026 0.26917 29.64528
4.71782 22.92522 3.33307 0.28403 28.74868
5.1917 22.53239 3.48018 0.35703 28.44829
5.04996 21.477 3.62317 0.33731 29.51823
4.95914 21.39071 3.94668 0.35668 29.35439
4.45354 20.96056 4.02847 0.30473 30.25866
5.1676 19.86795 4.55434 0.25298 30.16441
5.80308 18.32844 5.09751 0.22405 30.55579
5.85673 20.06501 5.01356 0.24249 28.82993
5.53601 20.6963 4.67121 0.24757 28.85904
5.3051 20.82737 4.5724 0.20863 29.09453
5.4871 20.68532 5.17162 0.22244 28.4486
4.97853 21.6547 4.35605 0.19792 28.82445
5.29439 20.96321 4.35208 0.19094 29.20657
5.03466 21.98037 4.36254 0.23757 28.3959
5.27421 20.66323 5.18055 0.25515 28.63698
4.94467 20.53812 4.21694 0.2048 30.10258
4.73645 20.82444 4.14462 0.20312 30.09681
4.07798 20.81768 4.23836 0.18364 30.6885
4.66998 20.71657 4.39351 0.20152 30.02574
4.68287 20.53652 4.31271 0.21156 30.26246
4.73872 21.37398 4.39522 0.25666 29.24461
4.28129 21.8382 4.29461 0.29825 29.29227
4.80373 21.60704 4.16928 0.32161 29.10468
5.0031 22.14342 3.75874 0.32522 28.77717
4.95661 21.62103 3.68396 0.30127 29.44151
4.97091 21.53221 4.23972 0.28274 28.98201
5.32965 20.38671 3.79181 0.24348 30.25278
4.85989 21.09115 3.90879 0.2744 29.87067
4.71112 20.81406 4.44435 0.34147 29.69375
5.20927 20.99364 4.55031 0.3395 28.92138
5.01797 22.42384 3.89427 0.33858 28.33486
5.18058 22.20025 4.0491 0.35856 28.22054
5.53791 20.15574 4.33945 0.26837 29.70323
5.86608 20.73619 3.85482 0.28269 29.26767
5.06556 21.16448 3.54829 0.29794 29.92984
5.92319 21.52375 3.57895 0.31554 28.66869
5.36225 21.72006 3.60094 0.31858 29.00297
5.28249 21.60649 4.32291 0.32925 28.47026
5.15649 22.21482 3.82258 0.29014 28.52696
5.18356 21.46704 4.17878 0.27079 28.90723
5.50551 21.28113 4.13905 0.30024 28.7831
5.34909 21.50961 4.1944 0.27346 28.68627
4.9806 21.45027 3.90756 0.28621 29.38065
4.96681 22.05974 4.01167 0.27562 28.69813
4.55057 21.81673 3.74445 0.2695 29.63383
4.66783 21.63964 3.94826 0.27854 29.47928
4.91272 21.38832 4.02521 0.20687 29.4784
5.27717 21.19545 4.19283 0.23523 29.11014
4.857 22.10877 3.7157 0.25936 29.07052
4.43491 22.62138 3.55013 0.233 29.17011
5.15982 22.01448 3.74704 0.22941 28.86553
4.48619 22.33726 4.00306 0.23366 28.95083
5.152 21.41169 4.2058 0.27195 28.97041
5.3851 21.34156 4.07864 0.27048 28.94013
5.56547 21.23883 3.81182 0.25712 29.14555
4.8339 22.24673 3.98525 0.2877 28.67223
5.33489 21.26559 4.27164 0.28418 28.86113
5.30022 21.42365 4.24562 0.26467 28.77818
5.84209 20.37247 4.29345 0.23376 29.27376
5.94702 21.48217 4.29379 0.25508 28.04204
5.08124 21.78676 3.95017 0.19395 29.00332
5.26965 21.1816 4.3605 0.19853 29.00895
5.1994 21.98904 4.51916 0.25056 28.07696
5.15783 21.88286 3.95741 0.26976 28.75377
5.03808 21.37974 4.14921 0.23988 29.21767
4.84642 21.53154 4.34998 0.26046 29.02652
4.69939 21.82873 4.3977 0.2889 28.79538
5.40715 21.60447 4.40166 0.2873 28.31708
5.22984 22.06704 4.23768 0.31076 28.17135
4.94075 21.15736 4.47329 0.28178 29.15946
5.16651 21.75567 4.13133 0.29854 28.664
5.64765 21.73065 4.50565 0.38074 27.75909
5.4302 22.14118 3.95806 0.31975 28.16968
5.27782 21.58331 4.29076 0.31573 28.54938
4.84085 20.82551 4.09546 0.27056 29.98153
5.2224 21.57116 4.38652 0.29274 28.54053
5.536 21.27735 4.65819 0.3177 28.22817
5.60637 20.03211 5.20461 0.26716 28.91167
4.84658 21.43056 4.75166 0.28243 28.71242
5.33357 21.90395 4.87778 0.29752 27.60773
4.85366 20.31216 4.29641 0.23235 30.30857
5.04724 21.55913 4.75094 0.29824 28.35187
5.11125 21.56725 4.67122 0.2497 28.41177
4.90459 22.36693 3.7094 0.22614 28.80332
5.83621 21.47647 4.72602 0.27604 27.71673
4.80489 22.26346 4.11009 0.25017 28.58802
4.75605 22.45741 4.08715 0.23176 28.48108
5.10384 22.89005 4.82803 0.27035 26.92857
5.23687 22.59279 4.29599 0.29258 27.6027
4.91915 21.95243 4.32437 0.22215 28.60884
5.52751 20.12863 4.68128 0.22298 29.45601
4.57125 20.86416 4.15091 0.19746 30.22847
4.93882 21.84853 4.06452 0.15248 29.00896
5.35733 21.48215 4.05498 0.19507 28.93414
4.79054 21.38666 4.05247 0.23987 29.54099
5.46945 21.97728 4.43681 0.29325 27.8442
5.53694 22.18499 3.7757 0.33017 28.196
5.50742 23.12833 4.15109 0.41507 26.83401
5.26978 21.01276 4.76877 0.23885 28.73137
5.62372 21.15041 4.94779 0.26084 28.0402
5.13565 21.56864 4.57582 0.2334 28.5015
5.03996 20.61399 4.45119 0.22576 29.68165
4.70328 21.83417 4.44407 0.2536 28.77818
4.85445 22.20299 4.01535 0.25189 28.68943
4.89348 21.76367 4.07065 0.27134 29.01945
5.82696 21.33371 4.75437 0.33753 27.78042
5.5512 22.60448 3.81537 0.288 27.76018
5.54719 22.71615 3.91949 0.32077 27.51902
4.96821 23.12253 3.65813 0.30935 27.96209
5.1619 21.53832 4.14452 0.27185 28.90262
5.31701 22.50922 4.07452 0.27462 27.84535
4.8995 22.54144 4.04317 0.21567 28.32633
4.7558 22.08917 4.0762 0.19451 28.8988
4.90867 22.62725 4.35104 0.23048 27.90685
5.03313 21.93893 4.18283 0.22004 28.63866
4.96977 21.36208 3.95364 0.21857 29.50404
5.1229 22.90551 4.04148 0.28139 27.67658
6.06909 22.13515 3.7922 0.27434 27.7564
4.69848 22.5703 3.70682 0.27291 28.7649
4.28313 23.15616 3.776 0.22193 28.57249
4.30782 23.7898 3.67113 0.22654 28.01837
4.24082 23.68174 3.3954 0.242 28.45867
4.22843 22.73123 3.60749 0.24331 29.19888
4.71314 22.96922 3.68013 0.23103 28.41828
5.06956 22.72635 3.78349 0.2394 28.19401
5.16499 21.56242 3.86023 0.22308 29.19833
5.83668 21.02864 4.23445 0.24432 28.67685
5.73606 21.95081 4.02295 0.29113 28.01125
5.77368 21.78534 4.20945 0.31418 27.93423
5.3473 20.49303 5.31987 0.27194 28.58115
4.86403 21.10939 4.48952 0.32198 29.22556
5.31034 19.68773 4.51487 0.26478 30.23094
5.69908 20.44986 4.96876 0.35009 28.54726
5.54615 21.40622 5.07083 0.3576 27.63873
5.56992 21.39202 4.24284 0.31487 28.4907
5.61398 21.95523 4.32505 0.29842 27.83283
5.67812 21.12536 4.4348 0.29878 28.48931
4.9661 22.35205 4.35133 0.24723 28.10562
6.04779 22.29232 3.88212 0.28775 27.52332
5.66864 22.35384 3.8203 0.31286 27.89058
6.26014 21.15616 4.75174 0.35905 27.53659
6.21062 21.36906 4.63728 0.30137 27.53833
6.0501 21.24986 4.5293 0.29441 27.91527
5.27794 20.95112 4.12239 0.226 29.44218
5.63042 21.88974 4.31468 0.26607 27.92529
5.28738 21.8139 4.35195 0.30076 28.26311
5.25298 21.70086 4.14471 0.32046 28.59398
5.09895 21.12622 4.01885 0.29921 29.46712
5.10472 21.59943 3.9537 0.2856 29.08445
4.86749 22.72632 3.84496 0.30639 28.27233
5.11295 22.28272 3.87472 0.34536 28.40299
4.5117 22.46639 3.66404 0.34656 29.02724
5.20343 22.63338 4.41128 0.38252 27.40555
5.5561 22.10859 4.4558 0.32333 27.58055
5.50837 22.43518 4.43751 0.35135 27.29082
5.762 23.13622 4.05201 0.38073 26.70544
6.01153 21.67578 3.96767 0.30684 28.06514
5.35928 21.14023 4.46217 0.2378 28.82536
5.42874 21.04443 3.90182 0.23985 29.40273
6.04701 22.24915 3.97257 0.3411 27.41903
6.22148 21.52559 4.17764 0.32601 27.76642
5.65885 22.07235 4.14561 0.31935 27.82839
5.42197 20.89932 4.78215 0.24167 28.67232
4.82266 21.04219 4.61927 0.27283 29.26427
5.1941 22.41151 4.63081 0.28919 27.50618
5.20761 23.13849 4.19496 0.3027 27.18169
5.39011 21.4304 4.82566 0.29649 28.08322
5.56621 21.76434 4.08848 0.29985 28.30236
5.14373 20.77152 3.99205 0.25462 29.84891
5.58587 21.56587 3.91615 0.28615 28.66225
4.99073 21.21931 3.53616 0.26975 29.98762
5.35301 20.72066 4.13015 0.32653 29.47584
5.91347 21.34336 3.82888 0.36637 28.5618
5.63834 21.5612 4.47602 0.38108 27.964
4.9847 22.08488 4.02239 0.303 28.61641
5.07827 21.81656 3.92302 0.30348 28.89242
5.19637 21.52895 4.05865 0.31057 28.91927
5.03413 21.27464 4.08708 0.31463 29.29746
4.84206 21.345 4.57485 0.29805 28.9506
4.76122 21.67668 4.61998 0.28464 28.67276
4.91184 21.43402 4.21183 0.31784 29.1366
4.96663 22.49552 4.11617 0.32922 28.1049
5.15697 21.25028 4.18298 0.29828 29.13182
5.04584 21.76454 3.74785 0.2885 29.16788
5.12215 21.6593 4.27835 0.29869 28.65261
5.22226 22.53024 4.07945 0.33234 27.84834
5.27722 22.49683 3.97438 0.3706 27.89653
5.47683 22.16776 4.28197 0.40404 27.68294
5.1721 22.43025 4.09026 0.33819 27.98546
5.50308 21.67685 4.34257 0.36686 28.1224
5.22297 20.37644 4.36184 0.27166 29.7743
5.75956 21.83865 4.18212 0.31309 27.92521
5.39031 21.28596 4.14758 0.25289 28.94024
5.86439 20.85135 4.62531 0.32759 28.35321
5.96835 21.38588 4.45568 0.32608 27.88692
4.87486 20.81425 4.11559 0.30309 29.90255
5.31771 21.56525 3.98807 0.33458 28.8052
4.9197 21.56431 4.21127 0.31898 28.99174
4.95113 22.12326 3.85095 0.31956 28.76345
5.10293 21.80472 3.65071 0.3702 29.07897
5.1488 22.7844 3.53022 0.37033 28.17867
4.69912 23.13677 3.39905 0.31608 28.46315
4.90897 22.37996 3.76459 0.29785 28.66588
5.03915 23.10675 3.75776 0.35847 27.76291
5.04984 22.32433 4.28107 0.39113 27.97229
4.91037 21.69556 4.4086 0.36361 28.63307
5.22203 22.68836 4.32056 0.33738 27.44988
5.17781 22.70595 4.19561 0.40871 27.53972
5.32645 21.26716 4.26385 0.30077 28.86187
5.14958 21.56725 3.82843 0.33449 29.13967
5.13949 21.94899 4.21699 0.29801 28.4121
5.17434 22.33273 3.77047 0.30153 28.43529
5.18234 22.49364 3.58341 0.35862 28.39985
5.29162 21.63311 3.48728 0.36755 29.23281
5.18098 22.28545 3.61606 0.3418 28.60159
4.70802 22.27689 3.86609 0.3763 28.78804
5.00549 22.32937 3.91104 0.38187 28.38235
5.19674 20.09176 3.94955 0.29755 30.47366
5.50301 21.1221 4.13828 0.36167 28.89451
5.17923 21.6954 4.26706 0.31027 28.56351
5.3144 22.44323 3.84059 0.33374 28.08624
4.73932 22.5814 4.26057 0.35017 28.08359
5.30092 21.83051 4.15801 0.33747 28.38576
4.95305 22.30005 4.06869 0.33159 28.3575
5.50516 21.49944 4.31035 0.31796 28.38108
5.34448 22.57374 3.91133 0.32233 27.86089
5.17704 23.04937 4.08322 0.28593 27.42051
4.87223 22.45541 3.97659 0.25407 28.45811
5.62506 22.40524 4.01672 0.26951 27.70623
5.10552 20.78088 4.33926 0.23861 29.54644
5.48806 21.48889 4.24486 0.25712 28.53673
5.8531 21.62196 4.33346 0.31869 27.89412
5.07225 21.00022 4.21493 0.23132 29.49215
5.46949 21.91209 3.97254 0.23884 28.42216
5.48014 22.23651 4.25134 0.26993 27.78633
5.18328 21.92059 4.8361 0.28046 27.80007
5.74606 22.13079 4.25878 0.29312 27.58796
5.74596 22.27662 4.30519 0.29776 27.40736
5.68431 22.18162 3.80104 0.31113 28.04376
5.04497 21.7668 4.0008 0.27648 28.92333
5.06182 21.53252 3.74509 0.27099 29.40211
5.80131 21.27854 4.06008 0.26714 28.60927
6.44761 21.01303 4.24397 0.21429 28.1139
5.93318 21.3177 4.62526 0.21976 27.93232
5.84035 21.61922 4.76352 0.21582 27.59311
5.62365 22.52292 4.30637 0.23317 27.3413
5.37584 21.74786 3.71066 0.20845 28.98419
5.04731 22.58173 3.98114 0.18025 28.24172
5.09968 21.38109 4.51087 0.17026 28.87422
4.86792 21.30011 4.07687 0.15638 29.61287
4.82351 21.24978 3.91249 0.19552 29.83622
5.49353 20.82073 4.54516 0.21611 28.94645
5.58016 20.67797 4.65755 0.18832 28.91266
5.15284 22.09613 4.56371 0.21418 27.99644
5.15384 21.55891 4.14993 0.17653 28.97595
5.54029 21.07648 4.08654 0.19221 29.11759
5.23387 21.99302 3.93278 0.23109 28.61856
5.27242 21.76925 4.16894 0.27972 28.52023
4.96502 21.80883 4.27164 0.26174 28.70156
4.43876 21.82713 3.78788 0.21836 29.73386
4.48052 21.75484 4.09342 0.25658 29.4201
4.74646 21.28507 4.11908 0.23602 29.6189
5.27781 21.89503 4.39229 0.24793 28.19961
4.95802 21.52814 4.57869 0.21692 28.73293
5.29549 22.06667 3.65612 0.25327 28.73952
5.07082 21.34284 3.96785 0.21596 29.4117
5.05763 21.65044 3.8338 0.25125 29.21822
5.14702 22.31322 3.61788 0.22305 28.7147
4.33837 22.58181 3.50834 0.21052 29.36933
4.56469 22.31544 3.7163 0.22812 29.18645
5.19231 20.69725 4.44642 0.27704 29.39941
5.11514 21.47556 4.08272 0.27411 29.06233
5.00808 21.64709 4.18408 0.31675 28.85897
5.60371 21.9165 4.32095 0.34348 27.83732
4.97716 20.82089 3.82835 0.24831 30.13169
4.60393 22.06606 4.35525 0.28465 28.71015
5.45235 21.15561 5.4248 0.3359 27.68443
5.53154 21.84936 4.34416 0.3035 28.00808
5.44173 21.52063 4.61354 0.2675 28.17652
5.70889 22.31233 4.38432 0.29207 27.34034
5.12193 21.87905 4.09046 0.26384 28.67548
5.44137 21.18188 4.0705 0.25933 29.06372
5.46917 21.02243 4.15141 0.32156 29.05766
6.10622 20.64431 3.9588 0.32065 28.98631
6.1526 22.00061 3.73373 0.36783 27.7743
5.31764 21.27785 4.24483 0.38866 28.79825
4.8637 21.18399 4.21666 0.30893 29.44324
5.53368 20.75919 3.97408 0.27374 29.47712
5.4586 20.89031 4.1115 0.28951 29.26717
4.89528 21.35962 3.72138 0.30641 29.72543
5.07563 21.5393 4.12141 0.33796 28.9475
4.80343 21.02259 4.62773 0.32836 29.23062
4.87778 21.42534 4.30356 0.31457 29.09894
5.11141 21.82524 4.56849 0.3517 28.17258
4.858 22.01646 4.58858 0.32778 28.23654
5.25566 22.50857 4.19363 0.32835 27.74275
5.11026 22.09799 4.0804 0.26716 28.47464
5.12418 21.4088 4.10777 0.2826 29.10435
4.99871 22.224 4.13025 0.34422 28.34575
4.92563 22.38714 4.39466 0.31123 28.00567
4.74682 22.98421 4.2307 0.24238 27.83153
5.1453 21.25306 4.79973 0.19443 28.63729
5.65422 21.41135 4.33704 0.18967 28.44511
4.96671 21.32766 4.22818 0.20908 29.29254
4.88478 21.16706 4.23928 0.24352 29.49341
4.96961 21.76162 4.09737 0.2924 28.8983
5.45227 21.37358 4.29581 0.29154 28.61317
5.40751 22.37162 4.32728 0.32387 27.59906
5.00128 21.08236 4.62692 0.34105 28.96091
5.25386 21.0576 4.85594 0.31584 28.53501
5.59143 20.88301 4.89845 0.2766 28.37045
5.05835 21.39881 4.18329 0.2316 29.14006
5.17788 21.31824 4.39579 0.20236 28.91937
5.3018 21.18348 4.43293 0.19918 28.89193
5.19129 20.55575 4.99396 0.19487 29.07546
5.89998 20.89905 4.17118 0.23483 28.80817
5.39313 22.1545 4.28328 0.2808 27.90693
5.15037 21.96855 4.40849 0.29105 28.20266
5.1007 21.92803 4.00164 0.26176 28.74815
4.90535 22.53186 3.70778 0.24629 28.63468
5.21345 21.09428 3.96055 0.24787 29.50547
5.84706 21.03655 4.53803 0.29633 28.30774
5.37824 21.35909 4.34984 0.24518 28.69334
5.15819 22.0704 4.29862 0.29302 28.20132
5.73824 22.02384 4.71193 0.28859 27.2761
5.68397 21.26101 4.37271 0.29722 28.41073
5.57335 21.50647 4.65589 0.30087 27.991
5.37092 21.48277 4.70146 0.30754 28.15762
5.07133 22.07036 4.3613 0.3275 28.18116
5.17355 21.95053 4.51612 0.337 28.03597
5.15049 21.84758 4.5244 0.3512 28.13459
4.78856 22.05473 4.34523 0.33347 28.48462
4.51396 21.59787 3.74855 0.32049 29.82481
4.60355 21.07165 3.94263 0.32527 30.06455
4.44421 21.83457 4.30323 0.29616 29.1345
4.88008 21.35455 4.62937 0.27636 28.8718
5.36926 21.19127 4.14212 0.21981 29.08859
5.64525 21.46253 3.77596 0.23659 28.89047
6.28769 20.62414 4.21376 0.2196 28.66999
5.55573 21.58749 4.35055 0.23275 28.28531
5.20361 21.06688 4.4775 0.24151 29.01872
5.12102 21.62393 4.15445 0.25338 28.86148
5.27271 21.62598 4.12114 0.21809 28.77496
5.17613 21.92936 4.44895 0.23856 28.21943
5.82582 21.72684 4.49814 0.25554 27.71435
4.89566 22.55876 4.21281 0.29136 28.05925
5.26709 21.07903 4.29914 0.29315 29.07557
5.42754 21.6438 4.43388 0.30332 28.20582
4.9037 21.61458 4.81393 0.30023 28.38263
5.46076 19.84284 4.3398 0.27325 30.09301
5.08805 20.86423 3.94752 0.26458 29.84194
5.28656 21.50662 4.16827 0.24652 28.80742
5.07239 21.38681 4.35109 0.22239 28.98125
5.29156 20.22542 4.49486 0.2248 29.77526
5.39872 21.63232 3.94466 0.27691 28.75984
5.66381 21.25084 4.68166 0.30667 28.12023
4.85131 21.94251 4.69368 0.24943 28.27709
5.03475 21.24845 4.77848 0.21689 28.73176
4.60118 22.20788 4.21296 0.22029 28.76931
5.0684 21.53575 3.9426 0.21465 29.2493
4.79696 23.07753 4.30882 0.32179 27.50894
5.57643 22.12472 3.98479 0.26685 28.06091
5.24494 22.5869 3.65651 0.24943 28.27383
4.88018 22.25797 3.6794 0.2291 28.96174
5.8854 21.95707 4.20767 0.31999 27.64878
5.41987 22.53191 3.85569 0.29489 27.91173
4.91463 21.84636 4.11724 0.27186 28.86021
5.68465 20.42175 3.84984 0.25928 29.79259
5.68927 20.93052 3.63554 0.29082 29.46535
5.48075 21.31548 3.90737 0.31641 28.99257
4.99586 21.76717 4.13925 0.34254 28.76599
4.61009 21.01334 4.11926 0.29589 29.96692
5.30284 20.78162 3.91856 0.26475 29.74817
4.80177 22.17929 3.73099 0.2897 29.01493
5.42725 21.67427 4.19341 0.2632 28.45534
5.179 21.97289 4.34081 0.28394 28.23639
5.43273 22.01084 4.19234 0.27323 28.1111
4.68654 21.34032 5.0323 0.2941 28.66309
5.48344 20.85327 4.56701 0.25163 28.85504
5.14833 21.75697 4.32061 0.26116 28.52878
4.9912 22.00739 4.9322 0.28185 27.80712
5.33224 21.2736 4.70626 0.29868 28.40499
5.20689 21.56106 4.39737 0.27755 28.57695
5.07528 22.46181 3.93379 0.28889 28.27189
4.86182 22.71542 3.93123 0.24135 28.26427
5.34108 20.93975 4.70562 0.2786 28.75319
5.30898 21.19293 4.30994 0.23609 28.97347
5.03724 21.66454 3.93844 0.2005 29.1755
4.53637 22.72204 3.91651 0.24267 28.59819
5.14064 21.61625 4.04921 0.26383 28.94821
5.85335 20.90084 4.33517 0.28442 28.65329
5.72018 21.67921 3.86572 0.30207 28.46246
5.38135 20.57598 3.98529 0.23039 29.84454
5.32976 20.40166 4.36757 0.25937 29.66
4.89739 21.2355 4.02069 0.24078 29.61687
4.9846 21.98413 3.6249 0.28727 29.13705
5.01525 21.58054 3.70487 0.34667 29.365
5.58326 22.16626 3.45202 0.3723 28.44193
5.51192 21.57146 3.68558 0.40061 28.84977
5.81649 21.09172 4.37909 0.36968 28.36597
5.82494 20.70498 3.80426 0.28733 29.38942
5.23078 21.85712 3.87452 0.29556 28.75675
5.79912 21.44662 4.61061 0.3753 27.80419
5.69201 21.3967 5.17424 0.27319 27.49378
5.87646 21.31421 5.17101 0.24093 27.42957
5.29841 20.99581 5.51472 0.28161 27.93696
5.59159 21.03122 5.00282 0.27014 28.13939
5.67844 20.40348 5.05881 0.2885 28.59047
5.74174 20.02341 5.07856 0.28119 28.89403
5.09623 20.76115 4.46041 0.23626 29.45543
5.21133 21.30997 4.34671 0.26876 28.88485
4.92845 21.18047 4.41845 0.24613 29.23482
5.23403 21.0224 3.77219 0.25914 29.72145
4.98755 20.71779 4.39713 0.27981 29.63075
4.63235 21.80226 3.97945 0.26209 29.33824
5.41577 21.37767 4.12088 0.27888 28.83165
5.25811 22.51688 4.11986 0.29988 27.83977
4.80082 21.06752 4.47193 0.25762 29.41674
5.30396 21.77756 3.99346 0.24648 28.71803
4.96724 23.11164 4.36009 0.29195 27.30697
4.831 22.25253 4.58287 0.28778 28.0728
5.1934 22.17222 4.12515 0.28475 28.25215
5.3092 20.94235 3.89684 0.23666 29.62818
4.3176 21.69901 3.85749 0.20734 29.92994
4.59015 20.99566 3.69555 0.19217 30.53667
4.91935 21.84312 3.68979 0.24777 29.31049
4.7579 22.87248 3.74308 0.24017 28.39664
4.76731 22.14306 3.78388 0.21662 29.10148
4.44419 21.49939 4.23241 0.27003 29.56203
4.55535 22.59246 3.72703 0.24028 28.89783
4.36029 22.5719 3.81192 0.2646 29.00122
5.35746 20.99481 4.46761 0.29411 28.9052
5.39441 22.36475 4.42859 0.32056 27.51808
5.12478 22.6666 4.1168 0.30231 27.82489
5.39747 22.12733 4.56265 0.29224 27.6448
5.7692 22.60281 4.86482 0.27124 26.55155
4.80688 22.10508 4.91914 0.32284 27.86365
4.42204 21.15835 3.68913 0.20377 30.53782
4.522 21.77941 3.96014 0.20449 29.55165
4.68988 22.16221 4.10417 0.22081 28.83885
5.20749 22.15289 4.41562 0.26559 27.9818
5.40885 22.35899 4.50356 0.31028 27.43661
5.18596 21.93857 4.34875 0.3034 28.2356
5.4495 21.19056 4.74174 0.31967 28.31238
5.51192 21.93708 4.2803 0.31207 27.97201
5.37826 21.29547 3.94439 0.29579 29.09267
5.3869 21.58413 3.84649 0.27729 28.91833
4.7729 21.75372 3.78271 0.31115 29.38745
5.37714 20.94559 4.13063 0.34269 29.21624
4.90814 21.73357 4.15819 0.33447 28.88026
5.2716 20.49568 4.51743 0.31039 29.4129
5.06628 21.25827 3.87656 0.30208 29.5034
4.96602 21.66947 4.21868 0.28318 28.87212
5.39022 20.57445 3.91898 0.231 29.89492
4.63737 21.9116 3.67748 0.25438 29.52676
5.22601 22.51265 3.9488 0.23524 28.09888
5.21275 22.13082 4.15293 0.22826 28.29726
5.52838 22.3097 4.12796 0.23534 27.82771
5.4972 21.88452 4.11314 0.21637 28.31181
5.57345 20.67843 4.76306 0.21996 28.78695
5.00788 21.47656 3.99055 0.1733 29.36236
5.12503 21.80153 4.38965 0.20361 28.4948
5.30947 21.56438 4.07207 0.20284 28.86265
5.19868 22.65774 4.42716 0.25451 27.4811
5.35403 21.29297 4.23284 0.24832 28.88836
5.31078 21.06973 4.11763 0.2333 29.28391
5.04168 19.57849 4.34936 0.19529 30.83941
5.92213 20.71931 4.2207 0.24046 28.90569
5.4532 21.32181 4.28288 0.26259 28.69927
5.3433 21.30398 4.45387 0.25641 28.66954
5.52592 21.51115 4.32313 0.30469 28.36093
5.37578 21.87389 4.14483 0.28754 28.34755
5.60377 21.57705 4.45269 0.31259 28.07656
4.99133 21.07334 4.34113 0.30743 29.30129
5.04366 22.4607 3.81865 0.31077 28.38437
4.9483 21.10265 4.59902 0.2903 29.07189
5.20921 21.2519 4.52224 0.33164 28.69293
5.10671 21.79627 4.14418 0.30766 28.65328
5.02192 21.59814 3.7894 0.29212 29.30518
4.96136 21.88792 3.87821 0.28478 28.99474
5.06497 21.29902 4.5235 0.25651 28.86465
5.27633 21.80401 4.64576 0.28382 28.01046
5.12831 21.72332 3.97167 0.27412 28.91679
4.96724 21.3083 3.63722 0.22966 29.86637
5.0249 21.94432 3.99519 0.22542 28.82735
5.40954 21.11063 4.41173 0.24872 28.84037
4.73991 22.54843 4.16934 0.21835 28.34451
5.03037 21.91166 4.33366 0.19464 28.5473
5.23247 21.66358 4.26233 0.18203 28.68002
5.03043 21.77689 4.41848 0.17394 28.61297
5.05891 22.20289 4.48966 0.21029 28.05949
5.29704 22.4598 4.1906 0.21988 27.85589
4.97761 22.46899 3.80337 0.18339 28.5847
4.57527 21.71145 3.77337 0.16378 29.78502
4.89516 22.75419 4.09481 0.23031 28.04086
4.90961 22.50556 4.16654 0.22218 28.20571
4.67899 21.05222 4.42261 0.17079 29.68706
5.01368 20.96474 4.22352 0.16569 29.64607
5.93776 21.38274 4.36767 0.23153 28.10393
5.46731 21.72321 3.8646 0.25251 28.69908
4.56027 21.37646 4.03206 0.18203 29.85552
5.0136 22.25589 3.69498 0.23146 28.81428
5.02333 22.54911 3.94118 0.27088 28.22578
5.35222 22.75052 4.02735 0.35494 27.53013
5.44552 22.56738 4.39917 0.36998 27.22981
5.30571 22.83991 4.14297 0.35073 27.37383
5.06397 22.34181 3.93681 0.31328 28.35473
5.64446 21.17223 4.36292 0.26741 28.56315
4.98234 20.86982 5.01667 0.25498 28.88488
4.80705 21.09137 4.79327 0.23119 29.0873
5.17845 20.63866 4.53526 0.25208 29.40562
4.95463 21.71743 4.23106 0.25122 28.86068
5.05439 21.21354 4.54748 0.24083 28.95228
5.06961 21.07074 4.01392 0.24125 29.60977
5.18086 21.63036 4.14588 0.28711 28.76488
5.0657 21.27041 4.18802 0.27771 29.2072
5.77306 20.50287 4.1874 0.27779 29.26641
5.69576 20.01499 4.46058 0.29496 29.5425
5.37518 21.43517 4.37461 0.38245 28.44273
4.92806 20.50996 4.08785 0.27546 30.20272
5.24815 20.04782 4.60176 0.2849 29.82387
5.69848 21.64706 4.04656 0.31508 28.31289
5.11393 20.17304 4.3356 0.31545 30.07062
4.89191 20.8635 3.91575 0.33657 29.99881
4.72269 22.16548 4.04854 0.38551 28.69037
5.05297 23.11187 4.23695 0.36979 27.2465
5.12566 21.69651 4.10882 0.30665 28.77103
5.77938 20.51365 4.37652 0.26998 29.07797
5.24071 20.58201 4.9021 0.38066 28.90933
5.25438 21.37836 4.37581 0.35648 28.64737
5.04248 20.98582 3.99758 0.30065 29.68172
5.94868 21.41101 4.3619 0.37406 27.91814
5.02132 20.99288 4.51836 0.371 29.10303
5.26474 20.94822 4.80807 0.29846 28.69137
5.42723 21.30554 4.3926 0.38204 28.50147
5.64738 21.58153 4.43378 0.37712 27.97642
5.87817 21.39736 4.54138 0.37905 27.8253
4.7529 21.88827 4.30882 0.36776 28.69936
4.97323 21.21252 4.31763 0.29503 29.21302
4.92945 21.92011 3.86048 0.33807 28.96446
4.93462 21.36918 4.20034 0.35294 29.14893
5.01716 22.10756 3.90096 0.29189 28.69548
5.38097 21.11091 4.24426 0.26853 29.00879
4.98037 20.92915 3.94639 0.24805 29.90583
5.08595 21.8094 4.235 0.22009 28.65987
5.41149 21.30992 4.66719 0.21794 28.41431
5.32559 22.68914 4.12957 0.25523 27.62387
5.35464 21.43006 4.00626 0.22419 29.00246
5.06903 21.89238 4.683 0.23504 28.13833
5.85062 20.98022 4.8927 0.27233 28.01899
5.77172 21.21194 4.49286 0.24501 28.28988
5.28398 21.1909 5.10747 0.22758 28.19932
5.20474 21.20566 4.81617 0.25231 28.52928
5.16456 21.56076 4.45207 0.29158 28.54113
5.32391 20.46811 3.97424 0.27909 29.96523
5.19568 21.412 3.9824 0.28423 29.13742
5.14416 21.076 4.51083 0.27811 29.0073
5.03567 22.91385 4.57749 0.30306 27.19741
4.84634 22.35382 4.20892 0.31069 28.29967
4.65557 22.11497 4.40791 0.31708 28.51836
4.81472 22.4948 4.46459 0.31208 27.92899
5.37532 21.612 4.20252 0.29128 28.53129
5.1324 21.79956 4.30962 0.35334 28.42273
4.93158 22.05589 3.97856 0.45947 28.59865
5.30728 20.90904 4.26506 0.33749 29.19865
5.07923 22.23114 4.19525 0.35208 28.16036
5.19992 22.34752 3.92945 0.31332 28.23367
5.6285 22.14472 4.52222 0.32304 27.41537
5.15696 21.04502 4.18076 0.28315 29.35649
5.3487 20.04585 4.54733 0.26214 29.82275
5.28224 21.02087 4.15777 0.27027 29.2895
5.51564 21.78546 4.40063 0.29496 28.03832
6.04778 22.05949 4.47378 0.30834 27.13626
5.94905 21.4164 4.28657 0.29286 28.0761
5.86863 21.52868 4.5405 0.30411 27.78463
5.4596 22.06508 4.58973 0.29899 27.61221
4.83505 22.24509 4.12375 0.27257 28.53812
5.36728 22.07282 4.49049 0.29718 27.80748
5.15516 22.66367 4.11174 0.25925 27.86106
5.14302 21.12198 4.02919 0.23583 29.48563
5.11908 21.86918 3.5551 0.21026 29.26346
5.20757 21.25447 4.01585 0.23866 29.30722
4.34901 22.44569 3.44966 0.27848 29.49244
4.66511 22.45709 3.77064 0.29669 28.82935
5.88802 21.3907 3.66692 0.29069 28.79011
5.69618 21.13808 4.6851 0.26944 28.23418
5.45847 22.42325 4.00326 0.28603 27.85856
5.52685 21.44125 4.03654 0.23219 28.78171
5.68676 20.12082 4.36509 0.18921 29.65313
5.58993 20.77301 3.92018 0.19494 29.53808
6.09206 21.3039 4.0395 0.26063 28.33706
5.83031 21.53087 4.09333 0.30213 28.2776
5.16448 22.17791 3.24425 0.2423 29.19474
5.77413 21.77498 3.76724 0.26004 28.45985
5.73967 22.43572 3.73855 0.25023 27.86279
5.71788 22.27114 4.36243 0.2941 27.37791
5.81788 21.48961 4.5588 0.30637 27.84219
6.06882 20.54348 4.95262 0.29774 28.15164
