"V1" "V2" "V3" "V4" "V5"
3.57969 27.55143 3.27618 0.31667 25.33901
3.94674 27.30362 3.34058 0.32828 25.16267
3.9408 27.54262 3.32663 0.37605 24.89973
3.57502 27.08544 3.46117 0.35028 25.58871
3.86033 26.06001 3.38756 0.33299 26.41035
3.92029 27.16325 3.24938 0.37544 25.36961
3.85305 27.57783 3.45688 0.41459 24.80369
3.93102 26.32493 3.12276 0.34257 26.33878
3.50358 26.45884 3.37738 0.3163 26.40272
3.66945 26.56701 3.53731 0.39799 25.88939
4.0164 26.65773 3.46697 0.38171 25.55456
3.78825 26.95045 3.52237 0.35534 25.45642
3.91134 26.88539 3.51802 0.37092 25.40736
3.66784 26.85416 3.31074 0.33503 25.87223
3.55527 26.74273 3.74286 0.33044 25.68101
3.53019 27.64145 3.39063 0.37502 25.12786
3.55215 28.06827 3.56277 0.41537 24.46673
3.81207 27.50242 3.81746 0.39596 24.53445
3.55048 27.37309 3.59973 0.3812 25.15864
3.7033 27.62872 3.58246 0.40522 24.75395
3.5308 26.42351 3.68523 0.27073 26.16325
3.61291 26.60987 4.18574 0.31582 25.34751
3.58454 26.5609 4.03948 0.32378 25.5578
3.77715 26.95259 4.12197 0.31325 24.90417
3.85969 27.63689 4.11441 0.34344 24.13759
3.80396 26.33106 3.66686 0.26875 25.99511
3.34712 26.99483 3.51729 0.26583 25.93051
3.3535 28.08602 3.57763 0.2955 24.81154
3.34329 26.88777 3.25732 0.33434 26.23142
3.61576 28.25445 3.39475 0.35095 24.46399
3.64845 27.55263 3.28634 0.32931 25.24063
3.67736 28.53868 3.1038 0.3301 24.42214
3.50493 27.64313 3.46087 0.29377 25.14855
3.58388 26.97838 3.47983 0.29645 25.69805
3.67305 26.54781 3.21907 0.28124 26.30487
3.88404 25.81979 3.86533 0.24884 26.2148
3.61293 27.34348 3.75308 0.28409 25.05309
3.18414 27.97232 3.41381 0.32144 25.16103
3.33071 26.84354 3.57236 0.33615 25.95515
3.35647 26.96907 3.86583 0.35074 25.49337
3.27143 27.03772 3.57253 0.33963 25.80803
3.51794 27.016 3.84321 0.32477 25.34364
3.55951 27.18899 3.47042 0.35116 25.45787
3.38118 26.80959 3.69417 0.32867 25.81306
3.47556 27.23425 3.43588 0.33062 25.55233
3.48729 27.11798 3.61914 0.28884 25.51545
3.8761 27.45853 4.3282 0.34023 24.05961
3.58052 27.22676 4.03482 0.29015 24.91246
3.79606 26.85844 4.04672 0.26405 25.08587
3.89623 26.93148 3.8581 0.3043 25.06003
3.86792 27.21886 4.00979 0.2888 24.66362
3.9358 27.58302 3.67026 0.26674 24.59303
3.48142 28.15459 3.41034 0.27647 24.73162
3.26538 28.71582 3.24381 0.30171 24.51927
3.2292 27.65693 3.26385 0.26597 25.61523
3.26419 27.70437 3.43391 0.25825 25.39709
3.22614 26.38736 3.51545 0.23227 26.67595
3.42714 27.28095 3.74155 0.27155 25.31537
3.47349 27.56595 3.68729 0.25167 25.07923
3.17247 27.07804 3.67922 0.23441 25.85855
3.48465 27.59582 3.60595 0.22045 25.1363
3.52102 27.75019 3.19717 0.22647 25.35088
3.73315 26.98974 3.58133 0.2625 25.48811
3.33912 26.49091 3.57572 0.24833 26.37761
3.35941 26.59709 3.43099 0.2446 26.3973
3.68978 27.30648 3.73136 0.30083 25.02786
3.73704 27.47187 3.60395 0.3035 24.94081
3.92002 27.42257 3.67578 0.24432 24.78958
3.60998 26.70071 3.97664 0.25287 25.50329
3.87435 27.13004 4.04189 0.27544 24.7339
4.10287 27.01485 3.7501 0.27776 24.90627
3.8852 27.6054 3.93415 0.25711 24.40135
3.90443 27.55177 3.84381 0.25755 24.52574
3.53736 25.99522 4.0117 0.1711 26.33102
3.40364 27.9 3.58464 0.17736 24.99088
3.09854 27.72432 3.58727 0.22963 25.44751
3.27967 27.35495 3.64054 0.24449 25.52746
3.14389 26.97974 3.71766 0.26628 25.94047
3.45892 26.8717 3.54282 0.30804 25.85595
3.98137 27.88298 3.68967 0.36291 24.14523
3.53289 27.51954 3.55163 0.32522 25.11867
3.38818 27.04259 3.3123 0.30704 25.98404
3.66961 27.49149 3.42593 0.3827 25.07667
3.60983 26.98558 3.84177 0.3217 25.28233
3.49768 26.25342 3.87464 0.28957 26.12349
3.17629 27.33348 3.75634 0.34182 25.42157
3.3994 26.83286 3.98762 0.38456 25.43287
3.48925 26.92988 3.36158 0.36618 25.88784
3.50272 26.83574 3.82453 0.34822 25.52799
3.44855 26.6278 3.6022 0.36364 25.98481
3.1067 27.23851 3.59262 0.30784 25.79132
3.27763 27.68707 3.23569 0.32351 25.50594
3.52582 26.85781 3.59069 0.32816 25.73739
3.3227 27.0985 3.22533 0.27556 26.10624
3.73992 27.82631 3.39814 0.33022 24.76055
3.56918 26.83452 3.30992 0.30856 26.00987
3.40382 27.53731 3.27886 0.31509 25.50043
3.50355 27.96838 3.22318 0.34012 25.01911
3.49548 27.52775 3.1713 0.27881 25.57307
3.63891 27.75395 3.35599 0.29484 24.99785
3.60099 26.79691 3.5467 0.23892 25.83734
3.84253 26.60044 3.69931 0.25752 25.63428
3.81423 26.6639 3.58917 0.31907 25.64626
3.71903 26.99124 3.39413 0.31851 25.62783
3.97799 27.89593 3.29523 0.32881 24.57687
3.47509 28.0827 3.09824 0.31873 25.08963
3.43467 28.39819 3.47475 0.32394 24.48757
3.59064 28.07592 3.70299 0.3121 24.39779
3.55314 26.88601 3.61014 0.31571 25.69251
3.55696 26.34079 3.33041 0.30929 26.52319
3.44737 26.61978 3.42346 0.34813 26.20804
3.58403 27.96166 3.10886 0.39966 25.00327
3.31646 27.55265 3.43492 0.35245 25.38658
3.99196 27.90787 3.45685 0.44201 24.28001
3.4389 27.55003 3.36983 0.31011 25.40613
3.57197 27.75582 3.1897 0.29347 25.25237
3.6173 27.3382 3.48229 0.34714 25.303
3.57199 28.93204 3.07433 0.34309 24.16134
3.71256 27.71346 3.51475 0.36491 24.76991
3.65598 26.63992 3.45022 0.42262 25.93112
3.79864 27.86744 3.32382 0.48992 24.61401
3.87807 27.54836 3.69497 0.48217 24.49025
3.7998 27.35155 3.623 0.41373 24.8637
3.60647 28.79196 3.35011 0.4515 23.88109
3.60249 27.44046 3.54664 0.38719 25.09954
3.4824 26.56359 3.36958 0.34797 26.28205
3.45012 26.08313 3.54739 0.31891 26.62765
3.40595 26.06296 3.2004 0.29287 27.06824
3.70434 27.29601 3.90528 0.39302 24.76999
3.89896 27.6644 3.60672 0.44007 24.4731
3.6432 26.72465 3.75154 0.37538 25.56638
3.62986 27.08677 3.62296 0.43877 25.29943
3.53843 27.04745 3.40928 0.36204 25.7031
3.32117 27.51023 3.26544 0.34016 25.63026
3.29621 26.4906 3.50753 0.32521 26.42781
3.4665 27.04121 3.50588 0.36198 25.68565
3.3625 27.41885 3.56642 0.36276 25.34606
3.26585 27.03443 3.74898 0.30988 25.69627
3.48769 27.9218 3.75254 0.33512 24.57377
3.92293 28.03628 3.90971 0.36641 23.85865
3.73792 27.56725 3.54141 0.40361 24.8254
3.70232 28.37328 3.65356 0.45905 23.89352
3.87318 27.15176 3.52606 0.46312 25.03871
3.68075 26.81442 3.91611 0.47278 25.15756
3.36926 27.38464 3.31433 0.35684 25.61045
3.33776 27.24092 3.5935 0.30309 25.5603
3.9771 26.84592 3.67039 0.30871 25.23879
3.68605 27.263 3.76315 0.29414 25.03636
3.19029 27.53138 3.37428 0.26782 25.67932
3.17784 28.54301 3.0315 0.30997 25.0107
3.66864 27.28906 3.66505 0.30453 25.13787
3.59886 27.47119 3.50214 0.31799 25.16013
3.62819 26.78856 3.41019 0.30786 25.9246
3.47588 27.265 3.53329 0.25698 25.51844
3.2875 27.75608 3.64778 0.26016 25.09384
3.60246 27.14447 3.70399 0.24915 25.36473
3.63389 28.10414 3.63289 0.22781 24.46654
3.73825 28.34307 4.02935 0.22607 23.7654
4.01462 28.37378 3.77076 0.27704 23.6841
4.20569 26.83544 4.05266 0.24786 24.73359
3.6805 26.51404 3.76904 0.22407 25.88534
3.85347 27.64419 3.48667 0.25811 24.85117
3.5452 27.24261 3.78849 0.2311 25.26416
3.64102 26.20741 3.73367 0.21254 26.2584
3.35197 27.22122 3.80208 0.22493 25.44875
3.35186 27.3266 4.21005 0.25808 24.9187
3.79784 26.55424 3.95253 0.2643 25.48256
3.95745 27.34175 3.81232 0.34791 24.61034
3.88552 28.68111 3.87464 0.35842 23.30255
3.73941 27.6306 3.8095 0.30381 24.57365
3.82886 26.59706 3.66533 0.26784 25.70808
3.8667 26.4113 3.54809 0.22166 26.00792
3.58338 26.64186 3.55356 0.23559 26.04144
3.38849 27.14104 4.00655 0.2556 25.27192
3.36123 27.17672 3.4907 0.27772 25.74087
3.69058 28.29767 3.85311 0.35979 23.89376
3.55153 27.53354 3.6684 0.3156 25.00672
3.50716 27.53859 3.56079 0.30283 25.15078
3.51164 27.77172 3.37699 0.28218 25.12723
3.48062 26.67142 3.66246 0.2867 25.98548
3.59244 27.74744 3.55113 0.33817 24.88397
3.4744 27.85506 3.52578 0.30685 24.92722
3.66794 27.80469 3.26532 0.28638 25.03292
3.92137 27.70413 3.60251 0.3394 24.49933
3.69428 28.35021 3.52817 0.40611 24.09928
3.54104 26.9103 3.89693 0.35868 25.35559
3.38141 26.59234 3.68781 0.38166 25.9942
3.36953 27.68914 3.40192 0.32426 25.2705
3.22256 26.51018 3.54724 0.31109 26.45567
3.41082 27.97618 3.60787 0.34454 24.72874
3.69216 26.74376 3.50431 0.32106 25.77735
3.07831 27.36908 3.29318 0.3267 25.97464
3.51731 28.12941 3.7269 0.41001 24.30716
3.98571 26.47657 3.67848 0.41943 25.52349
3.9391 27.12139 3.72088 0.42531 24.85118
4.07615 27.54254 3.57963 0.46455 24.42433
3.88299 26.17914 3.48194 0.36506 26.12959
3.55387 26.37899 3.51548 0.31194 26.28425
3.32628 25.87589 3.63045 0.25839 26.94095
3.4927 26.55146 3.41539 0.28365 26.29798
3.63774 25.59254 4.01777 0.28913 26.50154
3.51298 26.48241 3.85134 0.28827 25.91042
3.36754 26.59873 3.90941 0.35289 25.81507
3.2825 26.58787 3.86728 0.35289 25.93495
3.50932 27.45273 4.07108 0.32085 24.70474
3.44532 26.97674 3.97134 0.26006 25.38874
3.80802 27.78273 3.7178 0.29446 24.44733
3.71549 27.85152 3.87318 0.30096 24.34391
3.90046 27.85346 3.72707 0.28554 24.29933
3.7241 27.5284 3.67752 0.26458 24.85697
3.7384 26.5147 3.66916 0.27255 25.84464
3.64296 27.82041 3.66735 0.27902 24.64034
3.78499 27.57196 3.58757 0.34706 24.76814
3.26496 27.35683 3.68135 0.35154 25.38078
3.44627 28.32358 3.73251 0.39416 24.16556
3.40008 26.96467 3.67699 0.32161 25.68173
3.55828 27.23887 3.71132 0.37022 25.16844
3.68331 28.56654 3.37434 0.39543 24.06161
3.6555 28.55045 3.42803 0.40604 24.02257
3.81528 28.53344 3.68849 0.35748 23.6763
3.3137 29.00505 3.70101 0.32829 23.74551
3.31183 28.37403 3.5867 0.25327 24.55385
3.29602 26.58935 3.54565 0.23109 26.3786
3.59666 27.75485 3.62983 0.24056 24.83545
3.70386 28.14677 4.00434 0.28155 23.94731
3.5416 27.63421 3.55427 0.33265 24.98835
3.73008 27.63994 3.54508 0.36522 24.79353
3.63815 27.47978 3.74503 0.35008 24.85653
3.54324 27.12035 3.41962 0.31315 25.65972
3.43715 27.47693 3.57343 0.36714 25.20702
3.46099 26.8547 3.79736 0.37578 25.55354
3.46952 27.72916 3.20834 0.46031 25.17059
3.39169 28.52743 3.34287 0.48618 24.33057
3.10837 27.44612 3.29499 0.34127 25.85828
3.16359 27.3871 3.28557 0.3178 25.89668
3.2525 27.64497 3.47112 0.35568 25.33664
3.3132 26.80214 3.36812 0.33044 26.23655
3.19217 27.09487 3.53029 0.35948 25.85995
3.34027 27.13796 3.43873 0.3206 25.79814
3.24754 27.28318 3.28894 0.3635 25.86366
3.25766 26.80844 3.59715 0.3779 26.00986
3.2277 27.60472 2.98033 0.39417 25.84018
3.28179 27.17553 3.14181 0.32991 26.11966
3.76465 27.39633 3.06587 0.33987 25.48659
3.43183 27.38217 2.95864 0.28883 25.97527
3.74966 27.70349 3.33097 0.34873 24.92504
3.67342 27.17148 3.15414 0.35243 25.68504
3.5229 26.75341 3.20463 0.36481 26.2018
3.31273 26.96901 3.15539 0.35827 26.2329
3.38081 27.8668 3.4906 0.43053 24.87787
3.72614 28.38487 3.21323 0.38546 24.35946
3.69325 28.76365 3.55883 0.4193 23.63191
3.59993 28.4075 3.08745 0.35218 24.61788
3.70004 27.87087 3.56176 0.36209 24.57999
3.87649 26.91989 3.65263 0.33948 25.26805
3.70313 26.79131 3.25372 0.38457 25.92386
3.52719 27.14749 3.19847 0.37327 25.79882
3.26343 28.22077 3.06444 0.37135 25.1451
3.19082 27.55898 3.03627 0.3681 25.88978
3.3043 27.92159 3.08315 0.38949 25.35397
3.55143 28.45251 3.29053 0.39418 24.38792
3.91063 27.45709 3.10144 0.35752 25.22975
3.6844 27.08479 3.44148 0.32422 25.50578
3.81594 26.49124 3.80392 0.33975 25.60496
3.58776 27.3965 3.47297 0.31537 25.28451
3.56074 26.98424 4.07002 0.30488 25.16641
3.41305 27.12188 3.96206 0.32718 25.25686
3.6654 26.59908 4.03202 0.3087 25.45198
3.49512 27.01996 3.73495 0.34901 25.42954
3.54372 27.36765 3.40911 0.30705 25.41462
3.53348 26.57758 3.39396 0.28884 26.24009
3.96272 26.17993 3.73397 0.30162 25.87736
3.87491 26.79508 3.62049 0.31334 25.4363
3.92103 27.32623 3.46902 0.35976 24.97165
4.00572 27.79495 3.28369 0.39313 24.58267
3.65478 27.21052 3.2822 0.39426 25.48726
3.9473 27.36727 3.32996 0.4641 24.94963
3.98539 26.7846 3.50787 0.46218 25.31622
3.4511 26.58379 3.42683 0.39725 26.18347
3.60561 25.82446 3.76409 0.3436 26.50331
3.24041 26.47932 3.52303 0.37533 26.42016
3.3596 26.40071 3.71473 0.3489 26.24618
3.49906 26.45859 3.36808 0.34525 26.38083
3.31628 27.85841 3.48883 0.34479 25.03791
3.31729 27.52375 3.35236 0.36096 25.47248
3.36691 27.78279 3.7188 0.38839 24.78255
3.32746 27.93072 3.52579 0.41936 24.82637
3.37531 27.60751 3.54863 0.40312 25.09871
3.62084 27.08588 3.97451 0.4088 24.94387
3.91181 27.21603 3.73952 0.48167 24.70204
3.55976 28.74693 3.60182 0.42688 23.75249
3.4528 27.82804 3.46117 0.37032 24.93166
3.71953 27.39761 3.52703 0.32874 25.07818
3.81582 25.823 3.77648 0.31778 26.29898
3.65507 27.01416 3.83022 0.31864 25.22271
3.44117 26.47326 3.83377 0.30113 25.98452
3.58497 26.83866 4.12051 0.34708 25.13954
3.56414 27.5018 3.8216 0.31814 24.84018
3.99051 27.65656 4.50962 0.35727 23.58404
3.64757 27.73011 3.75248 0.33324 24.59609
3.2974 28.80216 3.58183 0.31939 24.08771
3.27751 28.84652 3.00385 0.32479 24.59852
3.25027 27.95411 3.17527 0.36248 25.28798
3.61279 28.40299 3.36184 0.38914 24.27672
3.43892 27.44859 3.54876 0.34501 25.25626
3.25575 28.35835 3.11893 0.37452 24.9338
3.49982 27.7757 3.36854 0.39437 25.00537
3.44988 26.64078 3.52187 0.35884 26.05979
3.26214 27.8181 3.12585 0.39099 25.43788
3.61607 27.48164 3.41286 0.35487 25.17512
4.05383 27.18479 3.85485 0.44259 24.525
3.65003 27.78566 3.51191 0.49873 24.60165
3.97916 27.31169 4.03274 0.45742 24.28179
3.8034 27.79947 3.45792 0.42166 24.57229
3.34745 26.58816 3.64969 0.32906 26.12376
3.27524 27.94521 3.39678 0.3658 25.06911
3.17257 27.476 3.40413 0.32182 25.65069
3.68093 26.04951 3.39579 0.32051 26.58822
3.49589 26.36912 3.63961 0.34113 26.19115
3.70599 26.12168 3.4601 0.33749 26.40722
3.78042 26.81778 3.24875 0.40206 25.79352
3.28837 26.55534 3.54309 0.39776 26.25759
3.38329 25.73733 3.54087 0.35063 27.01432
3.28927 26.98153 3.46952 0.39452 25.90119
3.44379 26.81664 3.59578 0.33161 25.85869
3.65864 26.76464 3.60923 0.34932 25.66638
3.63699 27.82148 3.76482 0.38345 24.47348
3.52531 26.79345 3.67337 0.27152 25.787
3.4277 26.68054 3.34679 0.27382 26.33128
3.60562 26.91594 3.98056 0.28048 25.28602
3.44634 27.94969 3.78228 0.26791 24.6275
3.66538 27.87335 3.60127 0.29122 24.61914
3.54222 27.73568 3.74046 0.30497 24.75374
3.8106 27.19727 3.48452 0.26885 25.30525
3.36383 26.08187 3.4535 0.21421 26.91746
3.59188 27.29087 3.39026 0.23899 25.53829
3.83555 27.41341 4.16447 0.27912 24.39616
3.40131 26.82736 3.84368 0.26737 25.73619
3.56445 26.61912 3.83079 0.30029 25.78532
3.48315 27.37178 3.95653 0.29755 25.01997
3.92629 27.69014 3.67109 0.28887 24.52504
4.02538 27.55622 3.75338 0.22698 24.52238
4.71764 26.98558 4.0178 0.3083 24.0866
4.53488 27.32944 4.15201 0.27554 23.83033
4.11184 26.96988 3.72341 0.26433 25.00275
4.26406 27.66051 3.66211 0.28328 24.21306
4.00537 28.40939 3.77983 0.35418 23.57276
3.60737 27.3036 3.64893 0.28841 25.20476
3.66046 27.46462 4.19511 0.3041 24.48456
3.66364 26.65459 3.54638 0.26454 25.94139
3.31782 27.29057 3.8206 0.28562 25.39344
3.74991 26.96972 3.9273 0.283 25.17618
3.56178 26.75821 3.85058 0.27661 25.60672
3.52311 26.84206 4.00368 0.33372 25.3456
3.72152 27.3495 3.57148 0.33107 25.07068
3.3861 27.46384 3.51 0.37423 25.30672
3.29171 27.92162 3.38039 0.3887 25.06561
3.25018 27.37373 3.60666 0.39473 25.41033
3.29614 26.96334 3.48905 0.36307 25.92477
3.30785 26.78251 3.80062 0.37141 25.79299
3.43909 26.23861 3.57637 0.42175 26.36449
3.43274 27.25982 3.50218 0.39915 25.44967
3.53753 28.22679 3.5235 0.44864 24.33261
3.39147 27.47975 3.07662 0.3405 25.75181
3.33181 28.02187 3.3132 0.37913 25.00277
3.64792 26.98741 3.9012 0.34474 25.18001
4.11558 26.98979 3.75742 0.3508 24.852
3.5614 27.61061 3.2284 0.29302 25.36546
3.23876 27.03058 3.41576 0.25326 26.12041
3.0812 26.89041 3.14847 0.24895 26.67295
3.4772 26.90004 3.50256 0.29921 25.86985
3.58494 26.89192 3.77482 0.32197 25.48438
3.37976 27.50759 3.45171 0.31599 25.41258
3.3933 28.23548 3.37217 0.37229 24.68963
3.44071 26.99579 3.53801 0.35951 25.71624
3.37097 26.66368 3.2407 0.34062 26.4217
3.31896 27.21164 2.96835 0.34648 26.19422
3.24775 26.22584 3.58728 0.3378 26.64638
3.52332 28.22487 3.64271 0.40691 24.28238
3.83132 27.16485 3.60285 0.35586 25.12418
3.56941 27.22183 3.39618 0.28102 25.57582
3.88975 27.59948 3.36241 0.33041 24.88816
3.53382 27.95315 3.66626 0.29904 24.63908
3.47132 27.67645 3.5744 0.35484 24.9812
3.54889 26.65918 3.53927 0.35428 25.94048
3.55653 25.97086 3.47216 0.30663 26.73689
3.60471 26.21917 3.08538 0.28298 26.83902
4.0908 27.09597 3.4595 0.31347 25.10502
3.77852 27.22407 3.23351 0.31983 25.48446
3.56094 26.63524 3.33078 0.32936 26.17108
3.55748 26.7566 3.1804 0.34454 26.1887
3.7731 26.98846 3.51141 0.4076 25.34607
3.52834 26.82023 3.63964 0.46938 25.56143
3.77293 26.91681 3.44172 0.42097 25.48188
3.57455 26.4255 3.58812 0.40177 26.03655
3.5602 27.10801 3.06299 0.42794 25.86423
3.38063 26.59681 3.28925 0.32109 26.44298
3.44712 27.44666 3.30796 0.31111 25.5219
3.72485 26.62127 3.39714 0.31208 25.9733
3.37844 26.65729 3.25773 0.33634 26.4007
3.14774 27.14785 3.31115 0.29563 26.13074
3.47189 27.64005 3.21681 0.26888 25.4433
3.32831 28.03905 3.28734 0.31299 25.07131
3.60197 26.7701 3.38042 0.3286 25.94645
3.38765 26.52669 3.27362 0.31056 26.5254
3.29558 26.73846 3.14272 0.3069 26.54371
3.45635 26.71568 3.70059 0.31174 25.85607
3.68538 25.92991 3.8073 0.25534 26.3649
4.09494 25.99445 4.26136 0.26839 25.43138
3.60275 26.34358 3.34128 0.23769 26.49604
3.54685 26.84451 3.361 0.29341 25.9823
3.2971 26.92254 3.33234 0.26667 26.21005
3.63805 26.5031 3.79834 0.28267 25.81849
3.31559 26.92184 3.61395 0.27592 25.91363
3.52919 27.08319 3.46822 0.26618 25.68526
3.78783 27.43001 3.3947 0.3178 25.10428
3.3623 27.22179 3.46982 0.32232 25.65242
3.50516 26.20822 3.5414 0.26426 26.50729
3.56234 27.4152 3.34983 0.25173 25.45595
3.19327 27.7767 3.45323 0.20678 25.41732
3.01016 27.50386 3.40405 0.24135 25.87097
3.43789 26.88679 3.30719 0.2535 26.14001
3.18641 27.46326 3.23122 0.25364 25.90011
2.78433 26.40597 3.24362 0.21977 27.36036
3.06948 27.50261 3.40619 0.2929 25.76319
3.34163 27.5507 3.25158 0.32401 25.56751
3.17246 26.89446 3.41225 0.31412 26.22321
3.14833 28.14224 3.52073 0.36997 24.85538
3.51583 27.11404 3.4599 0.31983 25.61505
3.77994 26.9797 3.77792 0.33002 25.16507
3.47413 26.65211 3.89216 0.35163 25.65314
3.20706 27.00704 3.62145 0.32789 25.87203
3.48901 28.35954 3.47809 0.34076 24.38418
3.44243 27.44643 3.61677 0.31219 25.22529
3.23893 26.63867 3.56625 0.25497 26.33268
3.60329 28.0793 3.20681 0.27469 24.88642
3.7897 27.02829 3.23828 0.26691 25.71279
3.67644 26.69943 3.43833 0.26709 25.96125
3.66167 26.91439 3.28989 0.264 25.89916
3.29106 27.59382 3.50235 0.30648 25.3658
3.50073 27.87425 3.14183 0.26716 25.26958
3.37452 27.50284 3.21186 0.23497 25.71414
3.76522 27.26771 3.49746 0.26262 25.25274
3.67999 27.92808 3.39313 0.24973 24.81338
3.27035 27.49041 3.06639 0.26534 25.93409
3.24896 27.48756 3.30365 0.23517 25.76437
3.32957 27.19269 3.43814 0.25039 25.84797
3.47452 26.89016 3.35885 0.26367 26.05167
3.29705 26.58446 3.12345 0.2235 26.80377
3.51836 26.05775 3.28943 0.19818 26.96289
3.2773 27.70079 3.19103 0.20151 25.67338
3.08223 26.94553 3.23618 0.17987 26.58571
3.36193 27.0481 3.29742 0.19436 26.13219
3.39361 26.89254 3.64245 0.18377 25.92434
3.40104 27.49634 3.83908 0.19698 25.11838
3.38386 27.81687 3.54789 0.21253 25.09749
3.21575 27.57256 3.17997 0.18316 25.89863
3.46813 28.31428 3.42337 0.21744 24.67221
3.60992 27.74106 3.61085 0.23607 24.85918
3.70701 27.0203 3.76394 0.24634 25.30725
3.79047 26.89706 3.77714 0.25772 25.33657
3.87175 25.65424 4.00321 0.27542 26.2345
4.01342 26.43987 3.62581 0.23565 25.73904
3.98729 26.4471 3.8615 0.25883 25.49949
3.84697 27.2832 3.40498 0.26537 25.26489
3.66384 26.90255 3.40253 0.25902 25.81935
3.84194 27.68012 3.17735 0.28936 25.07839
3.3539 27.43092 3.13266 0.29382 25.83218
3.11193 27.2174 3.51886 0.30522 25.87515
3.27899 27.39514 3.54721 0.33073 25.49932
3.25973 28.07951 3.4984 0.38743 24.82316
3.3855 27.41081 3.90342 0.41909 24.9203
3.2554 27.61819 3.53507 0.39221 25.2388
3.49389 27.82938 3.92098 0.39098 24.42462
3.62456 27.8159 3.46086 0.35699 24.7897
3.44543 27.84839 3.51468 0.38142 24.86362
3.18207 26.7631 2.96855 0.3443 26.77715
3.24266 27.78678 3.14384 0.36761 25.4911
3.90713 27.04796 3.43134 0.44405 25.20643
3.84214 26.73478 3.97323 0.4195 25.10231
3.59539 27.34964 3.42244 0.42046 25.27483
3.70455 26.99478 3.68055 0.37624 25.29512
3.70521 26.70363 3.78431 0.34652 25.48919
3.4687 26.58277 3.71519 0.36938 25.89087
3.44165 27.86022 3.55566 0.35579 24.83925
3.91091 27.43906 3.28364 0.33003 25.09382
4.04712 26.93775 3.52395 0.32301 25.23878
3.81314 27.43104 3.39909 0.28093 25.14034
3.87548 27.1809 3.4847 0.21699 25.29439
3.67766 27.43982 3.12805 0.25185 25.54679
3.34405 27.73175 3.34931 0.27683 25.34522
3.32893 27.81847 3.40702 0.26722 25.2608
3.7319 27.61925 3.36546 0.30262 25.05706
3.16447 27.68154 3.09554 0.33768 25.77849
3.38228 27.99929 3.35071 0.26808 25.0493
3.50309 27.41093 3.21215 0.28403 25.65236
3.44609 26.95482 3.48001 0.33166 25.82578
3.59698 27.28847 3.30566 0.35741 25.49014
3.90005 26.86331 3.27794 0.37522 25.63763
3.83079 28.53495 3.54263 0.45779 23.71048
3.66614 27.42397 4.07291 0.35449 24.56552
3.83621 27.27454 4.19051 0.35207 24.40891
3.86209 27.50198 3.75924 0.2784 24.64859
3.97939 26.341 3.47684 0.25647 25.98019
4.19949 26.4635 3.87508 0.2971 25.20315
3.63916 26.59343 3.55285 0.29419 25.95898
3.51781 26.93244 3.51858 0.34515 25.73426
3.68258 27.371 3.75582 0.38322 24.88362
3.45304 28.30188 3.25853 0.3182 24.72363
3.6078 28.84648 3.17466 0.36569 24.08395
3.73232 27.96168 3.11798 0.32349 24.92862
3.65684 26.64912 3.36953 0.30979 26.06985
3.978 28.50665 3.44319 0.36248 23.79307
3.7502 27.91885 3.68403 0.33078 24.38783
3.71907 26.97598 3.669 0.27681 25.4087
3.65732 28.17044 3.76004 0.32079 24.16964
3.54539 27.52713 3.22986 0.33965 25.39317
3.76896 26.59898 3.43581 0.32354 25.90211
3.71564 27.6027 3.69979 0.35999 24.67885
3.45544 27.79309 3.06951 0.31186 25.41533
3.06495 28.39303 2.9232 0.31625 25.346
2.86379 27.81468 2.93299 0.22363 26.19519
2.92772 29.18441 2.80285 0.29816 24.83909
3.22308 28.27676 3.06252 0.32406 25.17465
3.65838 27.52283 3.04653 0.33043 25.48829
3.20464 27.12212 3.19143 0.28467 26.23
3.27976 27.06157 3.35524 0.3291 26.00443
3.3762 26.49742 3.49884 0.31222 26.34126
3.75101 25.70809 3.87584 0.28783 26.41454
3.79953 27.72197 3.92551 0.37942 24.22136
4.01383 27.46009 3.73841 0.39255 24.45253
3.4954 26.87142 3.92785 0.34994 25.39832
3.7114 26.01753 3.90771 0.37649 26.02425
3.44477 26.10566 3.76023 0.35679 26.36634
3.73155 26.79473 3.96046 0.36853 25.20253
3.92944 27.01083 4.11648 0.38097 24.63893
4.16554 26.79543 3.69432 0.33256 25.06049
3.84335 26.92734 3.62433 0.34627 25.33206
3.90786 26.56995 3.54902 0.34477 25.69082
3.69335 27.38078 3.66337 0.33359 24.99337
4.3488 27.35504 3.18634 0.38372 24.81198
3.92406 25.94789 3.36899 0.35059 26.47667
4.17256 26.45458 4.13278 0.39909 24.94128
4.17023 27.021 3.9915 0.32296 24.61219
4.05537 27.32344 3.77205 0.29198 24.65713
3.59479 28.34457 3.49905 0.29335 24.35242
3.74724 27.76391 3.53828 0.28987 24.71342
3.65217 27.69609 3.43881 0.29913 24.95067
3.65801 27.53293 3.21175 0.32002 25.31833
3.79045 27.13943 3.11391 0.28751 25.71833
3.64161 27.77215 3.18656 0.30754 25.16268
3.3198 28.40323 2.8435 0.33549 25.14593
3.39043 28.28352 3.11667 0.41038 24.85429
3.17748 27.99275 2.92446 0.35225 25.59336
3.50372 28.19517 3.43908 0.39244 24.53716
3.62004 28.11652 3.4714 0.38002 24.4652
3.50281 27.60773 3.65652 0.36291 24.91839
3.59972 27.15031 3.66371 0.38384 25.2545
3.6404 27.6973 3.24789 0.36241 25.09687
3.3448 26.71645 3.27623 0.29527 26.40092
3.51718 27.13613 3.50136 0.31719 25.57792
3.37718 28.39435 3.37929 0.40235 24.50099
3.30589 27.79206 3.14267 0.3733 25.41999
3.37806 27.87017 3.54178 0.39521 24.86169
3.46392 26.09669 4.00424 0.28968 26.17777
3.34856 26.82043 3.48905 0.34297 26.03817
3.59912 27.75209 4.10031 0.40809 24.20306
3.5016 28.68261 3.41447 0.3667 24.0825
3.24472 27.72879 3.56535 0.33879 25.17043
3.29482 27.39065 3.4618 0.3443 25.55532
3.56187 27.28013 3.22788 0.33836 25.63626
3.44292 27.80463 3.09201 0.32714 25.37867
3.12523 26.81805 3.07635 0.3062 26.69143
3.40086 26.7916 3.48265 0.33577 26.01642
3.74343 27.46162 3.24876 0.34547 25.22832
3.90242 27.88237 3.72547 0.41402 24.13536
3.13015 27.77622 3.58311 0.34373 25.20196
3.4653 27.46857 3.65235 0.36346 25.08981
3.27306 28.2127 3.1124 0.36352 25.0761
3.02061 27.57651 3.10815 0.31858 26.00656
3.41136 27.78092 3.65471 0.33228 24.87093
3.50714 27.93141 4.23106 0.33253 24.07833
3.42085 26.57849 3.75047 0.3144 25.97836
3.5789 27.21998 3.60662 0.34189 25.29305
3.55368 27.20927 3.66538 0.32788 25.30313
3.53246 27.38236 3.35038 0.34948 25.42378
3.14973 27.63153 3.92941 0.32452 25.01336
3.51263 27.9612 3.37671 0.35222 24.83798
3.25245 27.77588 3.61464 0.34154 25.055
3.39729 27.72593 3.63409 0.40747 24.87322
3.47639 27.54727 3.72788 0.3183 24.99957
3.53668 27.21817 3.5382 0.36544 25.3738
3.37781 27.28787 3.6578 0.2992 25.41845
3.8934 27.41585 3.67958 0.33809 24.73019
3.66848 27.33945 3.6673 0.29526 25.08356
4.12662 26.59157 4.06802 0.3652 24.90185
3.86015 27.45736 3.83134 0.34841 24.55581
3.63432 26.66219 3.50975 0.33561 25.88735
3.74413 27.09562 3.66919 0.39216 25.13603
3.66386 27.95049 3.61512 0.44896 24.35812
3.33859 28.81889 3.29571 0.47512 24.12261
3.54247 26.97576 3.20588 0.44415 25.86786
3.85641 26.68456 3.5133 0.47774 25.50186
3.34923 28.16562 3.59638 0.43618 24.50494
4.01489 27.37087 3.60923 0.44881 24.62023
3.91978 27.60184 3.56477 0.48608 24.51288
3.36803 28.05278 3.4048 0.43982 24.79447
3.56689 26.72548 3.6881 0.41017 25.66835
3.58459 27.7007 3.82565 0.3991 24.55778
3.33466 27.98659 3.63654 0.48544 24.62871
3.83665 27.44163 3.62133 0.45864 24.72123
3.52969 26.95493 3.5732 0.45721 25.55229
3.52015 26.91459 3.8389 0.41137 25.37155
3.50052 27.56063 3.44005 0.36218 25.1932
3.54893 26.60642 3.31736 0.3749 26.20221
3.80989 26.80466 3.37883 0.43212 25.62744
3.52749 26.50346 3.30339 0.36132 26.36483
3.39903 27.18467 3.13223 0.33865 25.98681
3.28405 27.58948 3.1335 0.39235 25.6318
3.61193 26.66174 3.33657 0.37381 26.05681
3.34805 27.72453 3.35938 0.41228 25.21457
3.55607 27.51477 3.52802 0.35709 25.09654
3.59306 27.73479 3.34927 0.34198 25.03333
2.92677 28.03841 3.10278 0.30911 25.66308
3.32521 27.53419 3.40225 0.36347 25.41211
3.07515 27.92671 3.24716 0.34281 25.44911
3.35171 27.55402 3.41228 0.36198 25.3696
3.14162 27.24919 3.0494 0.32808 26.25724
3.61494 27.71024 3.35556 0.3855 24.97361
3.56537 26.53386 3.57427 0.31717 26.04684
3.76404 26.74081 3.452 0.32188 25.76115
3.24426 26.75911 2.94199 0.28674 26.80184
3.35257 27.33793 3.07806 0.29772 25.97667
3.5638 28.35763 3.34793 0.34912 24.44234
3.35076 27.19578 3.55337 0.28852 25.65005
3.38282 27.27924 3.45039 0.26626 25.66414
3.3794 27.39537 3.82885 0.2971 25.15674
3.66314 28.9626 4.47433 0.36735 22.63985
3.98144 28.94771 3.81298 0.34111 23.0011
3.53905 27.79497 3.39077 0.28509 25.07174
3.65654 27.66674 3.1312 0.26667 25.34524
3.61906 27.22166 3.26566 0.24583 25.70285
3.35037 28.31782 3.10924 0.25647 25.02293
3.8317 27.59607 3.37036 0.27 24.9909
4.18307 26.59839 3.64333 0.27833 25.37572
3.72354 27.49461 3.6508 0.25603 24.93857
3.93281 27.49782 4.12411 0.30822 24.24864
3.67659 27.37328 3.79021 0.24804 24.98943
3.3866 26.81932 2.9535 0.24673 26.64248
3.45938 28.39893 3.18535 0.25618 24.79483
3.26845 28.11631 3.96025 0.27236 24.5359
3.47368 28.34594 3.19527 0.25402 24.81062
3.27716 28.04722 3.33268 0.27671 25.14838
3.72336 28.499 3.63336 0.31707 23.92613
3.89581 27.58795 4.01266 0.26024 24.33091
3.77 28.78104 3.68275 0.29516 23.58923
3.30391 28.33499 3.13024 0.23003 25.06195
3.49099 27.68189 3.84652 0.26986 24.77958
3.47658 27.99556 3.41225 0.29696 24.85874
3.44418 27.17173 3.53207 0.31451 25.56986
3.47546 26.71361 3.71224 0.27811 25.85846
3.07134 27.80352 3.05292 0.27134 25.83527
3.31689 27.14902 3.59762 0.31206 25.65324
3.61908 27.82206 3.50121 0.32243 24.77423
3.52626 28.05311 3.48054 0.33085 24.66001
3.48813 27.90031 3.79356 0.31185 24.58123
3.8669 27.5265 3.41212 0.29573 24.95389
3.84269 27.55326 3.31386 0.29237 25.0513
3.74288 27.1112 3.76132 0.32597 25.11895
3.73939 27.54908 3.43052 0.28812 25.047
3.06476 27.89557 3.04685 0.25525 25.77343
3.50703 27.81061 3.49929 0.31637 24.92083
3.19374 27.32349 3.50655 0.30024 25.72297
3.63149 27.23888 3.67587 0.29127 25.21764
3.48872 27.9006 3.42922 0.34242 24.9019
3.69794 28.11105 3.38263 0.32645 24.56518
3.01639 27.33487 2.96457 0.23599 26.47656
3.33892 27.76917 3.39009 0.32525 25.2547
3.64229 27.96816 4.37969 0.35702 23.8118
3.36226 27.07578 3.47815 0.27056 25.87504
3.26011 27.59669 3.58736 0.27543 25.32198
3.3964 27.27542 3.67118 0.28557 25.43112
3.16341 26.76993 3.25221 0.26996 26.59889
3.30937 26.39877 3.28157 0.26156 26.78192
3.59566 27.15619 2.97262 0.29868 26.03257
4.03991 27.08333 3.33537 0.33395 25.27106
3.58538 28.10471 3.49108 0.33951 24.55223
3.63632 26.7679 3.5762 0.346 25.7288
3.35563 26.81092 3.71953 0.32175 25.84307
3.45643 26.50707 3.41038 0.29434 26.37403
3.58284 26.56853 4.40161 0.31076 25.22765
3.55604 27.72938 3.86335 0.37651 24.54586
3.66618 26.39949 3.84164 0.37213 25.7861
3.8031 25.68918 4.08548 0.37375 26.09033
3.38547 27.6587 3.40952 0.34559 25.27591
3.52704 27.4071 3.76483 0.33679 25.05931
3.22937 27.31755 3.64367 0.35004 25.54325
3.68939 27.41145 3.68173 0.37498 24.93848
3.57353 27.78715 3.37139 0.35354 25.00883
3.89568 27.13089 3.66413 0.36756 25.05355
3.78826 26.98505 3.58821 0.3949 25.34437
3.46088 27.31909 3.81558 0.34771 25.12411
3.25025 27.86586 3.56807 0.31141 25.09874
3.60107 27.50118 3.72533 0.28567 24.9997
3.61076 27.4681 3.52172 0.26942 25.24213
3.40847 27.96937 3.40227 0.30303 25.03088
3.49925 27.97519 3.44377 0.34781 24.87705
3.41744 27.72232 3.52869 0.33908 25.08766
3.66129 26.34682 3.61521 0.34407 26.12355
3.93088 27.10527 3.7691 0.39762 24.89007
3.5738 26.26387 3.77634 0.40834 26.03134
3.89839 26.75322 3.96255 0.38972 25.07675
3.48334 26.39573 3.69293 0.3041 26.18215
3.35425 26.52127 3.19231 0.28953 26.68359
3.23053 26.53997 3.7594 0.26742 26.25675
3.52234 26.22765 3.49461 0.27248 26.52006
3.58365 26.75067 3.59002 0.26515 25.86311
3.9494 26.75428 3.63983 0.31742 25.40774
3.61884 26.83612 3.63182 0.3051 25.67697
3.45767 27.25361 3.64538 0.32528 25.3974
3.78849 27.84873 3.80269 0.3071 24.39677
3.97395 28.18751 3.13695 0.30426 24.51272
3.71421 27.51572 3.43121 0.31521 25.12414
3.71193 27.26776 3.6638 0.30725 25.12801
3.58737 28.20887 3.39282 0.34415 24.56672
3.3736 27.49006 3.3504 0.36864 25.48455
3.6177 26.95199 3.61239 0.36814 25.51473
3.72267 27.36612 3.73712 0.43617 24.83089
3.91809 26.77163 3.7248 0.4081 25.25884
3.55091 27.10598 3.39052 0.43099 25.58627
3.33208 26.84112 3.64588 0.40057 25.81942
3.49244 26.56747 3.6285 0.35395 26.00248
3.54442 26.79647 3.75917 0.39895 25.53618
3.47798 28.02896 3.71916 0.41185 24.39627
3.33269 27.25059 3.28529 0.36012 25.80543
3.1681 27.45451 3.2884 0.37098 25.75365
3.20021 27.87469 3.62356 0.37751 24.98067
3.66547 27.2762 3.6327 0.35312 25.12004
3.70154 27.228 3.48839 0.2851 25.34734
3.76225 27.15206 3.53772 0.30794 25.28641
3.71808 26.88168 3.76459 0.29228 25.38232
3.46142 27.03483 3.4955 0.34325 25.69686
3.31354 26.74451 3.79282 0.34205 25.84349
3.24027 26.62126 3.71006 0.3141 26.16749
3.37425 26.35341 3.529 0.30489 26.47068
3.28505 26.89237 3.48492 0.33055 26.03857
3.77103 26.32418 3.44408 0.32343 26.17436
3.37758 26.97594 3.39149 0.33224 25.96135
3.30595 27.44934 3.33089 0.32728 25.64417
3.81439 27.48643 3.26529 0.30571 25.18529
3.55376 27.41006 3.8786 0.35727 24.86333
3.87458 27.22105 3.77337 0.35114 24.83687
3.45463 26.12911 3.86406 0.32335 26.26139
3.39133 26.63235 3.65969 0.31789 26.04056
3.68373 26.51076 3.60728 0.28717 25.96691
3.82604 26.73707 3.76187 0.31607 25.42548
3.7527 25.9532 3.48583 0.31438 26.54481
4.01711 26.11725 3.86756 0.3689 25.71207
3.60476 26.812 4.07986 0.31515 25.24588
3.47733 27.75783 3.74369 0.30069 24.7785
3.21159 27.76278 3.61473 0.2521 25.21381
3.70048 26.95027 3.49558 0.25285 25.64731
3.60292 27.79422 3.56713 0.32375 24.76624
3.75361 27.97999 3.32475 0.29178 24.70392
3.42823 28.95399 3.19499 0.31347 24.16579
3.23093 28.02973 3.08701 0.28996 25.40225
3.68276 27.47146 3.4345 0.32661 25.13331
3.59572 28.18119 3.23206 0.29423 24.75491
3.64402 27.61746 3.6467 0.32113 24.82601
3.84928 26.99213 3.38178 0.2861 25.54057
3.83293 27.56505 3.28999 0.28952 25.08636
4.08554 26.94296 3.6781 0.27712 25.08561
3.6197 27.9112 3.61849 0.33898 24.56939
3.25142 27.31575 3.26043 0.29062 25.91487
3.4672 27.31504 3.33989 0.27685 25.64725
3.28603 28.04927 3.57816 0.25454 24.8984
3.58699 27.32709 3.66732 0.25927 25.206
3.88717 27.43076 3.60734 0.27769 24.84693
3.85974 27.69844 3.74576 0.29636 24.47157
3.397 27.07111 3.67515 0.28796 25.62599
3.46865 26.76788 3.48677 0.27523 26.03588
3.47469 27.83191 3.69807 0.30623 24.74915
3.4389 27.04637 3.9678 0.28855 25.30789
3.74649 26.837 3.61776 0.32127 25.52739
3.78009 26.91198 3.58176 0.31731 25.45535
3.75268 27.71017 3.46184 0.33478 24.81597
3.37135 26.8613 3.19622 0.27042 26.3281
3.46135 27.69501 3.74743 0.3986 24.76687
4.03346 27.60616 3.32018 0.34913 24.77753
3.59645 26.8404 2.99192 0.26129 26.34731
3.233 27.7853 3.20647 0.31732 25.50501
3.29394 27.96884 3.41486 0.36315 25.01143
3.73611 26.51176 3.23805 0.38686 26.1806
3.91439 26.97768 3.35262 0.38644 25.43586
3.74942 26.79556 3.25336 0.33987 25.91174
3.31164 26.35069 3.53127 0.31821 26.53347
3.37089 26.94925 3.60999 0.31237 25.80236
3.71407 26.82585 3.79545 0.30412 25.42887
3.83982 27.22232 3.79412 0.3772 24.85764
4.05874 26.49281 3.68192 0.34859 25.47623
3.66383 26.49131 3.56462 0.42804 25.91561
3.72239 27.0326 3.12315 0.38847 25.79552
3.91135 26.62677 3.26446 0.40027 25.8346
3.49645 27.42669 3.3006 0.41415 25.40207
3.87349 27.8297 3.78886 0.50003 24.11098
3.6343 28.0213 3.64083 0.36639 24.40023
3.72888 28.06471 3.45341 0.32521 24.50288
3.7007 27.91764 3.62189 0.38246 24.45644
3.68895 27.34998 3.35604 0.30454 25.36507
3.77585 27.23271 3.5451 0.33779 25.16047
4.13054 27.1172 4.01558 0.35976 24.46563
3.793 27.23721 3.87724 0.35751 24.79071
3.65936 27.11576 3.71813 0.31573 25.25915
3.45787 26.49956 3.62782 0.26334 26.1822
3.82612 26.49299 3.34972 0.27035 26.10289
3.58846 26.51071 3.45987 0.24254 26.24627
3.62722 27.62776 3.51727 0.25183 25.04326
3.86609 26.64508 3.51686 0.268 25.76555
3.89366 28.2286 3.6605 0.30237 24.0358
3.92421 26.40357 3.91742 0.25751 25.57839
3.4881 26.32501 3.40736 0.23715 26.61848
3.43536 27.3219 3.69992 0.26003 25.35332
3.52976 28.08509 3.77306 0.30101 24.41173
3.44621 27.8041 3.79508 0.26904 24.78181
3.54995 27.29914 3.43543 0.24667 25.53298
3.47977 27.82611 3.30553 0.2427 25.22372
3.52262 26.27224 3.20235 0.23287 26.81371
3.58862 27.70154 3.21024 0.28928 25.26704
3.53802 28.06177 3.04865 0.28654 25.11183
3.62926 27.35941 3.48767 0.2745 25.31042
3.13217 27.26102 3.23599 0.29474 26.11395
3.19213 27.56005 3.36446 0.29155 25.64149
3.27373 28.00168 3.18018 0.31007 25.28413
3.53378 27.78684 3.49646 0.34099 24.91076
3.7347 27.33732 3.97127 0.34121 24.69683
3.71431 27.84428 4.14845 0.34599 24.07062
3.77023 27.26615 3.99244 0.37262 24.6875
3.86605 27.15911 4.02872 0.32393 24.74172
3.84623 26.82168 4.25268 0.37026 24.79068
3.66758 26.91125 4.03425 0.34487 25.12775
3.48651 27.2722 3.83833 0.31063 25.18198
3.35342 27.80257 3.57917 0.32383 25.01148
3.41175 27.94147 3.87597 0.35277 24.5061
3.63546 28.36905 3.89384 0.37107 23.80311
3.47532 27.42532 3.5018 0.3251 25.32604
3.64705 27.09745 3.98305 0.36813 24.97194
3.43995 27.23493 3.46955 0.32176 25.57789
3.23284 26.52679 3.23267 0.30172 26.73079
3.30549 26.68347 3.38861 0.24375 26.42291
3.66332 26.80304 3.27284 0.31032 25.99606
4.18507 26.20712 3.61105 0.33316 25.71803
3.98528 26.84976 3.45955 0.29337 25.49554
3.48102 27.42189 3.34595 0.33229 25.47398
3.30249 27.08142 3.27387 0.38865 25.99432
3.48116 27.54639 3.43113 0.37549 25.20973
3.74286 27.03831 3.83993 0.32644 25.1381
3.33583 27.93377 3.52303 0.3384 24.94626
3.25421 27.18774 3.67296 0.25487 25.70902
3.75506 28.13543 3.61829 0.28249 24.34082
3.89515 26.74609 3.66987 0.27968 25.49087
4.01228 26.88016 3.44977 0.2678 25.46375
3.6668 26.74425 3.64115 0.26779 25.73104
3.51891 26.88815 3.40141 0.24638 25.98392
3.40741 28.18274 3.35963 0.30775 24.80038
3.49122 27.64891 3.05547 0.27271 25.57026
3.78289 27.28137 3.50901 0.3072 25.16634
3.6938 27.74786 3.3887 0.32881 24.91205
3.38105 27.51024 3.28903 0.28041 25.59746
3.56255 27.13511 3.42417 0.29346 25.62522
3.75443 26.87789 3.50471 0.30135 25.59505
3.61551 27.67966 3.51274 0.34988 24.91234
3.54928 27.24528 3.66554 0.35061 25.27293
3.59928 27.64882 3.62279 0.4045 24.81996
3.92262 27.25742 3.57216 0.43253 24.91944
3.67283 27.74963 3.66704 0.45099 24.52871
3.73151 27.19946 3.59058 0.47236 25.07282
3.81013 28.70829 3.27598 0.47961 23.80304
3.65148 27.27352 3.50754 0.3895 25.21762
3.55483 26.3981 3.62429 0.37205 26.07022
3.57693 27.25388 3.54487 0.39239 25.26188
3.15832 27.67018 3.26357 0.34717 25.58215
3.35694 26.43565 3.32456 0.32492 26.57545
3.41749 26.56614 3.69674 0.31965 26.02393
3.67948 27.06517 3.7271 0.3296 25.24989
3.61637 26.82295 3.24315 0.3095 26.04706
3.76158 26.36189 3.35121 0.29782 26.25936
3.53284 26.63308 3.65942 0.26385 25.95567
3.50085 25.43467 3.72536 0.25595 27.11362
3.60327 26.68561 3.62512 0.30308 25.8309
3.4896 27.03925 3.28454 0.29003 25.93859
3.36432 27.41017 3.30772 0.28338 25.68575
3.54621 27.01721 3.41191 0.26795 25.79088
3.51435 28.52213 3.46502 0.33786 24.24181
3.32311 28.39719 3.37208 0.32671 24.65105
3.37409 27.61909 3.28741 0.28644 25.48488
3.24014 27.10395 3.13366 0.26144 26.29379
3.2699 27.14401 3.34489 0.27057 26.00554
3.62011 27.27246 3.5308 0.26763 25.347
3.55357 26.52302 3.93276 0.25182 25.79792
3.76118 26.6745 3.97564 0.24865 25.40016
3.92501 26.73114 3.73781 0.34384 25.31024
3.6399 26.6186 3.53793 0.31301 25.91199
3.43253 26.39586 3.7741 0.24159 26.18303
3.63127 27.44354 3.36984 0.28207 25.30676
3.31101 27.55511 3.85113 0.31637 25.0123
3.77609 27.51232 3.72722 0.35621 24.67642
3.57716 26.90344 3.81809 0.34948 25.37691
3.60525 27.39068 3.82101 0.34462 24.876
3.39656 27.1197 3.84976 0.29451 25.38368
3.48047 26.03234 3.69908 0.25798 26.55543
3.28867 28.12296 3.53361 0.28273 24.82069
3.27968 27.24821 3.46698 0.2462 25.80429
3.38619 26.78287 3.48808 0.24893 26.13776
3.53369 26.90279 3.41776 0.25779 25.9356
3.51383 28.03457 3.44881 0.23318 24.82116
3.30702 28.25993 3.40303 0.23295 24.8493
3.44026 27.40788 3.53546 0.26515 25.39587
3.481 26.36159 3.24932 0.21028 26.73431
3.91235 25.91503 3.83572 0.26184 26.11085
3.75305 26.23983 3.93289 0.27942 25.85443
3.55073 27.25141 3.54847 0.32439 25.37687
3.4166 26.31859 3.37933 0.27828 26.62893
3.46003 26.14938 3.71599 0.30707 26.38945
3.72479 26.84665 3.60944 0.33782 25.53769
3.59733 26.77058 3.78909 0.36706 25.51382
3.27416 26.80509 3.3599 0.38281 26.21012
3.36558 28.58109 3.20935 0.42391 24.48352
3.29831 29.13887 3.23329 0.42408 23.98351
3.41089 28.69995 3.02112 0.38635 24.53265
3.43385 27.53529 3.45644 0.30779 25.32377
3.76423 26.39541 3.80991 0.34284 25.75088
3.46681 27.65956 3.40194 0.39477 25.12461
3.15641 26.96215 3.22195 0.30599 26.39652
3.1267 28.07329 3.34082 0.36713 25.13176
3.31743 27.71009 3.38869 0.37411 25.25628
3.51465 28.28696 3.6846 0.34899 24.23261
3.94615 27.33179 3.59206 0.34931 24.83272
3.70378 27.68714 3.58206 0.32051 24.7782
3.99706 26.85836 3.78616 0.34745 25.11542
3.8033 27.81856 3.86729 0.39957 24.2721
3.95077 26.492 3.32946 0.29881 26.00383
3.62796 26.43797 3.26048 0.291 26.4386
3.45178 26.62155 3.7231 0.33928 25.89711
3.55996 26.54724 3.48019 0.29749 26.15092
3.80328 26.68268 3.5369 0.28513 25.73594
3.49622 27.3362 3.46034 0.27886 25.475
3.3579 27.15975 3.63712 0.21789 25.66692
3.39016 28.26847 3.51762 0.23705 24.66475
3.10988 28.0956 3.08329 0.25435 25.51295
3.59306 26.6792 3.25468 0.24881 26.27797
3.40776 27.86117 3.47057 0.2429 25.07824
3.42 27.90574 3.66362 0.28429 24.78434
3.41118 29.11452 3.18579 0.31087 24.0527
3.11294 27.80933 3.44538 0.2596 25.40614
3.52484 26.93202 3.81629 0.27613 25.48105
3.20202 28.2231 3.53184 0.2961 24.80249
3.23401 27.01598 3.78363 0.26937 25.74324
3.51536 26.70736 3.72178 0.27359 25.81928
3.37131 26.88687 3.92194 0.2738 25.59551
3.12376 28.35586 3.59083 0.28459 24.71803
3.62311 28.66202 4.07688 0.33055 23.43357
3.29953 28.57774 3.56649 0.3219 24.31279
3.61788 28.64266 3.77881 0.35066 23.6879
3.28857 28.09403 3.70664 0.34564 24.61077
3.50267 28.0324 3.59086 0.39407 24.52248
3.50341 28.07642 3.55538 0.46191 24.44583
3.7544 26.7291 3.63628 0.31139 25.60611
3.73336 27.5125 3.86953 0.3774 24.55844
3.73223 26.32101 3.69302 0.29229 26.00469
3.81896 26.8126 4.03826 0.28431 25.10778
3.88439 25.85063 3.73412 0.25467 26.32014
3.95824 26.77627 4 0.29287 25.05731
3.57711 27.44081 3.96938 0.26728 24.80499
3.8679 27.743 3.69119 0.30687 24.47936
3.88871 29.01398 3.70167 0.33858 23.16131
3.88186 27.75875 3.9206 0.31765 24.19226
3.8827 28.4126 3.611 0.32386 23.8573
3.94589 28.41942 3.40109 0.31518 23.99733
3.5338 28.12371 3.16252 0.29313 24.93434
4.21015 27.78685 3.46694 0.36823 24.25461
3.80065 28.18773 3.2692 0.3722 24.47999
3.60064 28.40852 3.04121 0.37055 24.65908
3.50311 28.89918 2.91223 0.36039 24.40798
3.51636 27.16245 3.17621 0.33707 25.86697
3.32045 27.59618 3.21342 0.36734 25.54417
3.55182 26.85262 3.48217 0.33282 25.81946
3.61631 27.15863 3.6045 0.37312 25.29521
3.20405 28.17916 3.57001 0.3127 24.80034
3.27937 27.65969 3.41322 0.34025 25.36564
3.63725 26.91621 3.46922 0.30415 25.72511
3.61916 26.70301 3.22301 0.29645 26.2047
3.66577 26.72341 3.10279 0.28213 26.27301
3.62843 26.77459 2.94772 0.30988 26.38969
3.6501 26.86791 3.2655 0.35161 25.92686
3.52128 27.46173 3.01498 0.35569 25.72232
3.99909 27.7353 3.10713 0.46496 24.80637
4.05453 28.20241 3.61514 0.42645 23.8004
3.88215 26.79845 3.74289 0.37874 25.2492
3.92508 26.98519 3.81233 0.40658 24.92448
3.94622 26.40287 3.88086 0.35243 25.46596
