"V1" "V2" "V3" "V4" "V5"
10.3199 20.75677 5.68552 0.60142 22.74436
10.02799 21.1224 5.78639 0.5652 22.62883
10.59309 20.22466 5.7918 0.5574 22.93813
9.47202 20.87427 6.04171 0.57737 23.12286
9.77494 20.85617 5.71772 0.60847 23.12222
10.15471 19.74562 6.30349 0.61624 23.29971
9.99195 20.2853 6.22746 0.66872 22.95436
9.60321 20.73794 5.48189 0.57809 23.67505
9.46287 20.83828 5.58721 0.54668 23.64052
9.54483 21.03442 5.40024 0.56035 23.52995
10.65837 19.42845 5.83021 0.58024 23.5669
10.32095 20.24006 5.70779 0.58421 23.23545
9.18148 20.83445 5.85985 0.59317 23.62524
9.91579 20.65176 6.07193 0.61659 22.80122
10.1022 21.13486 5.81895 0.57716 22.46528
9.91425 20.85834 5.29209 0.57555 23.43011
10.13478 21.08633 5.51228 0.64447 22.70562
10.01006 20.35668 6.63193 0.59269 22.49504
9.44544 21.0032 6.47846 0.50197 22.67262
9.83211 20.57855 6.58591 0.55909 22.53949
10.08183 20.98123 6.03066 0.55914 22.47164
9.58737 20.51147 6.43203 0.58739 22.97977
10.51517 19.78286 5.89491 0.60121 23.29259
10.1742 20.49685 5.56545 0.50353 23.32711
9.93642 21.25586 5.28171 0.49087 23.11599
9.41346 21.31656 5.27001 0.48647 23.58888
8.75707 21.42383 6.96863 0.51148 22.44168
9.87355 20.45523 6.24542 0.53477 23.04884
9.98813 19.73875 6.31327 0.54492 23.50371
9.83068 20.89405 6.39581 0.57116 22.42348
10.31418 19.72603 6.48672 0.48632 23.06871
10.20564 21.08301 6.12382 0.54841 22.14076
10.36439 19.91408 6.20895 0.54208 23.03199
10.04318 20.29919 5.8067 0.5191 23.40219
9.80888 20.72363 5.96908 0.48257 23.09151
8.87455 21.60624 6.65637 0.49391 22.46819
9.02291 21.9578 6.51146 0.54471 22.04987
9.95078 21.06097 6.2116 0.50495 22.36732
10.18912 20.41332 6.36318 0.52394 22.61834
9.39795 20.90306 6.11883 0.48492 23.15635
10.02282 21.04775 6.37307 0.45727 22.17618
9.90881 21.43126 6.16937 0.474 22.11909
9.49129 21.38068 5.82064 0.48024 22.89873
10.16871 20.64682 5.8137 0.54573 22.88125
9.34341 21.16472 6.0862 0.5637 22.90047
9.29863 21.03011 5.80569 0.5216 23.40226
9.29775 20.92168 5.98288 0.53421 23.32916
9.45946 20.50756 6.30568 0.43187 23.36449
9.64679 19.65566 6.53336 0.43803 23.79123
10.06929 20.95369 5.94491 0.54754 22.57865
9.08914 21.28306 5.84192 0.50297 23.3419
10.41202 20.45477 5.41046 0.46653 23.32817
9.81414 21.08416 5.80169 0.47754 22.89923
10.21824 20.54748 5.88634 0.50276 22.91691
9.65175 20.72064 5.77299 0.4587 23.44702
9.68188 21.28405 6.17864 0.482 22.48231
10.17229 21.0092 5.80686 0.48315 22.63191
9.499 20.80018 6.3724 0.45955 22.94977
9.82561 21.11149 6.00434 0.43165 22.7437
9.84629 20.77492 6.37494 0.43719 22.6327
9.84339 20.79192 5.71174 0.43445 23.27907
9.66113 21.26786 5.50942 0.42236 23.21719
10.24262 20.5596 5.94214 0.54287 22.81968
9.77565 20.63594 5.76645 0.49562 23.40059
9.81609 20.23238 6.01691 0.50621 23.49199
10.15262 19.97018 5.94869 0.52872 23.49222
10.41302 19.91111 6.28928 0.54645 22.94334
9.8352 20.24346 6.37332 0.54513 23.0654
10.63704 19.99017 6.21853 0.47879 22.756
10.43903 19.75866 6.03181 0.4714 23.36738
10.89496 20.04907 6.08349 0.61191 22.43669
10.16375 20.67386 5.92629 0.57964 22.74727
11.14762 20.63097 5.73368 0.65832 21.95973
10.39941 20.61618 5.59615 0.53548 22.92465
9.73349 20.82836 5.56613 0.43661 23.48841
9.29707 21.63897 5.96197 0.56089 22.66217
9.49738 22.06207 5.73822 0.51692 22.27964
9.83256 20.94202 6.19478 0.59444 22.55714
10.66807 20.89267 6.01419 0.65428 21.87935
11.35896 20.14882 5.72092 0.64271 22.21415
10.31321 20.22648 6.04487 0.62055 22.85149
10.66389 20.41283 5.55089 0.63107 22.79961
9.57791 21.26595 5.60336 0.68295 22.92214
8.82773 21.71621 6.13285 0.5933 22.78202
9.40448 20.60978 6.15965 0.50322 23.38096
9.27961 20.85958 6.72407 0.48941 22.7016
9.46459 20.84672 6.61749 0.535 22.60082
9.93906 21.15501 5.78468 0.47012 22.71995
10.30108 20.77484 6.11751 0.47068 22.42233
10.17842 20.0347 6.15712 0.49549 23.18283
9.38917 20.49834 6.16289 0.45001 23.54484
10.35539 19.91719 5.93616 0.42995 23.42233
10.55931 19.41729 6.80815 0.49041 22.83653
10.20557 19.87147 6.21243 0.41776 23.35835
9.75629 20.33564 6.44052 0.49503 23.03194
10.20259 20.02161 6.30385 0.53955 22.97978
9.39771 21.01006 6.18951 0.5986 22.85331
9.73701 20.63179 6.4452 0.5515 22.69492
9.13313 21.93201 6.18988 0.51891 22.29915
9.6335 20.55252 6.77166 0.50696 22.60069
9.63589 21.46234 5.89896 0.39747 22.66686
10.21777 20.48309 5.91854 0.48678 22.96239
10.31107 20.24991 6.00363 0.49049 23.0083
10.16372 20.38862 5.86363 0.48231 23.1701
10.27973 20.98434 5.57096 0.48138 22.77828
9.42903 21.08349 5.64001 0.50462 23.42506
9.49508 22.16565 5.57446 0.5427 22.38774
9.76882 21.70201 5.20925 0.58939 22.82373
10.18233 20.56328 5.71182 0.72378 22.90671
9.54781 20.25054 5.95948 0.66356 23.65719
9.35397 21.00518 5.58013 0.7064 23.40673
9.58743 20.87389 5.5275 0.63595 23.43069
9.04122 21.16331 5.72422 0.57634 23.53907
10.09346 20.5879 5.54101 0.60719 23.23623
9.74448 21.77959 5.48915 0.5611 22.54019
9.21165 22.35586 5.33399 0.50467 22.68989
9.55298 21.82501 5.34099 0.60887 22.77592
9.33263 22.3641 5.85657 0.60021 21.94747
9.94902 21.49947 5.76043 0.69453 22.20287
10.0894 21.14555 5.49087 0.78407 22.61976
9.11335 21.71179 5.77351 0.6955 22.79283
9.47199 21.01862 6.28732 0.68368 22.62234
9.8429 20.12562 6.15258 0.69998 23.23991
10.06053 20.38776 5.84679 0.78008 22.99547
10.47691 19.59755 5.69454 0.65078 23.65986
9.73545 19.93379 6.05748 0.6651 23.66886
9.85226 19.93088 5.53855 0.55031 24.16285
9.82018 19.4113 5.67081 0.54742 24.59153
10.26476 20.23354 6.14346 0.6115 22.82097
9.78058 20.71838 6.1031 0.69507 22.79369
9.49423 20.80661 5.87396 0.54745 23.34852
8.99096 21.83361 5.87367 0.59279 22.8029
9.30578 20.88836 5.5034 0.47658 23.91438
9.71958 20.72899 6.05534 0.58183 23.05392
8.89783 20.38496 6.61377 0.61716 23.58659
9.65126 20.93767 5.63165 0.64456 23.24896
9.56031 20.24227 6.21221 0.65988 23.42461
9.04622 20.00633 6.44286 0.5901 23.99862
9.27825 21.47311 6.0227 0.63161 22.75529
9.6797 21.46877 6.35928 0.63154 21.99241
9.17675 20.84509 5.90829 0.59894 23.54117
10.1067 20.80909 6.05932 0.70412 22.41243
10.65108 20.8649 5.80574 0.717 22.07345
10.26605 20.26184 6.10337 0.7215 22.71457
9.85839 21.79084 5.50934 0.63409 22.29296
9.42369 21.15373 5.94095 0.51238 23.0343
10.19235 19.66927 6.23349 0.5756 23.37207
8.89475 20.66222 6.56224 0.57584 23.35428
9.12608 20.82158 6.32183 0.54661 23.24246
9.60394 20.98864 5.84424 0.59693 23.03772
9.42464 21.70608 5.90527 0.5988 22.45569
9.65332 20.4884 5.66396 0.56549 23.68629
9.71285 21.10404 6.04171 0.64262 22.58932
10.07467 20.93079 6.05925 0.56464 22.46913
9.84121 20.9914 5.75309 0.53706 22.92966
9.25191 20.68441 6.12589 0.56571 23.43863
10.60511 20.5374 5.46707 0.56672 22.88355
10.796 20.3454 5.98431 0.59937 22.35847
10.41297 20.03867 6.49441 0.66357 22.46828
9.73348 20.40636 6.53219 0.57945 22.81814
9.02941 21.5239 6.02584 0.5531 22.95447
9.37644 22.31126 5.58747 0.63016 22.19691
8.68047 22.29957 5.67914 0.59061 22.8318
9.35393 21.02924 5.39784 0.48181 23.80267
9.28376 21.47894 5.60411 0.5091 23.18784
10.09565 19.99507 6.89788 0.52413 22.569
9.83955 19.98083 6.54156 0.51946 23.17439
10.326 19.44112 6.61408 0.58378 23.10188
9.75716 20.58322 6.4112 0.48848 22.84048
9.51813 20.24986 7.15787 0.45034 22.689
10.72151 19.75765 7.35196 0.4654 21.82596
9.3976 20.30645 6.45561 0.40676 23.49909
9.37312 20.83069 6.07213 0.43775 23.34286
10.24887 20.65162 5.71471 0.40897 23.04585
10.19392 20.43886 6.36351 0.47307 22.59997
10.37356 20.77839 6.01189 0.54448 22.37921
10.34948 21.47394 5.52327 0.58629 22.1828
10.52525 20.97046 6.61799 0.5474 21.50014
9.9823 21.32612 6.0369 0.50379 22.30192
9.99426 20.94306 6.06484 0.48856 22.65297
10.02292 21.91168 6.12137 0.568 21.55291
9.49365 21.77528 5.88535 0.46024 22.50376
10.71453 20.95074 5.46568 0.4374 22.53524
11.09176 20.77168 5.4553 0.48872 22.29235
11.13209 20.46312 5.689 0.60714 22.20312
10.7783 21.31314 5.97514 0.61164 21.47547
9.7639 21.27985 6.04449 0.55338 22.45727
9.88538 21.47175 5.47112 0.46675 22.78957
9.79285 20.99671 5.40271 0.4812 23.41536
9.8917 21.36386 5.48078 0.46304 22.90367
9.76561 21.89927 5.57409 0.58642 22.28196
9.89314 21.22116 6.3737 0.59772 22.04798
9.59036 22.18185 5.79591 0.5797 22.00826
10.57636 21.02028 6.17384 0.60252 21.81123
10.35112 20.77065 6.11928 0.61489 22.25206
10.70798 21.145 5.80994 0.67598 21.81085
10.02627 20.71971 5.79239 0.54008 22.98747
9.37349 21.33521 6.07081 0.44498 22.86509
10.26664 20.47986 5.29987 0.36952 23.65799
9.62843 20.30307 5.09245 0.35436 24.67243
9.99651 19.82437 5.85866 0.41613 23.96842
9.18167 21.87045 5.27981 0.45028 23.29985
10.26349 21.22156 6.08207 0.48529 22.06523
10.54828 20.47933 5.5542 0.47566 23.00105
10.32041 20.9143 5.97062 0.42796 22.46633
9.49073 21.4311 6.12858 0.40213 22.64475
9.56264 22.27102 5.19959 0.45129 22.59536
9.19734 21.7212 5.94251 0.4641 22.77125
9.89287 21.23933 6.11859 0.43236 22.42116
9.33129 21.66619 5.33338 0.38638 23.36677
9.40794 21.42997 5.99646 0.42808 22.82473
9.03714 22.54964 5.95199 0.44211 22.10486
10.10412 20.28102 5.9703 0.53895 23.17104
9.95428 20.21698 6.25949 0.61405 23.0211
9.58177 21.85224 6.39055 0.68269 21.60542
9.47231 21.18831 6.30017 0.71436 22.43134
9.86987 21.0115 6.28257 0.6354 22.31318
10.07488 20.61654 6.19179 0.61875 22.61367
9.31892 20.31651 6.85044 0.56282 23.02916
9.20062 20.7859 6.4633 0.50878 23.1082
9.82555 21.36002 5.99093 0.61022 22.33632
9.87004 21.86798 5.96041 0.54337 21.9108
10.40014 20.50297 5.76804 0.49713 22.92877
9.67465 21.36451 5.66548 0.46176 22.90885
9.61774 20.79304 6.23482 0.53233 22.90603
8.97037 21.5238 5.68446 0.54754 23.33285
9.78396 21.23437 5.90823 0.56808 22.59386
9.98555 20.75871 5.83976 0.5509 22.93762
9.59865 20.9802 5.90927 0.50273 23.08603
9.81605 20.03591 6.12954 0.49807 23.57639
10.17067 20.93732 5.6818 0.51806 22.7604
9.54109 21.47612 5.37464 0.55619 23.10989
9.06007 22.37393 5.48297 0.58661 22.59179
9.12828 21.47261 5.81814 0.51435 23.13903
10.45066 20.68774 5.48186 0.52736 22.92461
9.62726 21.50423 5.9312 0.54444 22.50344
8.97856 20.71297 6.65212 0.52218 23.22036
8.84085 20.43688 6.657 0.50118 23.62413
9.64516 20.28762 5.71805 0.49145 23.92154
9.83588 19.93779 6.52979 0.59283 23.18428
9.25673 21.05089 6.49651 0.63061 22.68527
9.58021 20.33968 6.18748 0.62687 23.34785
9.2352 20.50622 6.12464 0.5368 23.6645
10.33265 21.61881 5.65338 0.55361 21.96073
8.6858 21.85862 5.30531 0.41161 23.79601
10.10586 20.50231 6.07007 0.54783 22.85127
9.87305 20.04337 5.85525 0.54618 23.7276
10.19939 20.7819 5.57246 0.54061 22.9834
9.37416 19.80783 6.35519 0.4795 24.02396
10.73913 18.99121 6.69705 0.5402 23.11258
10.26037 20.37581 5.61216 0.51665 23.31733
9.50298 20.6885 6.46035 0.53551 22.88208
9.12655 21.92808 6.32532 0.52358 22.20123
10.09024 20.92091 5.56806 0.47185 23.05421
10.1001 21.82069 5.39337 0.45711 22.33668
10.34849 20.87661 5.45491 0.52529 22.9179
10.91013 20.31985 5.01476 0.47698 23.37299
10.54213 19.85014 5.61791 0.46342 23.62011
10.24832 20.35288 5.69172 0.43681 23.37857
9.52239 20.8376 6.51273 0.48848 22.7588
9.51401 21.97041 5.53745 0.51629 22.57248
9.97365 21.43886 5.5399 0.49394 22.64258
9.29957 20.89289 6.18626 0.44402 23.24347
9.56558 20.96923 6.33728 0.45978 22.7663
9.33599 21.56294 7.28798 0.48422 21.47543
9.46687 20.8613 6.88703 0.4858 22.43287
9.88812 21.05429 6.17424 0.54246 22.44836
10.18365 19.48356 6.27366 0.47461 23.64025
9.97 20.14947 6.1554 0.53669 23.23085
9.52508 20.04476 6.71553 0.45774 23.30731
9.84007 20.12476 6.35379 0.50992 23.22516
10.68859 18.9888 6.58064 0.52493 23.29413
10.23527 19.91796 6.45473 0.50588 22.96281
9.96514 20.74977 6.0964 0.47943 22.77581
10.44871 20.00296 6.90101 0.53848 22.2235
9.96483 19.72381 6.36011 0.55555 23.44417
10.02783 20.27179 6.79592 0.48 22.52772
10.01253 20.86959 6.21502 0.51326 22.50373
9.94146 20.30468 6.38034 0.45628 23.02799
10.32501 19.39047 7.14138 0.52227 22.74187
9.78981 21.23281 6.24589 0.57397 22.28071
9.62538 21.47489 5.98092 0.57151 22.51832
10.36627 20.97282 6.49665 0.64503 21.69996
10.5375 19.75098 5.71197 0.58539 23.4891
9.89873 20.26704 5.93262 0.61347 23.3433
9.50736 20.08105 6.21678 0.5473 23.70017
9.57971 21.0997 5.68059 0.67454 23.01007
9.28225 20.56604 5.48472 0.61476 24.07957
9.99077 20.09626 5.69634 0.58621 23.67181
10.62475 19.18861 6.70489 0.74647 22.81246
10.38048 20.31368 6.35185 0.67378 22.38458
9.758 20.72082 6.37467 0.62511 22.60631
9.392 21.61152 5.87181 0.5805 22.65703
10.29774 21.33201 5.55924 0.63253 22.29494
10.04898 20.76254 5.6542 0.53261 23.06538
8.88896 20.86464 6.16154 0.53569 23.59132
9.48125 20.22286 6.19021 0.51333 23.63265
9.94794 19.33585 6.64494 0.52911 23.59015
10.45732 19.84659 6.59048 0.5743 22.61075
9.83282 20.66276 6.19821 0.53665 22.83575
9.74358 21.69584 5.61784 0.55557 22.47073
11.00038 20.51589 5.94992 0.58497 22.02141
10.21305 21.22111 5.70512 0.59034 22.32988
10.22522 21.4902 5.49241 0.58363 22.28147
9.3724 20.79565 6.13048 0.58169 23.16625
8.70208 21.05906 5.29179 0.47531 24.50525
9.00719 20.74225 5.89758 0.54479 23.85912
10.12829 20.0062 5.52509 0.57438 23.80124
9.55166 19.95213 5.83913 0.59087 24.09824
10.45132 20.09845 6.07258 0.54705 22.89438
10.97063 19.30373 6.38953 0.54203 22.88322
9.8522 20.3366 6.40296 0.61962 22.85461
10.09876 21.07626 6.18641 0.64019 22.09362
9.47295 21.20591 6.45055 0.60394 22.35503
9.58797 20.17239 6.07897 0.52694 23.7024
9.73147 21.13958 5.7008 0.48058 23.04688
9.72881 20.5036 5.80711 0.43934 23.57846
9.4576 20.06216 6.10634 0.47214 23.96592
9.06613 20.35224 6.25079 0.43658 23.95243
10.065 19.94926 6.08986 0.49942 23.46569
9.77726 21.18268 5.76472 0.60229 22.75561
9.50452 20.90529 5.63473 0.60472 23.41482
9.6638 20.7613 5.84065 0.47107 23.32988
9.74474 19.68865 6.72238 0.48536 23.43504
9.84734 20.50461 6.17792 0.44637 23.10825
10.55933 20.00711 5.84415 0.53145 23.14258
10.63278 20.29047 6.05673 0.54759 22.58378
9.90801 19.78709 6.82391 0.47911 23.07824
9.89125 20.26285 6.34004 0.51737 23.0989
9.75379 21.04839 6.51737 0.52943 22.28983
9.8746 21.58471 6.01077 0.5179 22.12708
10.23076 20.50475 6.23446 0.42188 22.68982
10.33528 21.04277 6.31093 0.52676 21.91391
11.07627 20.30221 5.69786 0.52294 22.51919
10.09378 20.41748 5.60876 0.41939 23.53512
9.16662 21.87131 5.6862 0.41432 22.95281
9.35528 21.3274 6.24701 0.42134 22.74734
9.53217 21.63746 6.0605 0.48255 22.40955
10.45593 21.24201 5.99089 0.73368 21.73309
10.15568 21.72169 6.14502 0.64241 21.53596
10.29972 21.52651 5.43905 0.53565 22.32229
9.99667 21.48689 5.82579 0.44205 22.37255
9.98456 21.50584 6.03331 0.46638 22.15198
9.85538 21.26531 6.02444 0.45096 22.53558
9.87292 22.31052 5.51071 0.4552 21.99112
9.76399 21.61706 5.86462 0.45471 22.41935
9.49736 21.37413 6.06765 0.48792 22.67886
9.73201 21.50904 5.64011 0.4922 22.70926
9.41089 21.23777 6.41306 0.46215 22.60842
9.50776 20.60281 6.17885 0.48901 23.32607
9.71323 20.26614 7.40203 0.51839 22.27108
10.06558 20.29421 6.7647 0.4668 22.5462
9.46827 20.78812 6.1306 0.4131 23.2803
9.54138 20.24275 6.38527 0.44324 23.44948
9.52103 20.57705 6.92393 0.47046 22.57382
9.98768 19.79022 6.32173 0.50866 23.44828
9.45711 20.26632 6.61835 0.47046 23.2507
9.16929 20.56243 6.24195 0.47503 23.60904
9.29695 20.31023 5.99437 0.44937 24.00021
9.5068 20.2488 6.32921 0.49307 23.49227
10.94346 19.54298 6.40473 0.64478 22.54888
9.96196 19.77904 6.28891 0.60645 23.42195
10.92814 20.06689 5.9477 0.74698 22.39776
9.2926 20.0785 5.84053 0.5964 24.23977
9.18288 21.56182 5.9186 0.66448 22.73903
10.35926 20.26627 5.73059 0.64889 23.0733
10.39123 19.78078 5.731 0.57431 23.59048
10.42846 20.58568 5.80214 0.57633 22.7031
9.51792 20.74957 6.63126 0.6073 22.59103
9.32375 19.85761 6.09346 0.53184 24.23632
9.51279 20.98524 6.16387 0.64416 22.76622
10.48271 21.09549 5.36693 0.69872 22.43347
10.15202 20.02777 6.35392 0.54357 23.02395
9.5434 21.00349 6.57858 0.54067 22.44097
9.96543 20.3693 6.37877 0.53801 22.82729
9.59956 21.14215 5.92553 0.53943 22.85594
9.22475 20.94304 5.8995 0.54484 23.44142
9.28478 20.07057 6.2721 0.45718 23.97044
10.19747 20.38468 6.2818 0.55305 22.67153
9.85027 20.24064 6.4999 0.52047 22.97332
9.14109 20.08333 6.3883 0.42097 24.005
9.01833 20.79442 6.05784 0.44861 23.73469
10.19657 20.06456 6.25556 0.48971 23.08378
9.48059 20.85229 6.02286 0.56372 23.13772
10.19216 19.95818 6.2583 0.55977 23.08855
9.72957 20.66493 6.26834 0.6262 22.7792
9.74584 20.27069 5.49343 0.53736 23.99989
10.40663 21.79921 5.71287 0.60761 21.58006
10.54397 21.17814 5.4267 0.56737 22.34941
10.17214 20.4032 5.67915 0.57154 23.22521
9.54821 20.88892 6.18109 0.53058 22.8977
9.51938 21.05946 6.10366 0.56789 22.79538
10.25213 20.70465 5.96856 0.66277 22.45748
10.55536 19.93099 6.28436 0.51662 22.77982
10.38798 20.03024 6.16865 0.58837 22.87414
9.24445 20.92467 5.94852 0.52677 23.39207
9.61391 20.54161 5.96895 0.48892 23.44029
9.50028 21.79652 4.98034 0.47108 23.31112
9.68836 20.85769 5.73051 0.50677 23.27104
9.59611 21.62622 5.44718 0.61299 22.79319
9.67319 20.56517 5.70461 0.51967 23.59622
9.04248 21.1774 5.09488 0.46344 24.25786
9.58635 21.73947 5.41302 0.5024 22.81524
9.685 21.45635 5.63804 0.67406 22.59206
9.20616 21.27325 5.55499 0.63902 23.36272
9.36408 21.63733 5.36587 0.62988 23.05911
8.96936 20.18822 5.78568 0.54273 24.55509
10.01091 19.69837 6.06594 0.49312 23.78898
10.61942 18.3089 6.75053 0.48154 23.89901
10.20504 19.42548 6.30349 0.43448 23.67522
10.46598 19.29347 6.44072 0.4811 23.36733
9.147 20.14634 6.45416 0.368 23.93104
10.31811 19.53498 6.98757 0.42704 22.80907
10.27969 20.04165 6.31613 0.35622 23.07682
10.11721 19.40449 6.13831 0.35343 24.02572
10.01258 19.73242 6.24281 0.43682 23.62263
9.10086 19.59144 6.90825 0.42214 24.01906
9.16265 20.59424 6.02187 0.39523 23.87914
9.03372 20.31783 6.10533 0.42082 24.16152
9.30182 20.1112 6.73 0.35881 23.57241
9.06178 20.86805 6.35151 0.42374 23.35848
9.21156 20.94404 5.66839 0.35923 23.86866
9.44113 21.06816 5.88931 0.38355 23.27705
8.74742 21.24495 6.40586 0.44909 23.20335
9.91145 20.43761 5.92811 0.49442 23.2834
9.72851 21.03586 5.73569 0.52944 23.02664
9.499 20.68581 5.78088 0.50437 23.56644
9.50575 20.97072 6.29152 0.50381 22.78056
9.74885 20.00114 5.59124 0.46266 24.2307
8.69858 21.74768 5.37176 0.52513 23.69937
8.81474 21.45524 5.54924 0.61273 23.6036
9.26214 21.18306 5.92279 0.65854 23.04129
9.28879 20.96043 5.84475 0.56252 23.40047
9.49816 21.47951 5.61691 0.57248 22.89761
9.63854 20.13001 5.72187 0.4394 24.11148
10.45272 20.84463 5.38562 0.47557 22.90787
9.59216 20.43474 5.96878 0.48648 23.57243
10.7271 20.59784 5.11695 0.50927 23.11307
9.54318 20.19026 5.64852 0.48379 24.16622
9.5349 21.30422 6.10098 0.58714 22.54263
9.85942 21.00729 6.04992 0.52206 22.63778
9.87355 20.66415 6.08219 0.54538 22.89063
9.88063 20.00202 6.16769 0.57121 23.43623
10.22355 19.86442 6.84316 0.60204 22.55558
9.58927 20.56663 5.82541 0.56455 23.50768
9.71438 20.82198 5.91143 0.53558 23.08999
9.84061 21.31268 5.84642 0.55665 22.56548
9.45733 21.28834 5.72392 0.56291 23.06109
9.37328 20.91856 5.87072 0.43823 23.4879
10.44812 20.35633 5.79568 0.46612 23.02069
10.11586 19.9971 6.19667 0.53765 23.2347
8.95613 21.64982 5.49286 0.40764 23.5591
10.36779 20.6908 5.61477 0.42057 23.00901
9.13613 21.74501 5.51501 0.40127 23.28532
10.07987 19.98055 5.98837 0.41725 23.60308
10.03315 20.74449 5.90616 0.44912 22.9725
10.14585 21.59814 5.87246 0.43645 22.10484
9.26915 21.88717 6.23052 0.43072 22.35991
9.75729 21.24833 6.07437 0.4707 22.57311
10.16162 20.20316 5.91688 0.43367 23.36452
10.58892 20.31919 5.86211 0.47085 22.8697
10.81582 19.98722 5.86855 0.53809 22.8926
9.52579 21.25593 6.15449 0.43958 22.73404
10.03545 20.40115 6.4107 0.49808 22.75904
9.84632 21.42235 6.61743 0.54834 21.73579
9.86563 20.90904 5.75156 0.54985 23.04108
10.17401 21.21725 6.10577 0.52373 22.17193
9.66705 20.65865 5.85175 0.42171 23.49679
9.04684 21.3811 6.43633 0.47946 22.73559
10.02641 20.75096 6.32562 0.51521 22.48971
9.83196 21.29739 5.96144 0.57353 22.42842
9.49729 21.28442 6.22503 0.54224 22.53135
10.04998 21.45781 6.21428 0.53835 21.85967
10.70143 20.53161 6.36052 0.619 21.89267
10.08354 21.08983 5.76433 0.58456 22.56201
9.4149 20.86284 6.03816 0.53507 23.21823
9.17741 20.62197 6.3711 0.55423 23.36543
9.87075 20.08648 6.32193 0.53579 23.25173
9.94716 20.32375 6.51104 0.63072 22.69376
9.91784 19.53925 6.66787 0.5765 23.40311
9.96352 21.01667 6.40569 0.59806 22.16558
9.60545 21.32207 6.79597 0.49225 21.91371
9.07496 19.60428 6.32309 0.41101 24.6251
9.39448 20.9286 6.16313 0.48408 23.09769
9.29747 20.64098 6.07119 0.43184 23.63289
9.40185 21.40845 6.09788 0.46642 22.72032
10.88299 20.16519 6.63009 0.52026 21.95604
9.41131 21.0568 5.83931 0.46283 23.3164
10.09164 20.87367 5.64508 0.39976 23.0787
10.04112 20.78001 6.64125 0.42316 22.20664
10.1982 20.76482 6.68115 0.50244 21.97969
10.13628 20.467 7.08448 0.42227 22.0764
9.81597 20.30737 6.23342 0.40512 23.35097
8.7302 21.98743 5.64857 0.42948 23.32137
9.49805 21.10283 5.78516 0.37349 23.32083
9.65063 21.11156 5.89804 0.39679 23.05933
9.03931 20.9 5.864 0.48819 23.77542
9.97686 20.75136 6.02444 0.55484 22.79721
10.15569 21.24961 5.54174 0.57103 22.61648
9.9456 21.04163 6.26974 0.61904 22.26372
9.68303 20.75573 6.58994 0.60529 22.48056
10.42758 20.67442 6.57839 0.58051 21.85159
9.81241 20.88341 6.47506 0.48913 22.41544
9.07213 21.4957 6.44889 0.50681 22.54838
9.1933 21.98938 6.35619 0.50915 22.02041
9.19715 22.10392 5.89578 0.50876 22.36591
9.9815 21.66489 5.70228 0.5667 22.1817
10.51179 20.83352 6.0692 0.63023 22.06655
10.14561 21.40198 5.55036 0.53598 22.44424
10.168 20.58299 6.23725 0.56006 22.53526
9.62533 20.28074 5.88738 0.47469 23.79296
9.65601 20.38043 6.53535 0.54586 22.97214
9.96582 21.01919 6.11113 0.4968 22.48783
9.76894 21.76705 5.88 0.44323 22.25131
9.43378 21.05251 6.05697 0.43623 23.09912
9.77249 21.26326 6.49941 0.45868 22.13895
9.80474 21.39801 5.98481 0.51819 22.38211
9.8135 20.69015 5.39771 0.50301 23.64882
9.71664 21.2001 6.20805 0.52333 22.45726
10.97364 20.96451 5.67032 0.51153 21.98999
10.02739 21.25648 5.5235 0.5171 22.74834
8.70758 21.83569 5.76041 0.40006 23.35693
8.75856 21.71535 6.0989 0.41298 23.0764
9.19118 22.17949 5.53029 0.47633 22.71234
9.04052 21.82176 5.28079 0.49931 23.41227
9.56795 21.51059 5.30923 0.49603 23.16804
9.67428 21.38285 5.75769 0.54203 22.69607
9.65761 20.97799 5.96161 0.49554 22.96649
10.42305 19.70232 6.23604 0.52269 23.19451
10.4514 20.56605 5.54393 0.51852 22.98102
10.20045 20.12919 6.13116 0.59526 23.00632
9.63037 19.45045 6.63666 0.52224 23.81149
8.92395 20.95768 6.25507 0.57839 23.33558
9.56266 20.33713 6.11128 0.49247 23.55748
9.93905 20.45847 6.33124 0.54606 22.80089
10.21913 20.05338 6.19939 0.45518 23.14571
10.14624 20.2502 6.15052 0.48079 23.03346
10.15476 20.93945 6.58369 0.51636 21.9275
10.13418 19.99536 6.73923 0.49218 22.73373
9.39826 21.9128 6.32708 0.4519 22.03331
10.79647 21.67548 5.59026 0.48307 21.6055
10.66448 21.53385 5.50955 0.49438 21.95577
10.77804 20.23762 6.15681 0.5551 22.39325
10.92374 19.89601 5.78542 0.54981 22.97376
10.78005 19.27276 6.38522 0.53106 23.13735
9.75849 20.12728 6.57895 0.50973 23.14159
10.69087 20.25489 6.69366 0.51585 21.97195
10.3114 19.87562 6.42995 0.50255 22.96568
9.85598 20.28156 6.01022 0.54444 23.37236
9.48544 21.01349 5.75257 0.51987 23.30661
9.97384 20.86416 5.7649 0.58159 22.96245
9.35281 21.6725 5.81943 0.47382 22.78463
10.15878 20.98601 5.65741 0.50374 22.80597
9.35927 21.69106 5.55316 0.5402 22.94331
10.26379 21.02126 5.94284 0.54385 22.36135
10.45921 21.32027 5.88029 0.51912 21.95491
10.60122 20.46733 6.20748 0.50987 22.33284
10.37791 21.08215 6.01822 0.50607 22.14705
10.66599 20.84758 5.74553 0.49277 22.36596
10.14583 20.14712 6.62339 0.4259 22.77903
10.99929 19.5729 5.82053 0.41474 23.30173
10.66086 20.05686 5.6759 0.47607 23.21645
10.31864 20.0457 6.23593 0.47121 22.99922
10.30557 20.99802 5.98278 0.50964 22.31175
10.14921 20.02296 6.67355 0.51077 22.72764
8.7244 21.9856 6.48935 0.59014 22.32171
9.77032 21.97372 5.8807 0.56393 21.92663
9.39715 22.1817 5.79062 0.47558 22.24
9.76736 20.95867 6.40917 0.48533 22.47995
10.28995 20.92212 5.54123 0.46601 22.87664
9.53579 19.90718 6.36716 0.45431 23.81366
9.99445 19.74861 6.21119 0.53495 23.58292
8.86779 20.44351 5.47901 0.46182 24.77603
9.0226 20.45535 5.84881 0.55441 24.15436
9.78685 20.58333 5.84979 0.63514 23.195
9.53412 20.51473 6.47145 0.63262 22.91517
9.44892 20.90305 6.11066 0.60536 22.98548
9.8519 21.15839 5.58639 0.61493 22.85466
9.95674 21.29723 5.48426 0.61997 22.71821
9.60053 20.56975 5.77306 0.54126 23.57764
9.02485 21.39435 6.09005 0.56558 22.99453
9.38557 20.57881 6.61306 0.58049 22.91309
9.52298 19.89904 6.35052 0.62448 23.65286
10.06196 20.36918 5.7847 0.61075 23.22419
9.74029 21.18173 5.98086 0.58259 22.61192
9.64086 21.32809 5.7618 0.63469 22.71439
9.49413 20.7924 5.77335 0.60564 23.38176
9.74696 21.28893 5.68298 0.57988 22.76084
9.98343 21.07499 6.01444 0.62599 22.37763
9.95346 21.04344 6.09093 0.63834 22.33507
10.076 21.78806 6.25154 0.56168 21.4487
10.23366 21.165 6.40038 0.5546 21.73286
9.70485 20.26044 6.35962 0.43773 23.29717
10.90488 19.8911 6.44856 0.51574 22.3395
10.51004 20.00393 6.72016 0.44229 22.41834
10.61885 19.83147 6.81403 0.53898 22.2914
10.56881 19.70653 6.67198 0.57289 22.56556
9.65472 20.21356 6.31655 0.53243 23.3388
10.02342 20.59329 5.86758 0.55685 23.0231
9.73437 20.43821 5.76447 0.5228 23.58644
9.97859 20.87957 5.17334 0.51828 23.50671
9.9482 20.49077 5.30803 0.555 23.74925
10.21099 21.12736 5.33343 0.55043 22.84618
9.31876 22.21105 5.72538 0.51749 22.30614
9.57065 21.37877 5.53679 0.46324 23.12256
9.46207 22.15972 5.16913 0.6188 22.68158
9.30548 21.69863 5.80842 0.59313 22.67319
9.56498 19.93573 6.00034 0.57493 23.97045
9.94419 20.66699 5.96775 0.62016 22.88217
9.8458 21.05613 5.79699 0.7328 22.68238
10.03086 20.74274 5.72356 0.58731 23.02638
9.93114 20.70144 5.9414 0.59981 22.93368
10.01661 20.32336 6.07652 0.5023 23.1614
10.25576 20.15477 6.1112 0.55408 23.00625
9.93033 20.84809 5.74464 0.55497 23.01278
10.04316 20.57851 5.41382 0.55821 23.48608
10.02876 20.68363 5.89423 0.51344 22.99398
9.38656 21.91593 5.72165 0.58734 22.4827
10.33934 20.44462 5.45237 0.54146 23.27921
10.13966 20.03303 5.75999 0.5935 23.55166
10.36705 20.24912 5.93157 0.6097 22.95654
9.69855 20.42912 6.13366 0.58492 23.22932
9.83471 20.64858 6.28177 0.56599 22.74971
9.54007 20.61723 6.35304 0.62605 22.93056
10.10975 19.9916 6.42164 0.66811 22.86782
9.55046 21.02795 5.73952 0.54117 23.20373
10.15583 19.90954 6.15742 0.53175 23.30806
9.20991 21.90932 6.31111 0.53261 22.1258
9.15099 21.33565 5.88634 0.44345 23.24651
9.22278 21.21765 6.1893 0.44549 23.00172
10.11918 20.93114 5.83922 0.52591 22.66357
9.39863 19.99034 6.49019 0.4717 23.71952
10.21427 19.96538 6.31657 0.46565 23.12475
10.7056 20.12764 6.00177 0.56499 22.69289
9.8519 20.40453 5.85137 0.44641 23.51259
10.31826 20.67923 5.81675 0.40361 22.86923
10.37346 22.03151 5.51628 0.45382 21.76654
9.23917 21.70651 6.19309 0.47026 22.48047
10.26729 20.18104 6.06603 0.51783 23.03033
10.45261 20.70802 5.86658 0.5391 22.54361
11.06169 20.40723 5.38838 0.56914 22.66085
9.59724 21.12213 5.62421 0.51435 23.2072
9.62181 21.16345 5.78257 0.49732 23.00835
10.90766 20.24445 6.00101 0.53598 22.39711
11.26563 19.85317 6.00085 0.43796 22.55658
10.65183 20.57943 6.30381 0.4469 22.14252
10.33163 19.79496 7.21525 0.33523 22.46795
10.58814 21.20651 6.39345 0.37252 21.60281
10.3305 20.64057 6.274 0.4149 22.4788
10.14806 20.73624 6.43609 0.34799 22.49532
10.29097 19.40842 7.41296 0.34748 22.72597
9.94469 20.48998 6.81521 0.38133 22.50175
9.51762 20.91376 6.3171 0.4119 22.96024
11.04052 19.28176 7.34527 0.39245 22.09834
10.26307 19.32344 6.89419 0.3574 23.26354
9.60406 20.32957 6.59397 0.38991 23.17627
9.6187 20.65769 6.49487 0.3707 22.95437
9.9813 20.2841 6.33096 0.41537 23.06176
9.19581 21.57703 5.86496 0.43342 22.9792
9.44288 21.9292 5.6643 0.50442 22.52438
9.76382 20.6024 5.98432 0.47244 23.22977
8.94657 20.92114 6.28004 0.44426 23.46054
9.1567 21.90574 5.42456 0.5019 23.05552
9.53027 21.00174 6.0813 0.49317 22.94544
9.63612 21.46536 5.99265 0.4798 22.50064
9.89886 21.34289 6.07517 0.44742 22.34774
10.57592 21.18671 5.36473 0.45522 22.51105
10.05364 20.33095 6.10905 0.40646 23.18494
9.41345 21.60663 5.80207 0.39532 22.89667
9.58243 22.31218 5.36911 0.42457 22.42929
9.3112 22.0035 5.55652 0.38829 22.81626
8.6831 22.69903 5.76452 0.43137 22.52461
9.82007 21.10428 6.45822 0.5036 22.22595
9.57592 20.6672 6.12605 0.47646 23.23112
10.07082 20.84472 6.20503 0.58861 22.41029
10.38838 21.5288 6.23384 0.63664 21.39677
10.19068 20.26832 6.08325 0.55409 23.00162
9.75069 20.91325 6.28998 0.52421 22.66262
10.34414 19.32563 6.98467 0.60355 22.91707
10.15348 20.93367 6.58655 0.66793 21.87655
10.23942 20.23708 6.12685 0.54978 22.95629
9.9174 21.0528 6.23228 0.58768 22.34764
9.55388 21.70531 6.10648 0.55053 22.25052
10.23175 20.9375 5.89704 0.46654 22.58678
9.95383 21.21147 5.78553 0.52579 22.6708
10.18413 20.00463 6.28575 0.47161 23.15589
11.21908 20.65518 5.4098 0.57056 22.25802
9.7065 20.47122 6.29938 0.6139 23.00662
9.95761 21.16367 5.81836 0.54381 22.65268
10.2283 20.58653 5.6895 0.53594 23.06775
10.6525 20.28552 6.15109 0.54343 22.48414
9.38821 20.78357 5.40075 0.4484 24.04209
9.93128 20.74896 6.02832 0.51652 22.8994
9.79997 19.90261 6.05462 0.47194 23.8421
9.40309 20.99768 5.8672 0.59748 23.24375
9.72013 20.35996 6.49164 0.66154 22.90494
9.02705 21.36826 6.03835 0.63937 23.04726
9.72625 21.54112 5.31726 0.67162 22.86026
9.9922 20.98268 5.28963 0.59506 23.289
9.48361 20.61277 5.86664 0.58984 23.56629
9.43211 20.81269 6.09037 0.69288 23.10355
9.33937 21.60298 6.075 0.62434 22.46487
9.20745 21.8714 6.1036 0.54504 22.42271
9.85031 20.85035 6.1847 0.41265 22.8658
10.53756 20.523 5.7984 0.39525 22.91769
9.60652 21.26152 5.9035 0.48884 22.89601
9.77829 20.47735 6.50167 0.52105 22.88002
9.402 21.00939 6.07935 0.56809 23.03605
9.97898 19.9724 6.68192 0.6033 22.87966
9.78264 20.40075 5.86994 0.62338 23.4061
9.5257 20.0453 6.3905 0.61379 23.48482
10.29169 20.10419 5.91352 0.6049 23.15452
10.40988 20.28208 5.9388 0.54131 22.91305
9.78617 20.2208 5.44324 0.49563 24.10495
9.57096 20.09648 5.90838 0.48415 24.00386
9.85067 19.94184 6.13515 0.50848 23.61969
9.6015 19.62634 6.60813 0.43002 23.79341
9.68565 18.81786 6.36435 0.41153 24.76833
9.46521 20.71477 6.14918 0.485 23.26475
9.01363 20.71574 6.37957 0.48157 23.48748
9.74991 20.7987 6.61835 0.53206 22.47331
9.3514 21.47736 5.50112 0.53439 23.24151
10.01898 20.54065 6.37176 0.62067 22.5847
9.84404 20.30617 6.47935 0.7074 22.78092
10.1827 20.25834 6.49068 0.632 22.57049
10.4141 20.57088 6.13936 0.65128 22.31739
10.02198 22.02174 6.2372 0.68066 21.20637
9.63136 20.60696 6.15456 0.62218 23.07719
9.28914 21.74446 6.07618 0.60024 22.39642
9.28329 20.63765 6.49696 0.60973 23.06007
9.49204 20.45706 6.15729 0.61692 23.33515
9.73133 20.13616 5.90313 0.54784 23.74121
9.71059 20.04391 6.56959 0.54247 23.18287
9.25031 20.94699 5.97341 0.55241 23.31739
8.64369 20.59415 6.25617 0.54287 24.0024
9.26432 20.56361 5.78334 0.55259 23.89353
8.83736 21.30481 5.83882 0.49881 23.5908
9.08752 20.60916 6.45923 0.44714 23.47278
10.05523 20.41076 5.98014 0.42339 23.19965
10.01481 20.3681 5.98151 0.4373 23.26908
11.03092 19.4818 5.70718 0.41404 23.43819
10.32846 19.91909 6.27038 0.43784 23.10943
10.11784 19.60045 6.32377 0.43609 23.57963
10.19464 20.19174 6.24631 0.46021 23.01331
10.18154 20.41985 5.87576 0.41403 23.18965
9.6127 20.296 6.40183 0.42284 23.33017
10.58232 19.98472 6.15533 0.45292 22.92051
9.4899 21.25037 6.43489 0.52951 22.40615
9.49901 20.20618 6.06138 0.50029 23.81321
9.82648 20.32197 5.72611 0.5463 23.64848
9.75764 21.03879 5.70313 0.5978 22.99089
10.10293 19.55299 6.06765 0.58064 23.74494
10.0001 20.11571 5.99732 0.54919 23.38859
10.35486 20.0306 6.13631 0.51215 23.03728
10.57524 19.31425 6.36777 0.46627 23.3526
10.6671 18.9774 6.25744 0.43632 23.73662
10.29918 20.30743 5.30068 0.45884 23.6916
10.32401 20.98844 5.67025 0.58681 22.54185
9.88483 20.64702 6.18578 0.5044 22.85879
9.18183 20.80522 6.47016 0.45409 23.15508
9.24264 21.07827 6.06966 0.41169 23.26963
10.09244 20.43729 5.41854 0.40423 23.71478
9.45436 21.40604 6.08366 0.47316 22.65171
9.94944 20.54613 6.30241 0.48182 22.78802
9.73625 21.25475 6.00398 0.487 22.58697
9.5764 21.13525 5.7342 0.43979 23.17124
10.304 20.76104 5.84384 0.52141 22.64851
9.68376 21.25505 5.81304 0.49871 22.81397
9.31985 20.57863 6.30224 0.52434 23.32532
10.22469 19.89178 5.57337 0.50704 23.84786
10.05257 19.86415 5.5802 0.53791 24.01363
10.06985 19.77032 6.00144 0.54327 23.66514
9.88939 21.16315 5.99025 0.62611 22.39922
8.96635 20.5386 6.2133 0.52896 23.78625
10.15185 20.80071 5.79334 0.54003 22.79365
9.49352 21.9109 5.33433 0.58293 22.76182
9.90637 20.62718 5.42492 0.48328 23.61932
9.60339 20.70006 6.08024 0.50177 23.18561
10.53635 20.4309 6.27094 0.50764 22.35693
8.70878 20.71193 6.68738 0.52726 23.43636
10.034 19.93579 5.89375 0.47346 23.71955
9.81772 20.6895 5.88587 0.45747 23.2257
9.31908 21.37096 6.55788 0.4957 22.35016
11.14923 19.61888 6.05007 0.48807 22.78918
10.42302 21.07645 5.61665 0.45941 22.52048
10.35631 21.47375 5.70075 0.54893 22.07819
9.7874 21.92333 5.67171 0.46376 22.25142
9.82891 20.82612 6.29208 0.56703 22.59305
10.32309 20.11226 6.24942 0.52586 22.89384
9.86065 21.36731 6.02768 0.49878 22.34436
8.89125 21.93544 5.52988 0.55787 23.16437
9.43486 21.8337 5.7606 0.64809 22.42752
10.49362 20.44249 5.95009 0.66057 22.55193
10.68015 20.81154 5.45525 0.71036 22.45198
10.22149 20.66023 5.74866 0.60446 22.87625
10.08132 19.3186 6.66275 0.51787 23.51262
9.47667 19.57811 6.05474 0.39895 24.535
9.43524 20.63898 5.79666 0.46778 23.73569
9.50911 19.788 5.86768 0.54182 24.34524
10.33307 20.38063 5.72793 0.63802 22.98831
10.06531 20.86684 5.40407 0.6993 23.04095
10.29006 19.91088 6.0361 0.69081 23.16496
10.56353 19.73258 5.67621 0.59594 23.49254
9.74521 21.225 5.47826 0.57391 23.03547
10.08349 20.30151 6.16404 0.62 22.93068
10.03659 19.99221 6.92614 0.50987 22.62484
10.62991 19.32067 6.84491 0.4578 22.83003
9.59673 20.19081 7.48704 0.54288 22.27749
10.0258 19.9831 7.3092 0.50519 22.29918
9.26674 20.62811 6.16321 0.50335 23.48252
9.61863 20.48402 5.74061 0.49779 23.71471
9.10889 21.07003 6.30715 0.49369 23.06959
9.39192 20.64858 6.62255 0.55311 22.85989
8.88266 20.44827 6.29227 0.43943 23.97651
9.56559 19.29188 5.9165 0.44759 24.8097
9.43538 20.15458 6.59132 0.51183 23.37092
9.63027 20.79453 6.15709 0.47359 23.01618
10.10416 20.7351 6.11476 0.52057 22.62243
10.24825 21.08125 6.13311 0.54229 22.12498
9.69036 19.89154 6.07523 0.50245 23.90763
10.03108 20.89444 5.94092 0.46721 22.81611
9.44035 21.63963 6.12272 0.41232 22.51421
9.63138 21.05916 6.45309 0.47859 22.49924
10.0719 20.79861 5.95509 0.43978 22.85186
9.88682 20.32815 5.88262 0.34676 23.63262
8.85568 20.83499 5.82709 0.32568 24.23581
9.55592 20.11207 5.90421 0.33855 24.16973
9.23157 20.62809 5.9271 0.40216 23.87535
9.04057 21.3627 5.87752 0.43612 23.33988
9.03171 21.9748 5.49513 0.42943 23.15758
8.80531 22.1585 5.63378 0.50215 22.96695
9.10367 21.73977 5.34593 0.43551 23.44203
8.98136 22.50292 5.39083 0.4961 22.71119
10.07489 20.72142 6.17032 0.48789 22.64568
10.28864 20.99724 5.53341 0.47835 22.80948
9.77586 21.60763 6.13934 0.52151 22.11936
10.42789 20.23731 5.9552 0.51852 22.95147
10.16435 21.20863 6.59862 0.48727 21.73493
9.20114 20.93353 6.55033 0.58437 22.8154
8.9196 21.26849 5.63547 0.47546 23.7874
9.49251 21.79026 5.63208 0.46336 22.74693
9.55963 21.89632 5.60855 0.446 22.57941
9.68765 21.55711 5.95936 0.53727 22.34949
10.14692 20.99136 5.72663 0.5245 22.66812
9.5452 21.27973 6.08774 0.53107 22.62075
10.4011 19.8583 6.26465 0.49745 23.05306
10.33031 20.20065 6.32716 0.53578 22.67432
9.46984 21.16458 5.93007 0.51597 22.9776
10.00359 20.79208 5.89172 0.48263 22.92162
9.31171 21.33341 5.57117 0.49882 23.34376
9.42361 20.75891 6.75897 0.54066 22.59743
9.65355 20.72389 6.44521 0.54549 22.71307
10.95607 19.49576 5.92439 0.5773 23.09869
10.11365 20.55102 5.38979 0.59033 23.39744
9.71803 20.29907 6.15558 0.51365 23.36957
10.28392 20.12369 5.58953 0.46111 23.60677
9.34718 21.13724 5.56838 0.49572 23.51273
9.63358 21.52219 5.48327 0.45306 23.0159
9.79748 20.89811 6.12283 0.53559 22.75321
9.61249 21.15927 6.28862 0.5161 22.55146
10.27778 21.0216 6.19531 0.56912 22.11298
10.95167 19.82297 6.81084 0.51788 22.08248
10.43796 20.58626 5.78343 0.39878 22.90114
10.10382 20.99877 6.00387 0.45173 22.56037
10.25989 21.03553 5.88755 0.47418 22.47746
10.3673 21.66791 6.18135 0.53593 21.39268
10.4739 20.97435 5.63878 0.51265 22.52829
9.67413 20.93243 6.25833 0.47025 22.76052
8.64986 20.58061 6.35745 0.40495 24.05953
10.7034 20.02782 5.74917 0.44804 23.14663
10.04671 20.90268 5.74814 0.47039 22.9401
9.98237 20.23914 6.04783 0.44243 23.40668
10.00105 20.68609 6.21784 0.48417 22.74628
10.33271 20.49438 5.61665 0.46383 23.22154
9.81594 20.97264 5.65623 0.50601 23.13614
10.22424 20.15908 5.95594 0.5229 23.23595
10.11224 21.55258 5.49722 0.57279 22.3849
9.57729 20.57019 6.49803 0.46285 22.97012
9.45081 20.41718 6.54302 0.51644 23.12387
9.66091 21.44461 5.88009 0.46259 22.6158
9.68652 21.11068 5.59024 0.46791 23.1956
9.14466 21.40593 5.53707 0.48423 23.47447
10.34724 20.26798 6.29479 0.45193 22.70281
10.3204 20.3964 6.8682 0.49622 22.02372
10.28422 20.05302 6.4424 0.49705 22.79821
9.66378 21.45168 5.32293 0.47146 23.1512
9.62002 21.35653 5.71166 0.43919 22.94882
9.6202 20.97927 6.18319 0.50857 22.78931
8.92298 21.69915 5.90963 0.44703 23.09479
8.98767 21.14798 6.10269 0.44751 23.37875
10.13094 20.04618 6.0295 0.3689 23.51046
9.80274 20.65649 6.28068 0.40952 22.92089
9.4214 21.03729 6.46563 0.4412 22.72405
10.00775 20.27507 6.14871 0.45154 23.19389
9.21497 20.83551 5.90065 0.41086 23.69872
8.83105 20.50345 5.86533 0.37305 24.47337
9.7452 20.63686 6.10909 0.4399 23.13021
9.57867 19.25524 6.41453 0.38641 24.4004
9.54767 19.57901 6.89838 0.34908 23.69371
9.77397 20.18855 6.7859 0.38549 22.96579
10.38135 19.93988 6.54653 0.44163 22.77632
10.13454 20.40657 5.76594 0.41266 23.32742
9.5967 21.29293 5.61066 0.38645 23.16928
9.87416 21.22964 5.78907 0.50705 22.66127
9.7317 21.41517 6.10784 0.56509 22.24488
9.69992 21.7826 5.68192 0.66101 22.22605
9.71454 21.59875 6.31913 0.68287 21.74198
9.03576 22.26023 5.8741 0.59425 22.29873
9.47345 20.83738 6.11546 0.54392 23.0895
9.87863 19.95241 6.11315 0.5135 23.58762
9.90201 19.31229 6.44466 0.55062 23.83057
9.21843 20.279 6.22285 0.53194 23.80633
9.96604 20.34941 5.61577 0.58485 23.5456
9.62564 20.92098 5.62332 0.58704 23.31891
9.38671 20.22956 6.18046 0.48551 23.76308
9.71407 20.74769 5.45536 0.52549 23.60184
10.01315 20.66187 5.58973 0.52954 23.26654
9.77802 20.03296 5.78213 0.51253 23.94542
10.20468 19.81806 5.90312 0.53752 23.58248
10.00485 19.26793 6.57277 0.51956 23.69693
10.09678 20.25878 6.11844 0.58243 23.00826
8.95254 20.39066 5.93649 0.46094 24.29468
9.596 20.07448 6.11438 0.52211 23.73169
9.59792 20.90798 5.81757 0.51092 23.25363
9.197 20.62519 6.27633 0.50403 23.46517
9.49987 20.30246 5.7054 0.5059 24.03233
9.66713 20.59823 6.20177 0.57246 23.03995
9.22405 21.4282 6.07063 0.57232 22.77885
9.38832 20.51067 5.79345 0.46223 23.89152
9.95521 19.73936 6.60978 0.44194 23.33839
9.9316 20.14182 6.74864 0.57622 22.69346
9.59064 20.80405 6.35154 0.56815 22.7665
9.46539 20.90461 6.35794 0.48147 22.87513
10.34908 20.3527 6.3765 0.48084 22.52577
9.60184 20.38577 5.97879 0.46676 23.62606
9.67511 20.15872 7.04057 0.4717 22.75476
9.69449 20.77715 6.2754 0.59474 22.74035
10.48504 20.40974 6.11775 0.61836 22.46863
10.59876 20.3822 6.11101 0.62602 22.41376
9.31103 21.30798 6.47259 0.66116 22.40896
9.56316 20.89579 6.33201 0.54022 22.77433
9.08981 21.27068 5.61002 0.59859 23.51003
9.0957 20.63651 5.93935 0.56271 23.80538
9.02257 20.66015 5.96192 0.54195 23.85828
10.49946 19.88299 6.08309 0.53318 23.06612
9.50964 20.95673 5.59938 0.47827 23.52451
9.60568 20.83059 5.9236 0.40656 23.30551
10.17919 20.90925 7.11617 0.45543 21.5044
10.8042 20.63158 6.34095 0.52146 21.82109
11.00787 19.83227 5.99843 0.46664 22.78569
9.60416 20.81565 6.8463 0.49952 22.33601
9.93657 20.20364 7.10985 0.5089 22.3393
9.96182 20.20342 6.29658 0.4786 23.12029
9.43057 21.26285 6.23313 0.44857 22.68747
9.83413 19.64751 6.97207 0.47022 23.1325
9.5943 19.99846 6.68631 0.43866 23.34803
9.83551 20.35446 5.34832 0.51192 24.01664
9.53896 20.75233 5.887 0.49534 23.39612
9.96199 20.34819 6.18214 0.47126 23.12908
9.37152 21.11502 6.69611 0.49249 22.42808
9.44871 20.42728 6.46028 0.50969 23.24353
9.11049 20.9381 6.57369 0.53851 22.92847
9.60517 20.63927 6.63354 0.51939 22.69222
9.83436 20.97858 5.57628 0.51459 23.15968
9.91445 21.43537 5.72333 0.66445 22.35069
9.33717 21.3733 5.48091 0.75377 23.13658
9.9452 20.77946 5.53801 0.67743 23.14023
9.36268 22.00472 5.81632 0.61492 22.299
9.26778 21.44669 5.57451 0.48971 23.31557
9.79418 21.19439 6.33161 0.52844 22.28465
9.8921 20.91256 5.84834 0.5072 22.96288
10.2942 19.86774 6.7565 0.5302 22.68943
9.48483 20.96455 6.24365 0.45488 22.95103
10.06335 20.49256 6.55963 0.48283 22.52101
10.06871 19.97382 6.6911 0.43856 22.90998
10.43635 20.16944 6.03741 0.44874 22.99314
10.25736 20.97871 5.95422 0.41205 22.50539
9.69382 20.56973 6.66154 0.4627 22.71127
9.75576 21.06701 5.81357 0.50533 22.93841
9.92412 21.10752 6.18163 0.6132 22.30902
9.9654 21.27698 5.8688 0.61118 22.47097
9.68252 21.01567 5.99337 0.53975 22.88703
9.485 21.50828 5.63403 0.48472 23.00304
9.89337 20.90858 6.24543 0.5465 22.58651
9.39013 21.19606 5.53545 0.5791 23.41286
9.01317 22.2053 5.91242 0.62301 22.38242
10.95853 19.77166 5.4521 0.54058 23.38715
10.47909 20.29361 6.21064 0.49968 22.63871
10.14192 21.19666 5.99714 0.56078 22.23127
11.01982 19.58843 5.88506 0.4288 23.1734
10.69218 19.68799 6.08784 0.40215 23.24092
9.76042 20.37909 6.10115 0.43949 23.42198
10.26749 20.73914 6.01381 0.50555 22.61646
10.05736 20.58674 6.33977 0.51361 22.64225
9.66043 21.31405 5.40585 0.52561 23.21279
10.41191 20.6608 5.84161 0.58233 22.6488
10.38127 20.89371 5.47363 0.54535 22.82034
9.73102 20.93114 5.88664 0.51841 23.01308
10.38013 19.63371 6.07039 0.47867 23.49377
11.13019 18.7225 6.70688 0.45967 23.04679
