"V1" "V2" "V3" "V4" "V5"
8.24681 16.46633 12.70475 0.43248 22.26449
8.38413 16.40873 12.78753 0.4459 22.13239
8.22714 16.4479 12.23968 0.4316 22.75921
7.53528 16.88518 12.98943 0.43087 22.28552
8.74645 16.07818 12.73068 0.49392 22.104
8.46089 16.5423 12.51405 0.4992 22.1856
8.053 16.8048 13.23661 0.50593 21.65037
8.99399 16.72335 11.46638 0.46249 22.50014
8.34042 16.46571 12.76266 0.46323 22.14688
7.98417 16.20595 12.90271 0.46529 22.54906
8.85587 15.95222 12.16647 0.46978 22.65293
7.99748 16.69905 12.6666 0.4377 22.32196
8.24947 16.85328 12.61122 0.47698 21.95868
8.29572 16.07852 12.93954 0.45916 22.30629
7.80935 16.54794 13.53708 0.43266 21.8187
7.64138 17.28482 12.52643 0.43116 22.21141
8.27268 16.79686 12.48693 0.42335 22.12931
8.55215 16.34688 14.03278 0.45057 20.85408
8.1903 16.73843 13.24259 0.43179 21.62241
8.16544 16.53202 13.74878 0.47674 21.27726
8.1472 16.64545 13.34468 0.42114 21.70293
7.69394 16.47219 14.51517 0.46817 21.06238
8.20148 16.35359 13.24764 0.50389 21.87684
8.10514 16.5635 13.50187 0.44151 21.53449
8.64756 16.9062 12.75923 0.44148 21.41203
8.45118 16.74916 13.26978 0.40023 21.31026
7.59135 16.92453 13.83744 0.36748 21.49558
7.85473 17.34067 13.33819 0.37168 21.40974
7.606 16.64831 12.8848 0.36752 22.61421
7.9937 17.96624 12.43896 0.43744 21.33836
8.24747 16.49409 12.63152 0.35977 22.36564
8.65983 17.71678 12.15786 0.40923 21.22611
8.22026 16.9867 12.54186 0.39658 21.98615
8.33113 16.26197 12.30697 0.40836 22.77853
8.31529 16.66823 11.93728 0.38212 22.77547
7.92124 16.37478 13.30807 0.37831 22.1616
7.69687 17.36779 13.27486 0.39407 21.39743
7.93899 17.5295 12.52573 0.41956 21.72782
7.63914 16.28041 13.40899 0.45457 22.35403
7.45195 16.65923 13.90952 0.44151 21.70569
7.65153 16.77274 13.6358 0.42174 21.66774
7.66208 16.82494 13.67201 0.43622 21.54287
8.04408 16.64881 12.63738 0.41861 22.34936
7.81742 16.1927 13.09098 0.40953 22.59031
7.63288 16.20867 13.08258 0.40682 22.74327
7.78731 16.51506 12.9027 0.35699 22.50246
7.78134 16.55578 14.14742 0.38826 21.2665
7.5861 16.03135 13.78674 0.3341 22.35716
8.02175 15.44304 13.76994 0.34065 22.51503
8.2994 16.41557 13.57914 0.43616 21.39698
7.94849 17.1239 13.67351 0.40768 21.02325
8.7501 16.06929 12.5796 0.40504 22.29212
7.87402 17.01991 12.91224 0.39275 21.90237
7.65299 16.79583 12.81804 0.39653 22.41436
7.61236 16.61253 12.52486 0.39674 22.91639
8.11623 16.84053 12.59571 0.42836 22.16017
7.91564 16.43869 12.62581 0.39564 22.7301
8.00691 16.46783 12.60425 0.41879 22.60589
7.85938 16.54572 12.76979 0.41458 22.52429
7.42784 16.16381 13.23086 0.40265 22.84713
8.1521 16.56322 12.26317 0.35275 22.74056
7.92387 17.42311 11.36886 0.36285 22.98655
8.10047 16.60589 12.83644 0.44166 22.12973
7.30341 16.71046 12.39319 0.4471 23.22397
7.73878 16.83776 12.23746 0.45603 22.81639
7.76244 16.49658 12.83016 0.44993 22.57294
7.9863 16.93081 12.07343 0.4437 22.6498
7.91031 16.49917 13.29969 0.39044 22.00125
7.82913 15.90448 13.3747 0.38431 22.61411
8.1463 15.58727 13.57957 0.40835 22.38924
9.03115 15.88293 12.84146 0.47653 21.8753
8.71168 16.43861 12.92071 0.44091 21.65435
8.54156 16.39153 13.35228 0.43216 21.43478
8.66821 15.55803 13.69009 0.36909 21.85211
7.91773 16.75445 12.79118 0.29971 22.33821
7.63898 16.84912 13.52597 0.36784 21.83582
7.92326 16.52623 13.78863 0.38694 21.51695
7.41331 16.73311 13.46616 0.37333 22.15979
7.94978 16.66304 12.54818 0.42967 22.51454
8.6009 16.51207 12.79615 0.4605 21.73175
8.06366 16.60263 13.02309 0.46973 21.95195
8.27397 16.35021 12.46602 0.4694 22.51398
8.10908 16.85611 12.27736 0.52099 22.31977
7.88383 16.39967 12.94763 0.46649 22.37613
7.87109 15.87847 13.68941 0.44784 22.23262
7.45287 16.86355 13.32624 0.49618 21.95045
7.43684 16.22431 13.80667 0.5406 22.10452
7.76214 16.80117 12.6192 0.52773 22.37126
8.08202 16.10354 12.86139 0.55617 22.47464
8.17757 16.11028 12.14417 0.61841 23.01815
7.02615 16.67532 13.1641 0.48476 22.7344
7.84448 16.95807 12.24599 0.50327 22.53892
7.79332 16.167 13.35559 0.47905 22.35147
8.0044 16.42903 12.11032 0.39377 23.13138
8.20028 16.3583 13.10012 0.49539 21.93885
7.862 16.78644 12.33742 0.48097 22.59955
7.67825 17.58633 12.70238 0.56134 21.58489
8.17637 17.15847 12.43112 0.56919 21.76675
8.0326 17.62666 12.42251 0.50634 21.53568
7.94088 17.34409 12.726 0.47873 21.6232
7.99406 16.41328 12.49099 0.37796 22.78851
8.34763 16.18085 12.85762 0.42585 22.26103
8.57628 15.79929 12.36587 0.48899 22.82774
8.53489 16.22265 11.94921 0.48602 22.87956
8.82034 17.12847 11.61959 0.52568 22.03545
8.05129 17.55664 11.75648 0.51432 22.24924
8.05308 17.76505 12.11814 0.58535 21.7116
8.04642 17.37677 12.50821 0.55114 21.71135
8.10295 16.54548 12.50569 0.56231 22.43294
8.31755 16.50432 11.77672 0.60972 22.94394
7.95365 17.63946 11.71876 0.63157 22.18655
8.09244 17.75132 11.35683 0.57376 22.32006
7.4294 17.42798 12.05026 0.51215 22.66751
8.74019 16.83918 12.05486 0.58466 21.92805
8.12136 17.87395 12.01009 0.46712 21.72818
8.41386 17.6536 11.21304 0.43678 22.40042
8.25089 17.33418 12.24289 0.56659 21.78841
8.08309 18.71775 11.45514 0.53975 21.33655
8.53621 17.00501 11.4943 0.57496 22.48995
8.45296 17.0317 11.20628 0.70419 22.76762
8.27599 17.54933 11.58171 0.71662 22.02382
8.42776 17.03394 12.10897 0.71043 21.86316
8.2331 16.61085 12.21609 0.62279 22.40118
7.84997 18.03112 11.85883 0.66043 21.7225
8.18186 17.1395 12.15802 0.65928 22.02305
7.80028 16.88897 11.99895 0.62292 22.79218
7.83975 16.43 12.46495 0.58083 22.75111
8.30648 16.20202 11.97295 0.53573 23.06862
8.29186 16.40485 13.59896 0.61277 21.25525
8.1785 17.22814 12.92437 0.66944 21.17245
7.9271 16.74945 13.27593 0.54468 21.69467
7.78155 17.10005 12.88281 0.59942 21.8004
8.20871 16.55441 12.74123 0.49698 22.15665
8.07877 17.0929 12.39589 0.53214 22.10663
7.61301 16.23148 13.26411 0.50838 22.54622
8.08025 17.00376 13.02853 0.56193 21.54625
7.55166 17.30599 12.80713 0.49084 22.02012
7.39326 16.50544 13.49381 0.40689 22.35709
7.66592 17.67261 13.2168 0.47302 21.18834
8.50744 17.65735 13.31779 0.50636 20.26255
8.19624 17.21541 12.66972 0.55841 21.53641
8.35279 17.23424 12.64324 0.62611 21.35641
8.34974 17.14947 12.3463 0.647 21.64616
8.13106 15.93638 13.31468 0.62937 22.10637
8.03661 17.03917 12.23865 0.49357 22.29084
7.77364 16.60483 12.79791 0.44057 22.4611
8.74124 15.8363 12.77951 0.47532 22.2475
7.98389 16.18124 13.21045 0.44345 22.27614
7.54446 16.87992 12.62817 0.4108 22.61835
7.61208 18.12029 11.59538 0.42897 22.33956
7.74219 16.93999 12.97332 0.43608 22.03847
7.51863 17.09323 12.59024 0.44188 22.44381
8.40613 16.92714 12.20677 0.48578 22.13354
8.17517 16.83325 12.6415 0.43895 22.0677
7.55153 17.40059 12.47385 0.42629 22.23117
7.70251 16.6743 13.02796 0.44609 22.26497
8.08993 17.20259 12.09888 0.43857 22.25739
8.64903 16.94554 12.8164 0.44752 21.27463
8.72241 16.924 12.99777 0.43826 21.05729
8.581 16.28525 13.20799 0.42176 21.62963
8.14736 16.25375 13.32133 0.40285 22.03143
8.33062 17.66954 12.83334 0.47176 20.89324
7.69921 17.09457 12.95579 0.41549 21.96401
7.95551 16.43465 12.75353 0.41127 22.55188
7.72125 16.47274 12.8039 0.43322 22.67434
7.83039 16.4973 13.046 0.43152 22.30632
7.99759 16.09178 13.22275 0.46205 22.3377
8.36142 16.32098 12.81947 0.53373 22.0853
8.16399 16.87273 12.75143 0.47632 21.85485
7.97461 16.85153 13.23422 0.43673 21.62929
7.88545 16.4923 13.08543 0.3689 22.31865
8.14833 16.73006 12.75151 0.34182 22.17313
7.77653 16.95774 13.11943 0.35901 21.9656
7.58219 16.8058 14.01951 0.36683 21.42327
8.12923 17.26777 12.87723 0.41298 21.46497
8.61521 17.18716 13.49087 0.50976 20.42194
8.70387 17.20691 12.68787 0.53446 21.05723
8.41748 17.50958 12.63544 0.48108 21.12792
8.31045 17.30313 12.73713 0.43345 21.41887
8.25413 17.11431 13.11201 0.48427 21.33388
8.5878 17.42183 12.54616 0.52533 21.136
8.236 17.04557 12.63133 0.46141 21.77956
8.57638 17.5187 11.91668 0.47997 21.64018
8.82849 17.01218 12.61464 0.51604 21.16117
8.19395 17.27757 12.53277 0.60253 21.52429
7.8356 16.93043 13.3011 0.65337 21.45537
7.992 16.5326 11.91276 0.59834 23.05372
7.80525 17.82935 11.53697 0.52402 22.38994
7.68217 17.27479 12.06633 0.55861 22.55345
7.9415 16.91933 12.37404 0.48844 22.38979
8.30749 16.46388 11.98644 0.48803 22.822
7.35352 17.10083 12.35527 0.54648 22.72843
8.0251 17.21853 12.91676 0.58666 21.41385
8.909 15.58309 13.10311 0.61408 21.95414
8.49271 16.43492 12.87145 0.59751 21.71439
8.72922 17.02929 12.53808 0.60254 21.29396
8.07591 16.7436 12.57594 0.52645 22.1981
7.70221 16.92366 12.41592 0.44148 22.64557
7.72799 16.07828 12.47964 0.38777 23.40678
7.8507 16.54555 11.94028 0.40747 23.33223
7.70024 15.57844 12.85809 0.38672 23.55175
7.6592 16.21806 13.13528 0.41781 22.65609
7.68384 16.233 13.04578 0.47049 22.65479
7.57701 16.53213 12.81683 0.47764 22.6542
7.88911 16.91846 13.14093 0.44317 21.73881
7.48369 16.85707 12.91375 0.38868 22.45391
8.12429 17.05927 12.10112 0.42078 22.36993
8.04388 17.29788 12.97397 0.44185 21.38134
8.33054 16.61343 13.2893 0.3948 21.47289
8.28973 17.10838 12.20603 0.39902 22.07317
8.01002 16.47653 12.86591 0.38169 22.36746
8.04081 16.88069 13.4213 0.40648 21.42047
8.80849 16.17462 12.87226 0.47149 21.79798
7.77607 17.03665 13.37018 0.51571 21.43338
7.91278 17.10431 13.63208 0.52999 21.00744
7.59431 16.30149 13.28089 0.49612 22.43336
8.09205 15.92579 13.47617 0.50593 22.11717
8.23906 17.09672 12.63009 0.50495 21.69051
7.88834 17.18009 13.00164 0.42057 21.63265
8.43497 16.62209 13.62148 0.39157 21.06909
7.90922 18.33993 13.1976 0.41457 20.41471
7.55585 18.26604 13.11104 0.40588 20.8638
7.79013 17.10704 12.16254 0.37306 22.667
7.67631 17.1595 13.08432 0.34976 21.84077
8.22295 16.77831 13.85188 0.42173 20.90084
7.71417 17.03627 13.76489 0.47382 21.1706
7.86777 17.38618 12.95943 0.51601 21.42874
8.08901 16.55321 13.58114 0.48076 21.45169
7.93516 16.71158 12.84964 0.45787 22.17573
7.77565 16.50146 13.6056 0.51771 21.76953
7.6364 17.02839 12.98816 0.49216 21.97593
7.36993 17.53234 12.11559 0.53571 22.51445
7.58788 18.26022 12.48458 0.56866 21.30827
7.49701 17.43432 12.01363 0.43893 22.71711
7.98663 17.31155 12.19602 0.4092 22.25623
7.87332 16.94046 12.49993 0.45019 22.38705
7.73883 16.60769 12.93721 0.43299 22.42437
7.32285 16.96995 12.5778 0.40724 22.81072
7.7643 16.93695 12.28818 0.39875 22.68992
7.3128 16.58407 12.44005 0.44673 23.29186
7.2902 16.51595 13.14615 0.51652 22.65408
7.65867 17.0731 11.77166 0.53849 23.0488
7.42343 17.19969 12.19772 0.50466 22.78154
8.447 17.36248 11.74898 0.49686 22.07715
7.34241 17.17858 11.2774 0.39433 23.8548
8.06929 16.82563 12.50368 0.49216 22.22261
8.38131 16.94372 12.13 0.50421 22.14222
8.18565 16.59035 12.68552 0.5169 22.14029
7.71151 16.28177 12.29355 0.42334 23.35558
8.1243 16.15138 13.54457 0.51389 21.8018
8.63868 16.39534 12.24602 0.4519 22.3648
7.95778 17.09133 13.51807 0.49707 21.08332
7.99823 17.66332 12.41743 0.51098 21.55033
8.42689 16.79418 12.62981 0.48606 21.79438
8.65619 16.07193 12.71748 0.46795 22.19774
8.67056 16.46354 12.11236 0.57888 22.31421
8.32231 16.68331 11.95529 0.49286 22.64639
7.76903 16.85948 12.14273 0.42599 22.88203
7.41839 17.41125 11.47438 0.41291 23.36719
7.78322 17.74703 11.7122 0.50172 22.37391
7.90098 17.82181 11.51806 0.50816 22.36592
8.64734 16.8542 11.42945 0.46198 22.70657
8.42892 16.52707 12.43706 0.4512 22.26575
7.93683 15.92985 13.37376 0.41447 22.45579
7.72273 16.71377 13.25247 0.38597 22.05625
7.82539 16.79357 13.84101 0.43779 21.33365
7.60088 17.28105 12.96275 0.46352 21.86736
8.35407 15.98618 13.25385 0.43886 22.10651
7.75574 16.05387 12.62265 0.44112 23.17907
7.95909 16.86123 11.97444 0.4235 22.85416
8.23275 16.07514 12.58704 0.4785 22.7324
8.7703 15.39922 13.14716 0.50691 22.33079
8.33634 15.45586 13.08934 0.51373 22.73556
8.44184 16.36977 12.64349 0.51078 22.14838
8.5533 17.0564 12.65475 0.57003 21.37653
7.99482 16.23118 12.37941 0.53745 22.93616
8.65165 16.14034 13.06538 0.49672 21.85949
8.36587 16.12071 13.19616 0.50514 22.02192
8.23864 16.08165 12.62812 0.47217 22.7357
7.74414 15.20354 13.71758 0.44878 22.99965
7.40881 16.5657 12.61579 0.47966 23.03365
7.52157 16.91182 13.21107 0.475 22.14553
7.94234 16.80522 12.88598 0.50535 22.04387
7.53415 17.42978 12.44997 0.47939 22.20155
7.56824 16.99537 12.09125 0.49916 22.91217
7.42485 17.03316 13.12304 0.47065 22.05055
7.50476 17.37195 12.03503 0.50813 22.63709
7.24327 16.9774 13.05785 0.52627 22.25196
7.98023 16.0011 14.17223 0.55384 21.40908
8.45789 16.22234 13.19921 0.69878 21.57384
7.78093 17.43393 12.99051 0.64542 21.31074
7.63745 16.81682 12.8635 0.53936 22.2526
7.94138 16.68254 12.87366 0.45938 22.16254
8.64538 15.30332 13.36694 0.46899 22.33559
8.02018 16.26304 13.21596 0.42914 22.16417
7.81424 16.22096 12.65617 0.38986 22.993
7.97921 15.26911 13.84252 0.42153 22.57663
7.63686 16.56049 13.22885 0.41571 22.25788
8.1905 16.12196 13.973 0.49532 21.40826
8.04812 16.09361 13.42736 0.50311 22.05858
7.617 17.3036 13.3431 0.51008 21.39342
8.07254 17.74318 12.01558 0.51621 21.7635
7.79293 17.1718 12.00226 0.51338 22.57988
7.83009 17.2593 12.08463 0.53219 22.34968
7.64128 16.17531 12.84243 0.51757 22.88719
7.39282 17.05826 12.40667 0.50445 22.73537
7.77334 16.44969 13.20988 0.51923 22.20421
7.80514 16.63856 12.84635 0.5349 22.28606
7.85726 17.36851 11.78568 0.54494 22.52527
8.59451 16.86154 12.4911 0.50035 21.6882
8.78618 16.62697 13.61124 0.58221 20.60803
7.8445 17.18323 13.14215 0.57893 21.37877
8.50546 16.73176 13.35426 0.58229 20.97808
8.08544 17.39413 12.525 0.5763 21.53656
7.72599 16.50331 12.60324 0.49534 22.77982
7.83538 17.62471 12.20544 0.4803 21.98746
7.64979 16.89222 12.42479 0.42659 22.68191
8.75234 15.95766 12.05461 0.44965 22.89639
7.63713 16.51134 13.2395 0.50618 22.24789
7.84834 16.41202 12.34435 0.5171 22.96038
8.32735 17.19686 11.48571 0.58277 22.50548
7.81517 17.1068 12.39045 0.64365 22.18116
7.81002 15.65395 12.70681 0.52766 23.39141
8.01447 16.4047 12.87251 0.5613 22.29043
7.64682 16.41362 13.20698 0.4785 22.40397
7.81671 16.522 12.43895 0.48889 22.86352
8.01082 16.91126 13.27956 0.50931 21.50021
8.03436 16.0345 13.63808 0.41388 22.07262
7.93167 16.11763 12.85773 0.44765 22.81664
7.69568 16.43043 13.88421 0.45437 21.77248
8.10236 17.47405 13.30487 0.48502 20.88999
8.07571 17.51669 12.05609 0.43973 22.03437
8.00305 17.13278 13.01549 0.48977 21.54105
8.84713 16.76296 12.31333 0.4858 21.76892
7.75056 16.65433 12.55961 0.40901 22.75284
7.67559 17.1487 12.69733 0.41124 22.22722
8.19538 16.47574 13.32652 0.41993 21.74776
7.79347 16.89727 13.29686 0.50118 21.71738
8.38063 16.93149 13.18506 0.57972 21.19327
8.46328 17.13243 13.82254 0.59127 20.36911
8.62933 17.69539 12.16421 0.50163 21.20643
8.68706 17.01539 12.51326 0.42895 21.5141
9.02261 15.81729 12.93572 0.49988 21.87813
8.78269 15.7926 13.03286 0.48308 22.07255
8.72741 15.79502 12.62232 0.45118 22.52894
8.87785 16.68165 12.36337 0.48626 21.75827
8.00491 17.27631 13.07938 0.57024 21.26191
7.92745 16.62781 12.20163 0.46325 22.88451
7.58139 17.07965 13.65847 0.46229 21.47385
8.53292 16.84263 12.27041 0.47491 22.11325
7.43656 16.74051 14.54582 0.49143 21.14674
8.43978 16.49107 13.63334 0.46485 21.22979
8.22569 16.34385 12.39549 0.38159 22.74807
7.95296 16.48022 13.20009 0.46947 22.00775
7.92269 16.68024 12.72696 0.48069 22.2693
7.49992 16.39291 12.50555 0.51262 23.15248
7.39218 16.65862 12.54322 0.48614 22.98325
7.3771 16.44786 12.85039 0.50866 22.88962
7.56926 16.59012 12.13788 0.4808 23.30007
7.47375 16.73527 13.43367 0.55834 21.97563
7.33383 16.54247 13.13156 0.64962 22.44902
7.58318 16.76942 13.12817 0.63922 22.00114
7.63443 17.41367 12.54724 0.64242 21.88687
7.68485 17.21368 11.35759 0.51941 23.28808
7.66615 17.70525 11.88264 0.58732 22.26971
8.1199 16.5259 13.21144 0.5453 21.76883
8.78182 16.39789 12.93655 0.5033 21.5165
8.12081 17.39664 12.34665 0.46107 21.80859
7.67321 16.96881 12.66556 0.42684 22.4134
7.3005 17.05117 12.21258 0.41622 23.09897
7.84599 16.68891 12.5405 0.44239 22.58586
7.99289 16.84267 12.65416 0.47889 22.1424
7.67775 17.22471 12.87123 0.42971 21.99691
7.77755 17.52499 12.80572 0.44228 21.67035
7.61249 16.59827 12.94977 0.42782 22.55632
7.76887 16.86747 12.29336 0.45927 22.72649
7.88532 17.74829 11.3087 0.5142 22.65268
7.89582 16.68421 12.80836 0.47963 22.3192
8.16231 16.97293 13.21123 0.47734 21.38871
8.27317 16.43128 13.20619 0.44238 21.84995
7.8306 17.19404 12.39539 0.40083 22.28737
8.23406 17.14869 12.82716 0.4786 21.47397
7.7834 17.32348 13.30925 0.44899 21.35097
7.91755 17.14833 12.64694 0.46059 21.95846
8.28814 15.87957 12.92124 0.44723 22.56771
8.16102 16.47307 12.62461 0.45309 22.43184
8.00605 16.25743 11.79524 0.41717 23.59769
8.88676 16.46478 12.67245 0.48478 21.69089
8.62858 16.66879 11.46203 0.4715 22.86021
8.59017 16.18654 12.02027 0.47268 22.83201
8.42853 16.70653 12.07432 0.47166 22.41876
8.02949 16.60555 12.98443 0.50458 21.97768
7.74363 16.27931 12.42545 0.51965 23.09537
8.4529 16.19996 12.53989 0.52487 22.37855
8.16481 16.10305 13.32304 0.55709 21.9449
8.34651 16.77658 12.23869 0.55482 22.18516
7.82415 16.90061 12.19762 0.43829 22.73612
7.83566 17.06911 11.77619 0.4068 23.00085
8.66931 15.83405 12.3359 0.39992 22.85731
7.94986 17.10627 12.17253 0.45645 22.44068
7.44833 16.71285 12.81034 0.4252 22.6842
8.27934 16.85855 12.16845 0.39663 22.38787
7.96247 16.74916 12.56951 0.44328 22.3587
7.8719 16.39399 12.92154 0.50644 22.39049
7.93633 17.0091 12.3204 0.51359 22.31424
7.87335 17.31253 12.05702 0.50225 22.3707
8.07108 15.75025 12.85568 0.47095 22.94599
8.4068 16.27801 12.36875 0.39548 22.68662
8.72529 15.52311 13.72778 0.41275 21.7781
8.37565 16.24744 12.28941 0.34564 22.81135
8.05791 16.22282 12.81582 0.409 22.56126
7.70951 16.67566 12.73464 0.3538 22.61196
8.42732 15.65614 13.96686 0.35459 21.75409
7.93543 15.68926 13.29593 0.34755 22.81696
8.17381 16.25608 12.70997 0.333 22.63444
8.45245 15.8939 12.61718 0.3729 22.7363
7.5235 16.59064 12.67469 0.379 22.90694
7.91351 16.57476 12.78406 0.36268 22.47072
7.83807 16.77966 13.11191 0.36292 22.01565
7.41818 16.4923 13.42837 0.3093 22.48229
7.19616 17.49626 12.2354 0.35616 22.80826
7.85835 16.9831 11.44198 0.34796 23.43175
7.58617 17.81567 12.06945 0.36041 22.26916
7.10185 17.40287 12.03728 0.34616 23.18083
7.50143 17.19598 12.64378 0.41249 22.34947
7.94284 16.67008 12.16414 0.44482 22.85289
7.52688 16.47151 12.20771 0.43327 23.40883
7.17482 17.32991 12.63281 0.46978 22.46047
7.89144 16.12923 12.1423 0.45747 23.4145
7.73434 16.68093 12.5732 0.46389 22.60015
7.47662 17.19293 12.60774 0.49503 22.28311
7.41609 17.53174 12.6047 0.49666 22.05553
8.17227 17.25979 12.84438 0.49039 21.34647
7.94968 16.89326 12.6825 0.47734 22.0945
7.59707 16.37697 12.7999 0.3896 22.90667
8.34138 17.11799 12.08062 0.36006 22.18718
8.36106 16.41159 12.5512 0.39366 22.36566
8.04059 16.19445 13.03103 0.40245 22.43815
7.91143 16.226 12.91891 0.39694 22.6417
7.18436 16.80582 13.39692 0.43496 22.27983
8.09515 17.30476 12.51987 0.41754 21.82277
7.86776 16.82429 12.17794 0.40163 22.78939
7.85847 15.83061 13.05879 0.40196 22.9192
7.84771 16.18606 13.35549 0.40136 22.32898
7.58751 16.82439 11.80312 0.41794 23.42173
7.51124 16.85237 12.54633 0.37435 22.79833
7.7511 16.60164 12.50778 0.36764 22.8651
7.90621 16.93175 12.20504 0.42031 22.61583
7.70864 16.77754 11.80279 0.38832 23.39117
8.37148 15.84116 12.20804 0.37181 23.27202
7.90896 16.35532 12.56025 0.38243 22.87902
7.4518 16.59115 11.66326 0.2867 24.04403
8.10438 16.77371 12.01491 0.3502 22.83636
7.59934 16.80802 13.05242 0.33939 22.31088
7.80703 16.51913 13.32845 0.32715 22.12121
7.85825 17.23811 12.98713 0.35389 21.69764
7.60894 17.57464 12.59035 0.32658 22.01797
7.8586 17.69216 12.68184 0.3691 21.5964
7.97556 16.93503 12.55173 0.37537 22.26564
8.17176 15.99171 13.16673 0.37784 22.3848
8.00977 16.35097 13.0545 0.3976 22.3096
8.1458 15.19618 13.70822 0.44693 22.61683
8.57031 15.71467 13.14919 0.38355 22.31567
8.32474 15.6579 13.4971 0.40537 22.23698
8.63427 16.51821 12.58719 0.41136 21.99066
8.41591 16.72534 12.28911 0.40206 22.29189
8.43314 17.47615 12.10089 0.40615 21.72375
7.89605 16.82956 11.99232 0.34288 23.03132
7.30516 17.09373 13.48912 0.38059 21.88183
7.77416 17.32336 13.74273 0.43883 20.97509
7.35876 17.07858 13.24978 0.4682 21.94419
7.9813 16.48566 13.32962 0.46866 21.84345
7.57951 17.02897 13.43129 0.50513 21.61141
7.83015 16.78635 13.60281 0.50723 21.42329
8.15775 16.78801 12.659 0.49256 22.0007
7.57395 16.96847 12.86119 0.49733 22.19575
7.96071 16.805 11.98852 0.54399 22.79976
7.46176 17.04977 11.90689 0.52659 23.11385
8.36841 16.07483 12.42107 0.56278 22.65657
8.30002 16.17418 13.14564 0.59923 21.96144
8.26448 16.88616 12.38206 0.62441 22.00321
8.25043 16.28603 13.09047 0.5179 21.98819
8.25812 15.57963 12.99131 0.44146 22.79499
8.06183 16.04202 12.6513 0.47052 22.84289
7.56084 17.21562 12.38293 0.49789 22.44526
8.28167 17.33922 12.46004 0.53538 21.55828
8.84016 16.71356 12.23427 0.50851 21.88377
7.96695 17.27504 11.869 0.4226 22.56991
8.40478 16.72074 12.2336 0.32659 22.417
8.61086 16.82391 11.89622 0.3876 22.37519
7.44594 17.22702 12.74006 0.42098 22.2763
7.59496 17.36414 13.60219 0.43079 21.26285
8.13655 17.3958 12.68493 0.45054 21.55606
7.38005 18.12098 12.13326 0.49158 22.01747
7.5527 17.69989 12.47002 0.39492 22.02022
7.88086 18.00982 12.30427 0.41252 21.61357
7.83454 16.64847 12.95762 0.4292 22.26398
8.14288 16.66632 12.94361 0.43241 21.96708
8.58528 16.91682 12.8694 0.46445 21.41493
8.66965 17.07941 13.12748 0.50373 20.85685
8.13857 17.03087 14.28126 0.58975 20.26956
8.31213 17.00678 13.524 0.44712 20.89855
7.95096 17.27814 13.20892 0.36853 21.32705
8.1715 16.74362 12.30052 0.35076 22.51317
8.62123 16.35013 13.41662 0.41109 21.30895
7.86059 17.14902 12.61721 0.44785 22.0182
7.83822 17.82923 12.0657 0.55346 21.83672
8.09781 17.74847 12.79542 0.61757 20.93379
8.01176 17.54775 12.3153 0.45625 21.77557
8.37968 17.23929 12.37419 0.50081 21.60901
8.29614 16.4255 12.17548 0.41826 22.75812
7.98798 16.00484 13.14277 0.51428 22.44978
8.43796 16.70625 12.95039 0.48479 21.52184
7.93195 16.90416 12.87174 0.42067 21.98989
7.98142 16.48808 13.12151 0.4284 22.10198
8.11609 17.12381 13.34736 0.48308 21.1012
8.09063 17.34552 12.025 0.47649 22.15951
8.61623 16.33894 12.38747 0.50414 22.2494
8.09942 16.35837 13.19541 0.49291 21.97616
7.84169 17.08443 12.17919 0.46428 22.5113
8.02136 17.98492 11.35371 0.47855 22.26391
6.97774 17.90982 11.87006 0.37667 22.94021
6.93566 18.1929 12.06814 0.4143 22.46698
7.58297 17.74004 12.21336 0.43721 22.16122
8.63119 16.33155 12.34616 0.47103 22.33637
8.02954 16.52041 12.59933 0.40693 22.56627
7.60859 16.60846 13.13961 0.41994 22.32222
7.52777 16.82852 12.74659 0.40252 22.60772
8.33732 15.39164 13.54654 0.38045 22.47945
8.68178 16.65097 13.05433 0.45335 21.3074
8.87703 16.41324 12.94241 0.48708 21.45236
8.24555 16.61293 12.71481 0.46801 22.07464
8.27036 16.14235 13.3496 0.5147 21.864
7.88631 16.56706 12.81761 0.4719 22.38424
8.13743 16.67068 13.34826 0.46195 21.59983
8.56755 16.57816 13.89121 0.45593 20.75667
8.93223 16.4426 13.19285 0.41761 21.1975
8.22325 16.77079 14.3441 0.49209 20.52389
8.49053 16.04271 14.39276 0.51733 20.77961
8.61583 16.6156 13.69702 0.53555 20.74232
9.78176 17.15669 11.88305 0.55127 20.828
8.83343 16.83519 12.5662 0.56002 21.39313
8.80749 16.28241 13.81435 0.58404 20.70993
8.76109 15.95364 13.58711 0.47246 21.40301
8.87876 16.45247 13.75413 0.4377 20.74933
7.99419 16.98109 13.62393 0.40632 21.24461
8.35475 16.61724 13.4253 0.39479 21.36621
8.48996 16.6907 12.64102 0.39144 21.88933
8.46909 17.13306 11.82366 0.44347 22.21369
8.48461 16.92559 11.64108 0.39052 22.64761
8.25365 17.12618 11.87895 0.44543 22.43234
7.93107 18.34076 11.00556 0.44994 22.36355
7.91488 17.24683 11.93236 0.48967 22.52326
7.80717 18.07634 11.39159 0.45325 22.37895
8.15362 17.20978 12.47541 0.47998 21.82636
8.135 17.64424 12.42671 0.45406 21.50534
7.87248 16.42977 13.38083 0.41888 22.05274
8.1046 16.39153 13.38754 0.43486 21.8454
8.44937 17.47514 12.48789 0.44969 21.31968
7.64073 16.76387 12.28702 0.3616 23.04122
8.18166 16.26103 12.71651 0.37414 22.57505
7.56178 17.17168 12.57279 0.43593 22.35001
7.23173 17.11907 12.37005 0.39072 22.95446
7.84357 17.09281 13.07418 0.44508 21.69673
7.83612 16.08856 13.35704 0.39571 22.43622
7.44732 17.46211 12.18824 0.45241 22.53519
8.0385 16.88488 13.21443 0.45032 21.57278
8.00105 18.0581 11.59679 0.39988 22.03957
7.43202 17.64514 12.67121 0.40259 21.96329
7.87858 17.70042 12.10021 0.42838 22.02283
8.34129 16.93058 12.3156 0.45465 22.10937
7.84464 17.13454 12.92105 0.5005 21.73985
7.32305 16.43647 12.63787 0.42691 23.23318
7.22537 16.15716 13.09771 0.46595 23.11824
7.87014 17.08757 11.98925 0.4801 22.64337
7.9686 17.05419 12.50338 0.50881 22.06561
6.95347 17.73242 12.90644 0.49902 21.98718
7.9819 17.34994 12.23547 0.56775 21.95896
7.43806 18.224 11.40546 0.4905 22.51026
7.46161 17.33489 11.55249 0.44799 23.26666
7.83888 16.93554 12.78551 0.48434 22.06205
7.63552 16.56158 14.32517 0.53094 21.12133
7.91351 16.02435 13.62162 0.55354 22.01078
8.44774 16.32015 12.75722 0.55018 22.02764
8.13337 16.95922 13.02221 0.54226 21.50402
7.88231 16.39946 13.07697 0.59538 22.15502
7.37345 16.56384 13.75069 0.50636 21.9419
8.32584 16.96994 12.49115 0.51815 21.81667
7.40941 16.56278 13.5542 0.51112 22.09725
7.56314 17.41428 12.71765 0.59762 21.82794
7.84614 17.59458 13.41463 0.53031 20.88789
8.12763 17.32252 12.56014 0.51344 21.585
7.75983 17.37213 12.90439 0.47016 21.63426
8.66756 16.65167 13.35108 0.51493 21.00439
8.49916 16.64887 13.5688 0.4456 21.00931
8.94581 15.6603 13.8408 0.5046 21.21571
8.79183 16.14017 12.93748 0.46024 21.79379
8.33493 16.48939 12.13928 0.45676 22.66158
8.49473 16.26191 12.94635 0.5038 21.87523
8.19557 17.15723 12.20344 0.52758 22.00145
7.8055 17.81456 12.29514 0.55726 21.64335
8.26357 16.33043 12.92798 0.53429 22.10327
8.62979 16.14222 12.60386 0.51518 22.2328
7.56069 17.36486 13.8663 0.48598 20.92413
8.97689 16.397 13.11401 0.46985 21.20521
8.81113 16.69996 12.86929 0.54553 21.28974
7.75951 17.52756 12.66978 0.48907 21.68237
8.47212 16.33766 12.53672 0.55694 22.24954
8.27578 17.07593 12.57808 0.55855 21.67056
7.57608 17.63796 12.4819 0.60004 21.85655
8.43077 16.76851 12.79586 0.57222 21.59808
7.74471 16.98234 12.93046 0.60843 21.90934
7.87996 16.07557 13.54943 0.5341 22.13415
8.34473 16.27758 12.57046 0.54253 22.3873
7.75032 16.47591 12.1317 0.55331 23.18345
8.68121 16.09472 12.07297 0.60853 22.64297
8.11796 16.21539 12.38521 0.52383 22.89019
7.9167 16.86877 12.28059 0.522 22.50882
7.77901 16.54509 11.6676 0.48116 23.57265
7.97392 16.11949 12.59516 0.52514 22.86581
7.57448 16.50621 12.44398 0.54053 23.01403
7.81733 16.88638 12.90499 0.52072 22.00017
7.91168 17.3641 12.7146 0.50952 21.63853
7.3898 17.21899 12.0676 0.49079 22.92062
7.86469 16.82753 12.46368 0.57232 22.36877
7.54104 17.34242 11.945 0.4916 22.76857
8.09291 16.6901 12.41354 0.51865 22.39506
7.47832 16.98102 12.02618 0.44711 23.13611
7.95984 16.69019 12.07241 0.46225 22.881
7.52683 15.96763 13.10731 0.42697 23.04442
8.26397 16.03376 12.36698 0.49976 22.91634
7.527 16.51793 12.28161 0.46595 23.27599
7.60809 16.89488 11.84858 0.44156 23.2669
8.1776 17.09928 12.37664 0.54716 21.91355
8.44838 16.41009 12.5834 0.45904 22.22291
8.34642 17.00713 12.45999 0.40078 21.95432
8.19584 16.4197 13.21024 0.40085 21.95581
7.61832 16.90592 14.69177 0.48024 20.5352
8.27226 16.81702 13.55581 0.4193 21.09474
7.84397 17.24156 12.94447 0.40965 21.77258
8.6706 17.37053 11.80756 0.40397 21.9082
7.98286 17.19365 12.11072 0.34461 22.48601
7.76983 18.09604 11.98959 0.35888 21.91828
8.67373 17.2702 12.52945 0.40568 21.27452
8.97791 15.90767 13.31956 0.37267 21.60474
8.2622 17.31934 13.14636 0.36913 21.15632
8.7003 16.36299 14.86495 0.39638 20.12781
8.43041 17.01276 13.89403 0.34036 20.65583
8.06523 16.90953 12.19542 0.33619 22.614
8.43237 17.65532 12.79331 0.34754 21.07053
7.87401 16.49733 15.44823 0.39421 20.28341
8.64609 16.77514 13.17048 0.39301 21.23169
8.00535 17.47765 12.96326 0.44191 21.34123
8.32343 16.89137 13.78318 0.42577 20.81827
8.32018 16.25348 13.66513 0.36073 21.64389
8.05557 16.94238 12.5964 0.35287 22.21187
7.52408 17.60765 12.22291 0.32154 22.4765
7.48544 16.55813 13.38184 0.31915 22.38451
7.76676 17.51989 12.10032 0.37252 22.3098
8.06921 17.06661 12.37779 0.39307 22.19884
8.02694 16.22376 12.98484 0.37904 22.47992
7.67356 17.23948 12.18904 0.37694 22.60698
7.84608 16.8195 12.70865 0.43309 22.28475
8.2205 16.89848 12.6654 0.43125 21.86721
7.91717 16.42338 12.89772 0.39734 22.43723
8.00987 16.24087 13.43295 0.38094 22.04367
8.92267 17.18996 12.27925 0.4173 21.36365
8.46233 16.94759 12.39099 0.40495 21.96009
8.20094 16.90476 13.02636 0.38503 21.69854
8.47438 17.46407 12.33469 0.41011 21.5024
7.77847 17.5318 12.25065 0.38742 22.16636
7.6351 17.8904 12.95747 0.44689 21.26832
7.51093 17.76074 13.02648 0.43222 21.43675
8.24638 16.81324 13.38476 0.40064 21.36551
8.47137 17.10608 12.93426 0.50107 21.19101
8.50261 17.41174 12.97315 0.47612 20.87445
7.5444 17.34713 12.44786 0.41065 22.36039
7.73821 17.42068 12.60273 0.50428 21.90982
7.82561 16.88599 14.64934 0.50801 20.52192
7.53449 17.5428 12.88632 0.41429 21.82207
7.23124 17.8573 12.05713 0.38152 22.57548
7.11811 17.47211 12.79114 0.40528 22.33539
7.20554 17.91847 12.15497 0.40994 22.45787
7.82322 17.01299 12.55045 0.37602 22.38001
8.4147 17.75166 11.67283 0.44502 21.91676
8.85782 16.91663 12.81359 0.42118 21.2372
7.81219 17.35075 12.75336 0.4409 21.79999
7.79971 16.67175 12.75322 0.44549 22.45288
7.51298 16.75733 12.9824 0.39246 22.47232
7.92174 17.24569 12.49036 0.45781 22.02513
7.66224 16.55598 15.11126 0.4762 20.54356
7.61439 17.75833 12.84014 0.50299 21.4653
8.01995 15.9101 13.31955 0.51266 22.42307
8.11967 15.21877 13.32645 0.45913 22.97808
7.92014 17.42739 11.9891 0.51941 22.29053
7.92204 16.81884 12.8031 0.50073 22.14489
7.39324 17.42151 12.63055 0.57149 22.20498
8.39855 16.74749 12.2722 0.62293 22.15599
8.43226 17.07385 11.35977 0.56354 22.72094
8.29521 16.47211 13.09878 0.55812 21.81247
8.74704 15.9192 13.06135 0.62056 21.91775
8.0847 16.33044 13.23624 0.53821 21.98314
7.81595 17.509 12.78302 0.51724 21.63272
8.22599 17.26588 12.378 0.44184 21.90775
8.07496 17.46695 12.29828 0.40455 21.99195
7.79903 18.10498 12.35095 0.48908 21.5318
8.10082 17.45585 13.29505 0.59219 20.94026
7.74156 17.27898 13.37051 0.56695 21.3
8.11474 15.62508 14.20467 0.60201 21.71596
8.58337 15.76404 13.34633 0.6302 21.89445
8.46702 15.37447 13.73093 0.62765 21.97632
8.71122 16.25426 13.18266 0.53856 21.49892
7.90973 16.58746 13.31291 0.43944 21.92049
8.26472 16.67726 11.79157 0.41123 22.96321
7.9403 16.22985 13.28265 0.4165 22.28982
8.45365 16.26612 12.4633 0.49221 22.45268
8.25261 16.61342 12.81166 0.40538 22.07064
8.26568 15.82221 12.57389 0.40015 23.06689
8.06371 16.37217 12.83651 0.43202 22.44105
7.74002 16.22937 13.19145 0.45045 22.55563
8.3341 16.55773 13.60033 0.48661 21.33328
8.94363 17.27885 11.91623 0.51493 21.60742
8.50236 16.38869 12.66612 0.51728 22.15372
8.2268 16.22576 13.19083 0.49032 22.04675
8.2737 17.31351 12.71786 0.53267 21.38093
8.1139 16.83139 12.12477 0.54615 22.50833
8.15595 16.68443 12.7872 0.56121 21.95784
8.20368 16.85601 13.16512 0.67015 21.35777
8.70426 16.81855 12.55016 0.66805 21.47196
8.19404 16.71297 12.36079 0.65201 22.25587
7.96713 16.2391 13.60711 0.62315 21.71246
8.38575 16.02685 13.19598 0.55817 21.99656
8.09016 16.15177 13.47367 0.5218 21.89151
8.01439 16.37719 13.16486 0.47375 22.08133
7.42679 16.9448 13.38219 0.5064 21.8849
7.4774 17.37494 12.67187 0.47565 22.14644
7.52349 17.4049 13.44484 0.5057 21.34333
8.07759 16.34587 12.59487 0.41799 22.68859
8.23316 16.65728 12.73917 0.41333 22.08799
8.51244 16.38433 12.83859 0.41388 21.98736
8.2371 16.52467 12.8377 0.39152 22.13561
8.04273 16.21878 13.27498 0.4412 22.13675
7.58654 16.29875 13.8635 0.44416 21.95714
7.90356 16.54022 13.68831 0.41866 21.71807
7.9375 16.17332 13.02452 0.39812 22.59817
7.62633 16.36467 13.024 0.39512 22.70268
8.36802 16.42662 12.31593 0.39154 22.64305
7.66011 17.07671 12.59156 0.37322 22.45984
7.08998 17.85831 12.1606 0.37774 22.67454
8.32734 16.85687 12.08822 0.41354 22.45478
7.90832 17.0077 12.87165 0.49952 21.89287
8.06819 16.73041 13.77725 0.47846 21.14683
7.86164 16.26705 13.54276 0.47081 22.01842
7.59398 16.6677 13.33584 0.4448 22.10947
8.35262 15.98913 13.62875 0.44409 21.79179
8.48924 15.69597 13.47505 0.4476 22.05171
8.38346 16.18041 11.88108 0.43355 23.21521
8.84726 16.21801 12.79602 0.55196 21.80231
8.15445 16.45383 13.61385 0.46173 21.48657
7.75331 17.06965 13.33298 0.39204 21.62876
8.14336 17.00018 13.16125 0.36226 21.54143
8.68597 16.05616 12.76723 0.34431 22.30476
8.10396 16.92515 13.235 0.39088 21.49258
8.52912 16.54997 12.92361 0.38795 21.723
8.03258 17.56998 13.01662 0.43592 21.10398
7.66315 17.88234 12.39828 0.4083 21.77918
7.48777 17.27012 12.60579 0.39932 22.35151
7.78977 17.57902 11.75969 0.40695 22.5408
7.68018 17.18763 12.5946 0.45025 22.18238
8.35214 16.44485 11.89239 0.40953 22.97996
8.64891 17.09439 11.9778 0.47135 21.94236
8.23397 15.71868 13.4597 0.40181 22.28394
8.04237 17.28614 12.83276 0.48422 21.49705
7.54961 17.14356 12.62166 0.42591 22.34688
7.96871 17.0933 11.94162 0.43127 22.67311
7.61427 17.37231 13.17614 0.42978 21.56736
8.15212 16.94335 12.74013 0.42653 21.88378
8.54588 16.32706 13.11904 0.44271 21.72263
8.33681 16.50478 13.63666 0.47684 21.25534
7.90795 16.64375 13.28741 0.46441 21.87061
8.35807 16.09879 12.65692 0.4414 22.55812
7.97117 16.65385 13.32457 0.45704 21.7394
7.56045 16.25708 13.62908 0.43011 22.23687
8.5429 16.61994 12.68686 0.51405 21.77873
8.40155 16.41481 12.05346 0.477 22.74916
8.33995 16.41689 12.5311 0.48346 22.36063
7.86591 16.7458 11.93389 0.44406 23.09784
7.48156 17.11501 12.36266 0.54581 22.59617
8.51719 17.08616 11.93762 0.53312 22.05902
7.99928 17.21883 11.40531 0.44666 23.00658
7.59891 17.68387 11.44781 0.51858 22.82351
7.40726 17.73873 11.92406 0.60198 22.42545
8.15068 16.70972 11.8198 0.68534 22.73489
8.64518 16.67573 12.12978 0.66362 22.01345
8.34589 16.58942 12.36076 0.58465 22.25399
7.16948 16.35954 13.60527 0.53133 22.48523
7.76178 16.06362 13.29537 0.47466 22.51608
8.10766 15.77567 13.39865 0.48019 22.37178
8.17876 15.63751 14.0947 0.54673 21.74379
8.70584 16.00509 13.06766 0.53048 21.86476
8.04714 16.58506 12.78294 0.61432 22.1289
8.6654 16.50189 12.06517 0.59332 22.33679
8.7348 16.07077 12.07312 0.60545 22.63805
7.85357 16.65308 12.26222 0.52966 22.78534
8.18555 16.2427 13.49097 0.5736 21.71079
7.76556 16.57622 12.9239 0.47623 22.37445
7.89902 16.29775 12.86554 0.45522 22.57057
7.85291 16.34062 13.04855 0.51846 22.32755
7.8505 16.37632 12.72021 0.47523 22.69312
7.89064 17.17227 12.05697 0.47039 22.48599
8.7987 16.69535 12.36737 0.50533 21.782
7.95632 16.95217 13.28232 0.52575 21.42405
7.8689 16.68916 12.72218 0.46828 22.36352
7.31802 16.78978 12.13351 0.39459 23.43338
7.8841 16.12433 11.82443 0.42298 23.80606
8.09179 16.17512 12.94312 0.40205 22.52215
8.08744 16.7854 12.66513 0.38991 22.17989
8.33139 16.32846 12.62441 0.43202 22.38728
8.40624 16.69357 13.53043 0.43794 21.12263
8.91578 15.28933 13.43824 0.47902 22.03212
7.98856 15.86659 13.09199 0.41522 22.78872
7.97934 16.03249 13.03123 0.34691 22.73068
8.13248 16.99311 12.73561 0.45947 21.85101
7.76292 16.57868 13.52612 0.37371 21.89899
7.58853 16.83706 13.20673 0.3675 22.12096
8.06416 17.16595 12.58065 0.39282 21.97697
8.33813 15.79406 12.31337 0.38819 23.27224
7.89581 16.69318 12.29924 0.42094 22.79997
8.35687 16.85396 11.6594 0.40855 22.78475
7.81929 16.88191 12.30471 0.43577 22.65149
7.08914 17.72515 11.86754 0.42518 22.95849
7.2704 17.03149 12.08405 0.37977 23.29827
7.63691 17.74248 11.80156 0.42773 22.48951
7.79782 17.43803 11.97145 0.44232 22.44732
7.9738 16.61349 12.11771 0.43329 22.94706
7.6903 17.2291 13.42762 0.47109 21.42053
7.88817 16.44351 13.76179 0.48907 21.59234
7.86752 16.80948 13.61376 0.46011 21.5335
7.89655 15.63709 14.07697 0.48111 22.02705
7.52759 16.24559 13.83053 0.44427 22.10392
8.29957 17.03984 12.4874 0.44119 21.89101
7.98642 17.77657 11.67043 0.42392 22.25126
7.45823 17.43454 12.85996 0.45298 21.9124
7.69111 17.73364 13.00532 0.47804 21.22584
7.77105 17.76848 12.15567 0.4684 21.98045
8.40897 16.16891 13.85806 0.49239 21.28188
7.87054 16.66795 13.56902 0.45913 21.58377
7.73783 17.04707 12.78624 0.47333 22.08971
7.92562 15.79449 13.29601 0.43576 22.69765
8.34335 16.91637 12.28855 0.46515 22.13034
8.40961 15.73987 13.98354 0.46654 21.58457
8.7504 16.3859 13.34999 0.47259 21.25245
8.18414 17.3945 12.89828 0.51863 21.18027
7.92607 17.12041 12.21301 0.58345 22.26124
7.80258 16.81894 12.89497 0.51241 22.10644
8.3938 17.13619 12.71328 0.49299 21.45589
7.58498 17.7795 12.95656 0.47879 21.40005
7.41952 17.10092 13.25897 0.4059 22.02103
8.22136 17.48056 13.29561 0.44505 20.85306
8.17984 16.43363 13.05231 0.40244 22.14102
8.31786 17.0625 12.25368 0.4438 22.10683
7.85802 16.32544 12.89051 0.42667 22.63891
8.26416 16.91687 12.15181 0.43212 22.3708
8.03144 17.34601 12.46966 0.43887 21.82877
8.09097 16.88767 11.85603 0.42859 22.82403
8.58784 16.77559 12.14429 0.47814 22.12114
8.3198 17.17939 12.27666 0.51268 21.86585
7.7823 17.44482 12.50655 0.42133 22.00853
7.70387 17.10209 12.75476 0.42207 22.14807
8.24138 16.13298 12.55667 0.39435 22.76384
8.27102 16.40397 12.29895 0.42344 22.70134
8.36167 16.53291 12.62482 0.51233 22.15217
8.23637 16.46163 13.23521 0.51872 21.76098
8.88924 16.34562 12.68871 0.54603 21.73636
8.04363 17.08648 12.48677 0.52995 21.99727
8.53733 16.63488 12.78959 0.58752 21.65706
8.46626 17.84509 11.79299 0.56847 21.48877
7.85178 17.00196 12.51969 0.44119 22.28989
7.61079 16.26069 12.68233 0.40294 23.10128
8.31126 16.9527 12.54449 0.41646 21.887
7.6116 17.17241 12.41478 0.3957 22.47497
7.73792 16.29773 12.45529 0.41461 23.16292
8.04044 16.08232 13.12317 0.41685 22.41918
7.92485 16.14262 13.89943 0.43561 21.74381
8.10428 16.03925 12.66912 0.42988 22.85876
8.01631 16.70932 12.48628 0.42744 22.43818
7.74828 16.88236 12.65141 0.37376 22.45971
7.99732 15.5607 13.34627 0.39226 22.81328
7.92111 16.15648 13.14745 0.42531 22.47466
7.61958 16.3941 12.25315 0.41424 23.37687
7.81512 16.39226 12.55503 0.36228 22.9917
8.30665 16.31766 12.04168 0.36868 23.04467
8.21145 16.90415 12.09601 0.40389 22.48164
7.80482 17.02667 12.21246 0.41036 22.66899
7.43522 16.6852 12.65654 0.38763 22.92632
7.41044 16.37237 12.40441 0.38843 23.50107
7.56671 16.60102 12.73075 0.42147 22.76988
8.16143 15.92196 13.14441 0.39188 22.48928
8.18995 16.05935 13.97824 0.38979 21.5997
8.19866 16.60745 14.25588 0.4151 20.84165
8.27785 15.93773 13.51527 0.41952 22.00563
8.0184 16.4395 12.957 0.42186 22.25496
8.13472 16.72939 12.73355 0.38741 22.15078
8.31044 17.27167 12.04527 0.41799 22.06684
7.80834 16.90166 13.58381 0.44991 21.44695
8.19837 17.23358 12.60658 0.50395 21.57687
8.16277 15.92496 12.87411 0.47389 22.62929
7.73692 16.66548 13.02916 0.46755 22.18127
7.51138 16.00834 13.76466 0.45177 22.37902
7.6656 15.86839 13.16228 0.44199 22.94818
7.50948 16.84785 13.17492 0.44751 22.11613
7.5924 16.39115 12.7994 0.4192 22.87989
8.01317 16.3963 12.5069 0.44147 22.75489
8.08068 16.51817 12.17945 0.46689 22.8566
7.99084 16.67616 12.75585 0.36707 22.31301
7.47022 17.56574 12.56302 0.3722 22.12383
7.96942 16.54876 13.00464 0.40204 22.18617
8.10231 16.40071 12.5404 0.35586 22.71341
8.63572 15.493 13.31514 0.41189 22.26309
8.12284 15.69792 13.85671 0.42065 22.05116
8.25534 16.67145 12.71573 0.49323 22.00942
7.70474 16.29319 12.16641 0.40386 23.4897
7.76034 15.88317 12.52569 0.44179 23.44463
8.38224 16.11451 12.66994 0.49496 22.49538
7.82527 16.15584 13.22647 0.50148 22.418
7.78127 16.93283 12.47909 0.54027 22.39711
7.96552 17.16775 12.49896 0.54292 21.95505
7.40294 17.01897 13.22994 0.50011 21.96879
7.94875 17.03851 12.1128 0.41833 22.55659
7.69152 16.23785 13.40279 0.37256 22.43105
8.30114 15.48459 14.15328 0.42489 21.87237
8.21631 16.63318 13.06143 0.46883 21.79057
7.64179 17.0985 13.50445 0.40869 21.60326
6.9569 17.5113 13.56132 0.37457 21.75441
7.7733 17.50715 12.54007 0.39063 21.93493
7.5398 17.17836 13.43219 0.37199 21.63461
8.16651 16.05194 13.63326 0.43579 21.83898
8.25142 16.38667 13.3848 0.44255 21.68188
8.57259 16.23678 13.99529 0.53577 20.93084
8.22093 17.0214 14.08153 0.57707 20.44737
8.95272 16.59124 12.54768 0.50987 21.59894
8.17647 16.88588 12.19471 0.51406 22.37809
7.70677 16.15667 12.82172 0.45425 22.9297
7.59369 16.12223 12.78422 0.42881 23.15574
8.41328 16.00172 12.61983 0.41491 22.66026
8.22453 17.10625 12.46022 0.44578 21.92048
7.63351 16.24221 12.85892 0.34626 23.00308
7.88351 17.1649 13.0295 0.37818 21.73444
8.05441 17.24814 12.52044 0.42024 21.90304
8.88114 16.41212 12.58788 0.44527 21.84084
8.20259 16.63424 13.09844 0.42025 21.78504
7.83889 16.74582 14.39567 0.47613 20.78033
8.05938 17.53389 12.25149 0.43593 21.82257
7.30639 17.03885 12.29931 0.37463 23.04627
7.84551 15.4291 13.59844 0.39551 22.82744
7.26425 17.19337 12.90333 0.36229 22.39961
7.16681 16.977 12.65377 0.37811 22.9374
7.79698 16.35911 13.09279 0.4075 22.44344
7.74125 16.48088 13.48745 0.37463 22.04269
7.24496 17.67213 13.44791 0.37197 21.43616
8.1327 16.70421 14.38418 0.40427 20.58516
7.66673 17.67336 12.93473 0.38344 21.50039
8.44851 16.69849 13.87282 0.43364 20.74921
8.00605 17.97658 12.49016 0.42847 21.23617
7.91106 17.37486 12.6286 0.44663 21.71887
7.63596 17.90066 12.71251 0.55855 21.30353
8.0107 17.18562 12.51202 0.44796 21.93526
7.797 17.52758 12.98942 0.46095 21.33948
7.91976 16.14987 13.10416 0.363 22.58678
8.29951 15.73291 13.78889 0.34933 21.95536
8.47746 15.81691 12.80971 0.39717 22.65553
8.5085 15.70012 13.75509 0.46063 21.78622
7.63382 16.67282 13.6147 0.38203 21.84886
8.32818 16.85431 13.1247 0.46303 21.40393
8.30004 17.1552 13.60019 0.45018 20.693
8.34104 17.03634 13.6906 0.4824 20.70861
8.34929 17.48939 12.30139 0.40606 21.58443
8.27398 17.17107 12.92897 0.43153 21.35463
7.92158 17.81098 12.22117 0.45281 21.71434
8.4575 17.11337 12.49438 0.50154 21.57502
8.38775 17.20229 12.16679 0.54469 21.90695
8.1594 17.56239 11.89794 0.54272 22.01618
7.72254 18.07628 11.51307 0.47963 22.35254
7.91427 16.90459 11.66155 0.44962 23.19139
8.08296 17.04369 11.39905 0.46576 23.07775
7.71246 17.22583 12.84098 0.46141 21.88217
7.99605 16.40649 13.0568 0.45367 22.20205
7.28919 17.95366 13.04915 0.42713 21.45444
7.26921 17.81553 12.41849 0.41619 22.19155
8.55998 16.23672 12.50612 0.40527 22.40563
8.54954 16.5425 12.21945 0.42176 22.36391
8.18194 16.99202 12.3993 0.43352 22.13539
8.13692 17.20488 11.71173 0.44927 22.6231
8.13244 16.70827 12.73944 0.47585 22.12609
8.34092 17.04687 12.15192 0.49501 22.14843
8.735 17.17661 12.15319 0.60631 21.5496
8.4351 16.44098 13.07502 0.5387 21.66615
8.27508 16.10419 12.99068 0.51799 22.25467
8.5952 15.78098 13.1105 0.50937 22.13112
8.57872 15.75815 13.19337 0.43225 22.18123
