"V1" "V2" "V3" "V4" "V5"
4.60225 24.35895 3.07441 0.33069 27.65906
4.58703 27.21494 3.08474 0.29096 24.90476
4.23375 28.27248 3.10733 0.27821 24.19054
3.9725 26.67323 3.25001 0.24692 25.90723
3.84579 27.90817 2.8104 0.22046 25.27619
4.42603 27.78143 3.1249 0.23404 24.51413
4.62857 27.07955 2.76379 0.26219 25.3255
4.5618 26.56529 3.16215 0.23942 25.54388
3.89988 26.60816 2.90065 0.24843 26.39222
4.42812 27.72498 3.33476 0.31901 24.28479
5.41744 27.67853 3.45255 0.41611 23.15179
4.63052 26.60781 3.25219 0.29148 25.2848
4.67346 25.97108 2.89198 0.21012 26.30656
4.24226 26.38446 3.0709 0.15003 26.18939
4.00096 25.62239 3.38391 0.17867 26.85487
4.33956 27.47955 3.33371 0.20318 24.76146
3.76421 28.09743 2.90909 0.23033 25.102
3.91972 26.59662 4.19552 0.26052 25.10022
4.03301 26.58587 4.10077 0.23835 25.124
4.34616 27.25441 3.54987 0.26639 24.66969
4.25691 27.31621 4.0166 0.2438 24.27396
3.60916 26.51702 3.30856 0.18917 26.4162
4.81262 27.03322 3.61578 0.25635 24.35776
4.12132 26.40841 3.55913 0.18245 25.77885
4.16681 26.50377 3.87591 0.22993 25.30457
4.32507 28.78456 2.74174 0.19808 24.0591
4.34719 27.10623 3.645 0.19733 24.80395
4.32626 26.40062 3.89521 0.21273 25.32631
3.77855 25.15435 3.60452 0.21968 27.31071
4.70474 26.96042 4.22134 0.35704 23.95275
4.73056 25.48386 4.08878 0.28603 25.55642
4.10819 27.66069 3.35683 0.30178 24.70241
3.62871 27.91654 2.91374 0.21254 25.41702
3.97579 28.5042 3.17269 0.22492 24.21818
4.50122 24.73369 3.65737 0.18381 26.9661
4.3243 27.1242 3.66684 0.23887 24.72653
4.88931 26.71769 3.7418 0.25403 24.48322
4.16533 29.48142 4.35822 0.29848 21.92395
4.58474 28.04043 3.60747 0.23898 23.6893
4.26959 27.60462 3.57425 0.24868 24.38775
4.31115 26.56633 3.71875 0.25306 25.20572
4.58848 27.7597 4.02774 0.28606 23.46295
4.30275 27.88384 3.54079 0.29064 24.06785
3.98829 27.11546 3.55288 0.31337 25.08388
4.8028 26.29209 3.26874 0.38345 25.31289
4.47418 26.33004 3.39434 0.33365 25.52882
4.86759 26.79718 3.54083 0.35898 24.56549
5.03299 27.41061 4.02374 0.2756 23.39531
4.63495 25.98124 5.01465 0.28074 24.20235
3.9054 25.76189 3.42976 0.24025 26.70762
3.65266 26.22067 3.09352 0.25133 26.81548
3.94231 26.17338 2.75826 0.19654 26.96358
4.00795 27.4812 2.80564 0.24848 25.52763
3.86666 27.80497 2.26588 0.25031 25.86234
3.55188 26.79136 3.02767 0.24673 26.41755
4.4861 27.03322 4.36868 0.29062 23.94228
5.19481 26.35637 3.24537 0.22916 25.07963
4.37713 27.14998 3.55592 0.1868 24.81381
3.87324 26.60833 3.63655 0.17755 25.81685
5.17046 24.65413 3.76049 0.25605 26.21833
5.5005 26.52508 3.52916 0.30998 24.20975
5.52708 26.73362 3.39324 0.29192 24.13529
3.96194 27.28898 2.52771 0.31815 25.95768
4.48861 25.5912 2.79666 0.27671 26.87777
4.12714 26.00225 2.58667 0.3173 26.9936
4.86705 25.53831 2.73747 0.40937 26.48934
4.3445 26.2034 2.57677 0.40259 26.51492
4.6066 26.72541 2.6864 0.36986 25.65224
4.90587 25.26895 2.87057 0.34154 26.63867
4.22312 26.10314 2.48539 0.29295 26.92669
5.45089 26.9697 3.0464 0.4391 24.14829
4.08033 27.39087 3.38218 0.43459 24.7695
4.26148 25.40524 3.08568 0.32467 26.95533
3.74306 24.51186 3.59103 0.25766 27.91626
3.97133 26.62928 3.31727 0.3167 25.79656
3.34682 26.06685 2.95735 0.34704 27.31861
3.72339 27.18201 2.94684 0.34148 25.84396
4.64518 26.19095 3.41232 0.42964 25.36703
3.88784 26.21752 2.86245 0.49512 26.56019
4.68498 28.09862 2.93763 0.52918 23.81063
5.13889 25.35939 3.40565 0.44334 25.68582
4.30458 26.62178 3.43809 0.42908 25.24708
4.39672 26.07267 3.63101 0.44468 25.50152
4.43381 25.27139 3.45733 0.36229 26.50485
4.08795 25.46506 3.12024 0.24323 27.11114
4.34454 27.80699 3.08864 0.27905 24.53554
4.87034 28.44535 3.22397 0.3186 23.24836
4.33044 27.95964 2.53203 0.25945 24.99541
5.65273 27.91653 3.14282 0.3146 23.09549
5.57653 24.56544 4.29241 0.27727 25.33084
5.09397 25.485 3.72231 0.24646 25.49342
5.02552 24.41403 3.30945 0.24602 27.03018
4.74029 26.23916 3.60332 0.29016 25.19436
4.17271 28.32277 2.6412 0.26247 24.6687
3.96629 28.17942 2.71693 0.25461 24.96279
4.27309 26.70094 2.78197 0.2343 26.05523
4.44212 27.12452 2.67453 0.27646 25.52672
3.83879 28.59445 2.99986 0.24708 24.4006
3.77719 27.5416 2.58477 0.24102 25.90349
3.93114 26.24339 2.88822 0.20261 26.75894
4.2397 26.19026 2.60491 0.14162 26.84019
4.96826 25.34846 2.84169 0.21409 26.66085
4.30697 25.69347 2.96998 0.23557 26.81564
4.56009 25.55454 2.63853 0.19211 27.0856
5.0395 24.44655 2.81386 0.17826 27.55211
4.38751 25.83779 2.75457 0.22385 26.83513
4.49212 28.43556 3.31079 0.32958 23.5662
5.59176 26.9651 3.30715 0.33437 23.87618
4.75705 24.78902 3.63851 0.28799 26.56244
4.30849 25.10286 3.33081 0.30991 26.98773
4.01858 26.4566 3.37775 0.34644 25.84304
3.94115 26.38014 3.54058 0.31572 25.87846
4.4863 26.30865 4.24471 0.32221 24.69922
4.63515 27.16476 3.54426 0.33958 24.40021
4.38255 27.90551 2.59524 0.20729 24.99689
3.5581 28.03109 2.41893 0.20849 25.83981
3.7781 27.759 2.72755 0.29919 25.52561
3.73151 29.36647 2.54138 0.28875 24.15839
4.4606 28.83354 3.14948 0.39405 23.3004
4.16007 27.9429 2.87906 0.38018 24.75942
4.31734 28.51695 3.44413 0.50302 23.34917
4.21377 28.26637 3.2675 0.51565 23.84455
4.28342 27.4761 3.18134 0.48065 24.64704
3.94818 28.59991 3.29709 0.5009 23.76818
4.13038 26.37907 3.41787 0.42302 25.71855
3.98276 26.9564 3.11757 0.39594 25.61597
4.98704 26.46715 3.08672 0.38971 25.12714
4.25871 25.02472 2.60779 0.27279 27.86491
4.8259 24.14209 3.13607 0.28348 27.64942
5.03161 25.04529 2.98106 0.34238 26.65747
5.38573 26.17338 3.67831 0.44361 24.40949
4.82232 27.6343 2.97193 0.4498 24.22111
3.9475 26.63092 2.79369 0.31466 26.36219
3.89365 25.74709 2.92243 0.32209 27.15956
4.15388 25.91319 3.31788 0.3395 26.33249
4.39314 26.35943 3.54839 0.34581 25.42094
4.54055 26.76081 3.34615 0.29805 25.13827
4.14799 27.42904 3.36099 0.30621 24.88617
3.70029 26.70494 3.11358 0.26575 26.28702
3.85128 26.75095 3.44087 0.3724 25.69011
4.22034 25.4628 3.20181 0.33836 26.88928
4.63731 26.71795 2.82907 0.31271 25.59468
5.22439 25.8677 3.20885 0.39245 25.37959
5.83882 26.90592 3.21066 0.51232 23.63445
4.78287 26.79406 3.08081 0.36611 25.04896
4.25636 25.71711 3.3285 0.25131 26.49015
4.60292 25.64579 3.82922 0.27267 25.70112
5.43651 26.73914 4.24567 0.31329 23.36555
4.72707 24.95815 3.57777 0.26111 26.52671
4.99667 25.83346 3.99732 0.37961 24.8782
4.84083 27.84377 4.01914 0.3865 23.02675
5.13709 25.81689 3.91458 0.33001 24.86656
4.75477 25.82932 3.83571 0.30796 25.35164
5.56872 26.74945 3.42318 0.32407 24.01319
4.52667 28.404 3.0932 0.38366 23.66179
4.27763 26.98148 3.31037 0.33256 25.16706
4.41325 27.15276 2.74855 0.27006 25.45861
4.59797 25.8685 3.25919 0.2625 26.06023
4.97059 27.30882 3.58119 0.37309 23.8637
3.83403 26.99363 3.76014 0.31572 25.14856
3.76185 27.68152 3.15845 0.27158 25.20188
3.9387 26.42559 2.8915 0.28131 26.49706
3.66152 27.90723 2.73374 0.3007 25.44363
3.80043 27.1142 3.18596 0.29102 25.66882
3.2902 27.49343 2.99586 0.30826 25.9454
3.68939 26.44217 4.13741 0.29552 25.49006
4.54376 26.76306 3.31462 0.28095 25.13817
4.64287 25.24885 3.06079 0.28837 26.78508
5.03479 27.61402 3.28055 0.33439 23.80973
3.77964 28.27076 3.16449 0.38626 24.43044
4.64169 27.58286 3.03131 0.32798 24.46405
4.00901 26.01487 2.68571 0.24133 27.06696
3.781 27.21889 2.72738 0.37601 25.91407
3.62997 26.7661 2.7515 0.3549 26.51545
3.93059 25.59698 2.76761 0.32517 27.39157
4.37062 25.81023 2.6148 0.33239 26.89491
4.0831 25.30973 3.14231 0.35504 27.13106
4.44131 25.51226 3.55875 0.2677 26.26408
4.01578 26.06763 2.73697 0.23155 26.98743
3.63759 27.16491 2.93982 0.23822 26.08086
4.19516 26.64173 3.20895 0.25737 25.77213
3.90259 27.28973 2.83353 0.20522 25.84223
4.38325 28.23333 3.24708 0.25478 23.96717
4.96475 26.50653 4.19999 0.32416 24.07871
5.63866 26.6635 3.86801 0.38805 23.52968
4.95416 27.6638 3.75385 0.32192 23.4242
4.20707 27.14545 3.42748 0.32843 24.95228
3.78755 27.55317 3.27942 0.24801 25.19527
4.03256 26.79753 3.00924 0.24319 25.9592
3.87177 26.89847 3.18933 0.29 25.80101
3.26461 26.53597 3.13772 0.24691 26.84392
4.42799 26.79704 3.63867 0.34256 24.85086
4.55773 25.1671 4.21305 0.30845 25.8143
4.59577 26.65174 3.18212 0.35325 25.28315
4.29564 25.48176 3.66649 0.39662 26.18814
5.11615 26.30812 3.66446 0.49774 24.47719
4.17996 26.1045 2.59976 0.37003 26.77271
4.69632 26.20256 2.67058 0.31602 26.1614
3.58176 24.97632 2.78956 0.23729 28.4335
3.36097 25.56073 2.33185 0.2089 28.55644
3.26587 27.29874 2.71351 0.31615 26.44639
3.75101 28.50002 2.55144 0.33175 24.94517
3.68706 28.27821 2.86375 0.33363 24.92049
3.59479 26.96243 3.25995 0.29644 25.93176
4.05052 27.99712 3.29154 0.26673 24.47481
3.78272 28.38284 3.40019 0.21453 24.29551
3.78816 28.98715 2.46895 0.18058 24.6428
3.83708 28.35827 2.72858 0.29634 24.8619
3.76259 29.5954 2.65184 0.28656 23.81341
3.9155 26.87481 3.18533 0.23659 25.84078
4.45047 26.93512 3.1648 0.29845 25.22422
4.19971 27.40661 3.77975 0.2629 24.43012
4.69594 25.38445 4.12709 0.28951 25.57427
4.57456 24.06612 3.17674 0.29903 27.90395
4.71537 28.11029 3.62519 0.34827 23.32017
4.69326 26.69867 3.80307 0.37787 24.51691
3.75491 28.015 3.53446 0.28077 24.50986
4.56801 26.75595 3.26313 0.25513 25.25338
4.11696 25.08971 3.9805 0.32796 26.54112
4.43775 25.01322 3.45182 0.27497 26.86551
4.25678 26.3114 3.47226 0.28672 25.77917
4.13519 25.68378 3.92583 0.23618 26.09522
4.10989 25.91153 3.66 0.24581 26.13285
4.31137 28.4602 3.44652 0.32582 23.5618
3.47458 28.1005 3.21111 0.27077 25.0151
3.96221 27.32174 3.11828 0.28949 25.35947
4.29315 27.15835 3.37244 0.32752 24.92326
4.16013 27.46579 2.68619 0.30457 25.45258
4.7275 26.62171 2.94663 0.29568 25.47783
4.56501 25.53418 2.84949 0.40999 26.67585
4.87732 26.47426 3.46058 0.37734 24.8574
4.60105 25.01087 3.47234 0.36473 26.58157
4.42921 26.82216 3.42225 0.48925 24.91454
4.3424 26.37777 3.48571 0.42714 25.42439
4.54817 25.8505 3.42424 0.43737 25.79549
4.44803 26.38159 3.72928 0.50616 25.03612
3.80001 26.96752 3.25045 0.3922 25.66573
3.58251 25.50859 3.62657 0.32311 26.99656
3.53383 27.7842 2.72935 0.27825 25.72981
3.82218 27.69953 2.85139 0.32383 25.37954
3.37644 27.6703 2.91954 0.32808 25.77662
3.95563 27.90624 2.77933 0.34005 25.0936
4.4858 27.19181 2.86316 0.27496 25.24951
3.94335 28.80896 2.82611 0.25325 24.26829
4.02487 26.51347 2.93693 0.19566 26.37858
5.19116 27.99726 3.24319 0.29069 23.38596
5.48653 25.5044 4.26776 0.30339 24.49575
4.31346 26.99105 3.70579 0.27421 24.7957
4.82422 25.84368 4.6874 0.27781 24.42277
5.10215 26.73274 3.43921 0.29202 24.51193
3.86697 28.59506 2.79304 0.23616 24.59965
3.73971 28.00452 3.45442 0.29034 24.57479
4.13461 27.71363 3.16653 0.25921 24.81734
4.20963 27.92262 3.51298 0.26393 24.20366
4.97943 28.24146 3.43366 0.29819 23.18227
4.32514 26.48974 2.9773 0.27061 25.99514
4.21583 26.02766 3.34161 0.35991 26.12267
4.87075 24.41907 3.47882 0.36555 26.93971
4.87498 25.9205 3.80593 0.38166 25.13612
4.44631 26.71685 3.89237 0.41858 24.67128
4.25377 27.91105 3.26047 0.30012 24.40426
4.5087 26.77897 2.69016 0.24433 25.84742
3.95683 26.51177 2.91596 0.28433 26.37453
4.37762 27.07299 2.86603 0.42337 25.36847
4.77593 27.34992 3.27881 0.42377 24.29418
4.9257 26.43535 3.25792 0.36573 25.10612
4.59053 27.7945 3.09289 0.4191 24.21715
4.51094 26.21368 3.70238 0.35302 25.27968
4.13594 26.42689 3.34433 0.31683 25.80684
4.63737 26.27134 4.10599 0.3512 24.69397
4.81699 25.66685 4.24353 0.34716 24.98655
4.61359 26.43319 3.82315 0.33036 24.88216
4.62751 26.48687 4.33612 0.33697 24.29018
4.92 27.70972 3.18889 0.41481 23.85259
4.89882 26.17148 3.73621 0.48175 24.79223
4.204 26.61606 3.58596 0.41721 25.23202
4.15694 28.04912 3.04955 0.45035 24.40521
4.41303 29.10318 3.00825 0.60025 23.08875
3.88739 29.30485 3.12653 0.49774 23.36845
3.95557 27.0147 2.94096 0.35197 25.84786
4.14662 26.63739 3.63422 0.45131 25.29008
3.82498 25.31543 3.57416 0.2753 27.11567
3.53692 27.30204 3.35853 0.26377 25.66771
4.21614 25.13327 3.17764 0.24877 27.27694
3.96724 25.64582 3.8704 0.29123 26.26452
3.99323 26.36583 3.58654 0.22526 25.87987
3.65718 27.57406 3.44552 0.33672 25.03987
4.34209 26.34938 2.74809 0.27139 26.33216
4.64205 25.49085 3.14027 0.2339 26.51858
5.25418 26.61122 3.72166 0.36036 24.14162
4.47856 26.14075 3.39673 0.33906 25.71367
4.33374 27.86447 3.31545 0.32121 24.25148
4.51285 26.25942 3.16822 0.32524 25.79755
5.65085 27.70598 3.62519 0.49734 22.65932
4.97416 27.63307 3.63572 0.43703 23.40514
4.15271 27.28423 3.8795 0.49475 24.24355
4.58384 27.65537 3.96661 0.52088 23.33205
4.95449 25.75495 3.62713 0.43176 25.287
4.39587 27.23234 3.55499 0.44276 24.44
5.07913 26.59477 3.30356 0.52753 24.55113
4.42969 26.66809 2.52431 0.47117 25.94904
4.62223 27.93788 2.59191 0.45608 24.4418
5.20063 27.06907 3.07527 0.37876 24.33583
4.56776 26.94149 2.43842 0.30549 25.78382
3.55337 26.02796 2.75793 0.27274 27.40797
3.89162 25.98962 2.68392 0.28945 27.16248
3.46588 27.14191 3.05255 0.28279 26.09227
4.17279 25.77855 3.4575 0.25288 26.36205
3.72485 26.65845 3.61528 0.299 25.74315
4.70941 26.06945 3.8053 0.30515 25.15733
4.98523 24.42064 3.95459 0.34155 26.35043
4.79906 26.02865 4.24187 0.40803 24.59647
4.73727 26.0303 3.99092 0.36901 24.93115
5.22466 26.28433 3.32915 0.38143 24.85018
3.84884 26.96547 2.96354 0.28512 25.98551
4.80289 26.55997 3.24182 0.34862 25.11182
4.27691 26.36535 3.47521 0.30395 25.60877
4.12347 23.86145 3.76004 0.25769 28.01999
4.42156 26.15523 3.39361 0.31408 25.75344
4.85696 25.61045 3.74553 0.39183 25.42617
4.74658 26.66081 3.80836 0.42899 24.42009
5.22187 24.75076 3.45468 0.34391 26.26543
5.07313 25.75105 2.67072 0.23006 26.31135
4.4993 26.22953 3.15218 0.27492 25.87801
4.25883 26.40144 3.42128 0.26645 25.69282
4.66833 26.86076 3.50706 0.31109 24.73619
4.95041 25.55801 3.31107 0.35552 25.87635
4.31673 25.53298 3.57237 0.3748 26.24613
4.27727 25.0823 2.99695 0.3465 27.34183
4.83484 25.21228 3.46097 0.35005 26.20194
4.73495 24.87131 3.24262 0.29207 26.89078
4.70475 26.52592 3.14905 0.26906 25.38809
5.38765 25.08017 3.76488 0.35895 25.46434
5.5734 23.84114 2.86504 0.214 27.54332
4.89038 26.40443 3.52204 0.33453 24.90294
5.23391 27.87772 3.05587 0.30239 23.61899
4.96325 29.42874 3.90841 0.47855 21.41395
5.74667 26.68079 3.34817 0.33312 24.02085
5.03148 26.7029 3.41935 0.40178 24.63676
4.75066 26.55663 3.31392 0.38827 25.13446
5.26348 25.59161 3.34937 0.406 25.50275
4.085 26.57708 3.15155 0.26502 26.00155
5.18321 27.9085 3.09129 0.31984 23.66062
4.02474 24.20916 3.22146 0.18109 28.39913
4.47061 26.58211 2.93526 0.22028 25.86022
4.48414 26.41603 3.05472 0.22228 25.88315
5.57309 25.67116 3.5369 0.38315 24.95114
5.21863 27.13903 3.57646 0.355 23.81081
5.46293 24.86741 3.84824 0.37146 25.53842
4.52017 24.11401 3.9849 0.32104 27.12054
4.4131 23.3836 3.58569 0.20419 28.46524
4.20757 25.60433 4.17266 0.2464 25.86433
4.5333 27.4298 4.35593 0.2611 23.54186
4.43016 26.63357 4.21862 0.27756 24.49948
4.82738 26.29226 3.72465 0.27298 24.93128
4.43053 24.94861 3.70162 0.27667 26.66959
4.10313 25.26335 3.15795 0.25967 27.24677
4.05642 26.22427 3.74514 0.28363 25.73406
4.56533 24.511 3.61232 0.26771 27.07318
3.92669 27.41679 2.83861 0.30943 25.56987
3.89593 26.04785 2.81494 0.34626 26.93143
4.19923 25.41776 2.79489 0.33624 27.27496
3.94371 26.36972 2.69305 0.37544 26.65766
3.09601 26.92994 3.33674 0.32788 26.35011
4.18465 24.89589 3.64368 0.39807 26.90331
5.48049 24.69026 3.36508 0.44147 26.0717
5.23343 25.43019 3.30854 0.39895 25.67521
4.59597 26.84486 3.36642 0.35243 24.91047
3.84759 27.51789 3.05708 0.27566 25.37576
3.63097 25.82093 2.85392 0.25263 27.47773
3.79559 28.95735 2.97535 0.33099 24.03442
4.23998 26.70562 3.00268 0.29998 25.8115
4.3318 26.2775 3.3819 0.30065 25.76601
5.1041 28.67855 3.32737 0.47102 22.5124
5.21087 26.77646 3.33151 0.40651 24.35543
3.51857 27.3455 2.45024 0.29413 26.43577
3.45661 27.43377 2.98605 0.29486 25.87294
2.88473 26.81038 3.27027 0.25816 26.81307
3.63463 30.3388 3.54247 0.34923 22.26093
3.3006 26.28248 3.14218 0.20623 27.11339
4.0546 28.01594 3.15289 0.21772 24.64279
4.9256 26.2425 3.22276 0.29516 25.38086
4.6754 27.10593 3.12315 0.2721 24.92038
5.25958 25.68349 3.8044 0.32776 24.99455
4.75322 26.35994 3.89676 0.336 24.72504
4.84244 25.35258 3.71119 0.34086 25.79752
4.908 24.87521 3.29985 0.2814 26.6711
4.66775 26.31032 3.2206 0.28119 25.56849
4.92058 27.26022 3.07159 0.30011 24.51184
4.74326 25.90892 3.9108 0.33889 25.14352
4.06404 27.2517 3.58419 0.26588 24.89089
5.2118 25.95252 3.1558 0.28721 25.43416
4.96091 26.50602 3.35754 0.34296 24.87998
4.06047 26.91867 3.09681 0.27406 25.7013
4.93954 26.64417 3.11932 0.36858 24.96655
4.60657 26.90772 2.89176 0.34344 25.27829
4.88107 27.28158 2.96793 0.38442 24.53903
3.37273 27.98875 2.41771 0.32514 25.92876
3.58045 26.74515 2.85154 0.43188 26.41261
3.37783 26.2317 2.71726 0.42766 27.27328
3.82523 25.9128 3.0851 0.35806 26.84881
3.80584 26.59313 2.80292 0.32001 26.50723
3.60003 28.16042 2.61942 0.38125 25.27609
4.49588 28.19294 3.11584 0.51454 23.74542
3.98595 27.83402 3.04401 0.43883 24.76365
4.28037 25.77453 3.0399 0.36049 26.59149
4.20175 25.58478 3.41111 0.30796 26.54984
4.56014 24.20877 4.00725 0.25882 27.00876
4.67933 24.98687 3.92317 0.21977 26.23389
4.97714 25.24865 3.58698 0.16181 26.05359
5.31921 26.20131 3.18314 0.18736 25.16259
3.92553 25.11109 3.55116 0.12805 27.3161
4.3269 24.02948 3.52915 0.14497 28.01036
3.86097 28.27721 3.05438 0.18917 24.72526
3.6476 26.73729 2.81274 0.154 26.68142
3.79656 29.20178 2.42768 0.21764 24.43967
3.40148 27.5776 3.86103 0.24028 24.97784
3.17574 28.1288 3.13237 0.22099 25.39177
3.75667 26.06244 3.58592 0.19798 26.43147
3.35923 27.89937 3.43271 0.16193 25.21005
4.05182 26.18561 3.56979 0.20882 26.02283
4.5072 25.33621 3.33678 0.17974 26.66998
4.13594 26.15617 3.32941 0.21165 26.20574
4.58003 25.8191 3.92219 0.2534 25.46844
3.97444 26.6688 3.24086 0.235 25.9338
4.55252 27.39316 2.97005 0.27957 24.87676
4.26513 23.27718 2.46501 0.17146 29.82937
4.67684 25.74156 3.35275 0.33632 25.93905
4.6807 25.43133 3.62257 0.30194 25.9997
4.65706 29.01815 3.03479 0.38587 23.01844
4.19969 25.38293 3.25828 0.28721 26.89618
4.03537 27.23797 3.03438 0.2842 25.47483
4.06576 27.32593 2.78707 0.22187 25.66158
3.98233 28.04723 2.88157 0.18049 24.98971
4.51265 28.70268 2.85692 0.20844 23.82978
4.97169 25.92286 2.44767 0.23093 26.47103
4.76798 27.16438 2.56519 0.24285 25.31737
4.98341 27.4282 2.49863 0.30995 24.85661
4.84032 26.09265 2.44494 0.19514 26.45854
4.84972 26.14578 2.95972 0.26011 25.85418
4.69769 26.30467 3.15066 0.23786 25.65924
4.73782 28.13907 2.90645 0.2874 24.00285
4.26596 27.09668 2.64505 0.25001 25.79117
4.18334 26.80715 2.83042 0.23294 26.00119
4.38265 26.25377 2.4412 0.23259 26.71752
4.19306 28.18559 2.81672 0.21805 24.6678
4.23394 26.29821 3.27342 0.20539 26.06656
3.87999 25.37449 3.15162 0.18925 27.43542
3.70614 24.92392 3.49595 0.13985 27.7611
3.94243 26.11941 3.93942 0.16422 25.88816
4.27698 27.57287 3.37944 0.23227 24.61182
3.51547 28.3466 3.49285 0.17324 24.54641
4.48151 27.38428 3.3098 0.24354 24.6401
3.96174 25.4587 3.16837 0.24285 27.19241
4.66338 26.47416 3.59383 0.2988 25.03468
4.29222 26.31288 3.44465 0.24198 25.76532
5.51441 25.71087 3.526 0.28816 25.05206
4.26251 27.16258 3.73435 0.26422 24.68229
4.01459 26.78016 3.79691 0.24331 25.23358
4.21107 28.88664 3.53505 0.26211 23.2197
4.52961 25.69533 3.61023 0.23341 25.99223
4.5173 26.68472 3.25258 0.20576 25.40665
4.47999 27.07331 3.7567 0.2004 24.58758
5.01849 25.4225 3.73933 0.20153 25.67899
4.61034 26.7726 4.00209 0.19327 24.54219
4.54526 26.20877 3.21181 0.18508 25.92687
4.47825 25.82926 2.99607 0.23411 26.53413
4.48796 26.20515 3.12672 0.21175 26.02954
3.66542 27.89533 2.73382 0.27236 25.48233
4.48 27.70497 2.79386 0.24661 24.85407
4.79052 30.46066 2.90503 0.43224 21.63208
4.69908 27.36305 3.11042 0.29531 24.6092
4.94042 26.95117 2.90707 0.23808 25.03715
4.57249 28.06016 3.43603 0.33423 23.69855
3.79687 28.05419 2.69872 0.32398 25.19552
4.34242 26.75424 3.2223 0.33852 25.42129
4.58465 26.02753 3.52639 0.34393 25.59415
4.89123 27.2877 3.27008 0.28359 24.33854
4.39569 26.96869 3.53164 0.31148 24.8735
4.73468 25.9021 3.61196 0.28707 25.57145
4.10598 26.68716 3.52589 0.2562 25.51612
3.65612 27.43957 3.59253 0.19398 25.20933
3.98507 27.05439 3.27694 0.20048 25.53504
3.95898 27.2097 3.42479 0.23402 25.23993
4.36988 27.66856 4.22389 0.24414 23.60158
4.33759 25.50995 3.41423 0.18254 26.59328
5.7543 26.15102 4.46213 0.2575 23.53064
4.10141 26.59936 3.44027 0.24549 25.66979
4.09789 27.39707 2.86016 0.21021 25.48855
3.84064 27.49139 3.11023 0.27164 25.33938
4.67187 25.61298 3.51184 0.28674 25.97005
4.67682 26.94729 3.33012 0.27158 24.86765
4.80093 26.58196 3.0049 0.28038 25.40184
4.38033 28.53583 3.27293 0.33555 23.6254
4.55291 28.61125 3.29446 0.28702 23.35257
4.55066 27.46187 3.68553 0.30627 24.09209
4.37264 27.31151 3.46478 0.35815 24.56834
4.74267 25.21581 3.01532 0.33866 26.71525
4.17161 25.67888 2.42655 0.25425 27.50018
4.54912 26.97421 3.56077 0.4131 24.58421
5.08931 26.33324 3.66916 0.37564 24.60558
4.70344 25.44014 3.66523 0.31637 25.91092
4.87614 25.25858 3.85444 0.25959 25.79342
4.83238 25.05595 3.34791 0.26984 26.53898
4.00763 26.79665 2.89261 0.27334 26.06574
4.13905 25.27533 3.01368 0.27136 27.32416
5.26783 26.68156 3.44582 0.38511 24.30117
6.06086 24.50679 3.45566 0.39629 25.64249
4.58624 25.53123 2.47661 0.21332 27.22378
5.12335 25.80687 2.78005 0.27073 26.06549
5.30775 25.98319 3.185 0.32428 25.26076
5.65694 24.48158 3.94104 0.32195 25.65155
4.87589 27.14042 2.81662 0.30476 24.92728
3.90109 28.43156 2.92994 0.26424 24.55613
3.91299 27.33571 2.84175 0.27056 25.68475
3.88821 26.02718 3.07346 0.2682 26.7875
3.75845 24.64705 2.45205 0.20449 28.95572
3.77559 25.98228 2.87564 0.235 27.15792
3.75978 29.01267 3.08391 0.25795 23.99062
5.03465 26.71239 3.43058 0.23008 24.67399
4.23148 25.6144 3.83046 0.17147 26.19642
4.30949 25.56578 3.61966 0.16829 26.36594
4.68238 26.7871 3.17541 0.26778 25.13796
4.51095 26.24051 3.61763 0.31713 25.37871
3.51444 26.84761 2.53333 0.26391 26.88237
4.00184 27.03666 2.95953 0.28952 25.7625
5.44235 24.35755 3.79383 0.34223 26.10033
5.04724 26.3918 3.51267 0.32127 24.77856
5.73746 25.66906 3.83104 0.32214 24.51308
4.46865 26.9757 2.81951 0.27036 25.51032
4.86397 26.80634 3.16883 0.31593 24.9105
4.16658 25.86511 3.29877 0.31046 26.4007
4.15281 25.25695 3.23822 0.30813 27.07009
4.78998 26.25906 3.92533 0.3534 24.74677
4.51665 26.01806 4.21455 0.4303 24.88441
5.4411 25.55853 3.56869 0.42423 25.08412
5.16726 27.54048 3.78333 0.47382 23.13903
6.03502 26.22377 3.67724 0.53402 23.6841
4.98976 25.6961 3.94374 0.47077 24.99153
5.1097 28.63751 3.66528 0.5401 22.20379
6.31238 27.80913 3.44916 0.54828 22.04111
5.92356 27.38212 3.20832 0.47906 23.15829
5.22528 25.83028 3.60467 0.53441 24.91338
5.55202 28.01364 3.61165 0.55637 22.50518
5.81978 26.79471 3.60142 0.42237 23.48801
5.3718 25.31909 3.53722 0.32423 25.51971
5.41139 26.32156 3.42664 0.30348 24.6046
4.98549 26.76226 3.16597 0.25272 24.91066
4.9317 25.92561 3.24996 0.33136 25.62857
4.23484 28.17431 2.61561 0.34016 24.72374
4.73623 28.91785 2.43785 0.3412 23.71385
3.91876 28.1704 2.09979 0.24651 25.6405
5.03248 29.31356 2.92211 0.43789 22.49034
4.21156 28.97402 2.85307 0.32823 23.74246
4.38887 26.96231 2.88163 0.26449 25.60439
4.23304 29.71904 3.37089 0.27975 22.55181
4.83266 28.40886 3.74363 0.25455 22.93278
4.04686 27.39241 2.76602 0.18253 25.70905
4.64404 27.49862 2.99314 0.19145 24.76476
3.81557 26.51329 3.21901 0.15687 26.36111
5.29304 25.9911 4.19873 0.21442 24.40626
6.53126 27.50336 4.18833 0.27514 21.73545
5.07835 27.92821 3.50456 0.22651 23.3948
4.90547 27.42668 3.27883 0.23901 24.25299
4.85167 25.1401 3.96671 0.18263 25.90882
4.49264 25.84316 3.53214 0.18677 26.02618
3.77646 26.20299 3.63953 0.19609 26.249
3.82035 29.31875 3.16071 0.20898 23.59957
4.32902 26.70146 3.97971 0.24251 24.82992
4.31717 27.91826 3.16288 0.23264 24.46557
4.4021 26.98091 3.13301 0.24588 25.30587
4.62816 26.24813 3.08054 0.20251 25.89552
4.22637 26.13915 3.21855 0.19625 26.25076
3.83055 26.30023 3.10005 0.22798 26.57911
4.11399 25.36748 3.40204 0.2815 26.85499
4.77922 25.83552 4.20359 0.36419 24.88791
4.58172 26.26487 3.17552 0.29356 25.72742
4.78306 26.35259 3.34746 0.32739 25.23642
4.21105 27.41355 2.81847 0.30772 25.2951
3.59659 27.56774 2.74646 0.33664 25.79138
3.46602 28.60891 3.30186 0.36512 24.31798
4.36327 27.4681 3.46515 0.3046 24.46605
4.57874 25.33418 3.42953 0.2668 26.43434
4.6635 26.62476 3.38196 0.29419 25.08913
3.8343 27.41316 3.17837 0.28384 25.35618
4.16993 27.12245 2.62262 0.31001 25.82128
4.29859 26.61369 3.0788 0.33061 25.72285
4.00121 26.80964 3.26527 0.31107 25.65374
4.24153 27.36798 2.84832 0.26516 25.32854
4.27449 27.53938 3.37809 0.32618 24.54566
4.24735 27.04874 3.3419 0.29452 25.1325
4.44554 28.39877 3.17189 0.35002 23.71604
4.04318 25.88507 2.95687 0.2045 26.94155
5.7099 25.80654 3.91851 0.35243 24.28049
4.82802 25.6604 3.14343 0.24868 26.16807
3.91056 26.99461 3.27739 0.31001 25.55216
3.17942 26.11124 2.66923 0.21179 27.85559
4.06362 25.7768 3.46396 0.35291 26.37543
4.23599 26.14767 2.7081 0.3441 26.59203
4.54096 27.13369 3.08047 0.38256 24.89537
5.68896 27.09176 2.95114 0.33046 24.02022
4.2085 26.36497 2.92817 0.24375 26.2941
4.0907 25.57429 2.94568 0.21708 27.20794
4.29073 26.98407 3.08471 0.18435 25.5327
4.69575 25.45038 2.96172 0.16592 26.78192
4.69335 26.68474 3.37022 0.27759 25.04529
3.78153 26.60981 2.84741 0.17439 26.62423
4.01378 28.13536 3.45937 0.2034 24.27677
3.47461 28.40437 3.45321 0.23136 24.50352
3.73746 27.20785 3.19657 0.25132 25.6655
4.63281 27.15576 3.43594 0.22671 24.63615
5.31829 28.46915 2.95944 0.31677 23.08383
5.64759 26.65551 3.68259 0.27582 23.84882
4.44287 25.89045 3.4409 0.2187 26.05863
4.70471 25.23268 3.1697 0.21678 26.71832
4.79524 26.04496 3.74426 0.32684 25.15824
4.45504 25.72251 2.91651 0.30822 26.65326
3.61676 27.24619 3.16731 0.27455 25.73468
4.83316 27.25729 3.28309 0.40158 24.27583
4.64552 24.9111 3.08218 0.37162 27.01735
4.52373 26.40953 3.21402 0.39219 25.52175
5.59881 25.18714 3.82298 0.30964 25.1416
5.03665 27.16313 4.29315 0.40573 23.21969
4.15017 26.20941 3.854 0.33657 25.51223
4.74508 27.60458 3.47109 0.38857 23.8557
4.21947 27.14274 3.33446 0.29032 25.06384
4.00443 27.82186 3.19755 0.23526 24.8161
3.78044 28.49968 2.8296 0.24995 24.69846
3.7522 26.21328 2.89225 0.21737 26.95577
3.56477 26.94388 2.8237 0.24351 26.46595
3.99304 26.74584 3.6428 0.30099 25.37498
3.9334 25.4591 3.43553 0.24886 26.96484
4.90858 25.66855 3.33637 0.27983 25.86312
4.94447 25.41678 3.98944 0.39067 25.32571
4.95354 26.27254 3.90111 0.3861 24.55961
5.11219 25.13533 4.03646 0.32182 25.45431
3.98386 27.75427 3.90735 0.28152 24.18443
4.07321 26.93798 3.76569 0.28753 25.01748
5.09891 27.48886 3.12366 0.29497 24.08056
4.55407 27.70111 3.04409 0.29877 24.50242
4.4583 28.41179 2.67852 0.30537 24.25327
4.43881 28.12631 2.97254 0.34379 24.22995
4.68887 27.13514 3.70006 0.40368 24.19517
5.75908 26.32685 3.5654 0.59039 23.90206
5.07132 25.20844 2.89027 0.41073 26.50584
4.94617 24.83176 3.71564 0.42836 26.15745
4.93759 25.10643 3.86846 0.37215 25.82683
4.8053 26.93682 3.32153 0.41209 24.617
4.51818 27.99861 2.89162 0.39458 24.33535
4.1326 27.19842 3.54458 0.26783 24.95113
4.55429 24.26026 2.90059 0.1961 28.14048
4.43706 27.16713 2.99338 0.24773 25.2435
4.87522 25.03054 2.96992 0.3313 26.86008
5.25543 27.63543 3.72018 0.48802 23.08489
4.86669 26.51505 4.15047 0.45763 24.1554
4.43786 27.8576 3.73674 0.43275 23.69849
4.50167 26.34219 3.52263 0.28709 25.41642
4.86568 27.35481 3.55295 0.32216 24.00532
4.55239 26.37768 2.91974 0.26756 25.9252
5.30478 25.96947 3.1228 0.31925 25.36622
4.8694 25.80548 3.28035 0.30543 25.79444
4.16174 28.86931 2.93928 0.37345 23.75042
4.04012 28.20937 3.42582 0.43162 23.94979
4.90534 27.35121 3.06442 0.36993 24.37508
5.48544 25.91359 3.36697 0.38353 24.92291
5.04391 27.69088 3.44422 0.40837 23.56594
5.75357 26.02719 3.27645 0.3751 24.65523
4.65608 26.99773 3.4063 0.39084 24.62224
4.15038 29.08812 2.70398 0.38077 23.81066
4.69308 27.92129 3.19547 0.32136 23.98527
3.70461 26.99477 2.6657 0.23832 26.43483
4.03249 28.24663 2.65785 0.24547 24.90213
4.26518 25.33474 3.49915 0.24669 26.70767
4.79307 24.46557 3.5255 0.24113 27.01278
4.80571 26.67469 3.0835 0.29448 25.23846
4.54779 27.04878 2.89425 0.24405 25.38034
4.09494 26.35146 2.61188 0.17368 26.8117
3.92214 27.08642 2.98428 0.22733 25.87583
4.00092 27.00302 3.75712 0.24933 25.14957
4.27413 26.10999 4.19463 0.2207 25.30294
4.27846 27.72396 3.68031 0.21599 24.19469
4.28037 26.72748 3.94453 0.19394 24.94057
4.41852 26.97567 3.62242 0.19874 24.92075
4.87562 25.01764 3.76588 0.16627 26.26702
5.39251 26.23511 3.25447 0.20051 25.0701
5.25228 26.42209 4.24186 0.26705 24.03901
5.52023 26.6021 3.14589 0.28063 24.60156
5.25261 25.55014 4.0784 0.35997 24.92788
4.89166 25.95103 3.91411 0.24674 25.13306
4.82502 25.25366 3.04985 0.19568 26.74929
4.31941 27.43928 2.89908 0.20963 25.2464
3.94484 26.58494 2.92853 0.17208 26.42982
4.03941 25.44021 2.86969 0.17725 27.53356
4.01129 26.74311 3.08162 0.151 26.09487
3.84102 26.11102 3.48327 0.19309 26.46217
4.21261 27.01793 3.81629 0.25451 24.86533
3.60556 27.09538 4.26696 0.22613 24.91934
4.32585 27.77415 3.51571 0.26046 24.28232
3.90374 24.99389 3.75236 0.16398 27.25363
4.67102 25.34627 3.92051 0.20023 25.96013
3.96844 27.33544 3.59424 0.24332 24.99618
3.66412 28.33153 3.54707 0.2693 24.29569
3.85501 28.10039 2.96841 0.25403 24.93188
3.63026 27.7638 3.63939 0.19428 24.93306
4.07438 26.27413 3.66365 0.15479 25.94524
3.12174 26.4861 2.63707 0.15499 27.66141
3.97258 27.78285 2.97159 0.24867 25.20189
3.75396 27.33128 3.02002 0.22938 25.75834
4.56221 26.86248 3.18028 0.3039 25.24973
3.92218 26.96159 3.27381 0.26843 25.6528
3.37628 27.22145 2.8668 0.17933 26.4081
3.9647 27.2223 3.21443 0.20817 25.46149
3.96056 26.45523 2.83148 0.16421 26.63503
3.91135 26.4251 2.96688 0.15942 26.57613
3.98277 25.46513 2.73414 0.14852 27.69517
4.09053 25.61823 2.92026 0.14088 27.25246
4.5195 25.00212 3.0909 0.1263 27.29159
4.77782 26.33085 3.16869 0.19286 25.59062
5.02724 26.02581 3.38554 0.27413 25.34955
4.24985 25.88439 3.41873 0.20022 26.31238
4.61599 25.72454 3.11247 0.24207 26.41202
3.76944 28.20132 2.35339 0.18337 25.55778
4.48271 26.42239 3.03821 0.24377 25.88264
4.97086 26.5726 3.75087 0.38348 24.44574
4.14982 29.8396 2.79006 0.34965 23.05919
4.4473 28.6951 3.70528 0.42616 22.87645
4.6546 28.42326 3.12031 0.42203 23.52235
5.03505 26.00565 3.71335 0.42676 24.9238
4.64845 26.77703 3.89383 0.41266 24.42431
4.56087 25.50918 3.15915 0.2196 26.61488
4.07966 27.66257 3.19268 0.2504 24.88998
3.9834 27.72624 3.02447 0.25008 25.09931
4.01792 26.6554 3.43326 0.23185 25.71595
3.87542 26.92436 3.45214 0.21436 25.58392
3.84389 28.1906 3.01022 0.26674 24.75784
4.28442 26.74521 3.22602 0.2514 25.56614
4.24386 27.31176 3.75101 0.25657 24.54671
4.75835 27.18567 3.73551 0.23477 24.2126
4.37522 26.70283 3.1664 0.16559 25.65933
4.9467 27.8287 3.10526 0.16616 24.07248
5.28211 24.57043 4.22085 0.155 25.82425
4.49501 26.18698 3.48726 0.17069 25.71972
4.98858 25.01609 4.37174 0.30029 25.38171
4.66608 27.74192 4.23368 0.37072 23.13444
4.60785 27.14932 3.26299 0.30843 24.75799
4.93918 25.93043 3.47066 0.30473 25.41902
5.5428 24.00378 3.75474 0.29287 26.45528
4.48405 25.64984 3.38202 0.26814 26.26763
5.18913 25.36871 3.54771 0.35372 25.61058
5.1949 26.78342 3.5204 0.33448 24.25839
4.94798 27.95465 3.16035 0.39393 23.64759
5.11855 25.58629 2.68081 0.31137 26.35537
4.87713 23.67004 3.44027 0.27345 27.76
4.28747 26.29104 4.39237 0.25095 24.8538
5.1167 27.04778 3.68479 0.31724 23.94805
5.75409 25.72379 3.36225 0.38304 24.84541
4.79792 26.73498 3.2892 0.38513 24.85787
5.1751 24.37055 3.68818 0.35072 26.46056
3.7407 26.05455 3.36127 0.31408 26.57033
4.0665 25.49565 3.29415 0.31794 26.85904
3.82993 26.23454 3.00449 0.29543 26.66854
4.57605 26.91636 3.02527 0.28722 25.251
3.73409 27.74384 3.25766 0.33369 24.98033
4.58809 26.56284 3.30057 0.36772 25.21728
3.87379 26.91631 2.61805 0.31529 26.30153
3.65256 27.16555 2.45955 0.23091 26.52339
5.07213 26.0378 3.13469 0.34037 25.46661
4.56442 26.8019 3.10385 0.2927 25.29681
3.98352 25.37592 2.6094 0.24797 27.81014
4.39933 25.78682 2.70564 0.2999 26.84426
4.09107 27.39105 2.96752 0.40119 25.20011
4.68357 25.76649 3.08416 0.37375 26.14282
3.8523 25.75331 3.28482 0.33737 26.8052
4.3217 26.15929 2.87281 0.29757 26.38381
4.51768 24.86928 3.84099 0.26876 26.55624
4.34973 27.52514 3.15691 0.28517 24.76227
3.96356 25.90996 3.24087 0.25216 26.66788
3.46124 28.02491 3.71945 0.3507 24.49707
4.58074 27.90812 3.5917 0.48374 23.50576
4.09701 26.04084 3.19452 0.41027 26.28831
3.84697 26.93986 2.9175 0.37522 25.95176
4.35834 26.04327 2.87824 0.3104 26.44068
4.27835 25.81013 3.72632 0.28767 25.94321
5.00216 25.06608 3.40765 0.36151 26.18674
3.84513 28.30348 3.44881 0.33387 24.12269
3.85404 26.94201 3.0192 0.29008 25.94709
3.3718 27.92138 3.2347 0.29266 25.21858
3.74993 28.52539 3.94151 0.37243 23.51717
4.49532 26.91874 4.05538 0.30179 24.3026
4.62732 26.67408 3.19575 0.21667 25.33477
3.81981 25.31131 2.65607 0.14616 28.08809
4.25504 26.29307 2.85726 0.21642 26.4035
6.054 25.90077 2.62347 0.26945 25.20812
5.06935 26.71573 2.81301 0.29342 25.15665
5.25239 25.9428 3.26888 0.2253 25.35042
4.75047 26.99674 2.91891 0.24486 25.14783
4.3409 24.98357 3.60916 0.20358 26.88902
4.6529 26.76889 2.87302 0.20354 25.55747
4.47482 28.0373 3.28763 0.28382 24.0028
4.47984 27.19192 3.09632 0.23797 25.05953
4.36213 28.82519 2.85089 0.35808 23.70554
3.98945 27.72089 3.09153 0.31055 24.96719
4.42868 24.37062 2.92973 0.26873 28.02147
4.06467 26.81089 3.27656 0.23566 25.66368
4.10377 26.91359 3.68701 0.22174 25.15261
4.68632 26.21154 3.64182 0.19005 25.32438
4.78904 26.51371 3.59164 0.17382 24.99976
4.61789 28.0184 3.72052 0.25857 23.50596
4.78749 25.2963 3.10791 0.19864 26.64596
5.3161 25.91058 3.80579 0.31259 24.69938
4.91096 25.24084 3.57554 0.27088 26.04843
5.02023 24.6988 3.40298 0.23487 26.66894
4.23615 25.5205 3.48574 0.23974 26.56742
4.37589 25.14259 3.70458 0.20363 26.59716
4.4781 25.25545 4.32078 0.27366 25.70833
4.77968 26.64706 4.08914 0.31046 24.23816
4.46212 25.69804 4.17653 0.30808 25.39108
5.3351 25.50148 3.73518 0.33292 25.14617
4.99923 25.90266 3.41553 0.32105 25.41189
4.23527 26.31058 3.50404 0.33142 25.67156
5.21839 26.09259 3.41164 0.3478 25.00369
4.54096 25.66989 3.2405 0.28871 26.30609
4.74817 25.44157 3.27343 0.2871 26.30047
4.55763 25.69974 4.00269 0.31697 25.50183
5.42396 25.04736 3.2306 0.26968 26.08996
4.38856 25.03924 3.63872 0.26954 26.70438
4.709 24.5892 3.61646 0.22984 26.89679
4.5547 26.14768 3.10985 0.35761 25.87345
4.07741 27.63164 3.10236 0.40112 24.83048
4.34381 28.90245 3.1988 0.42338 23.22975
3.95266 28.10884 3.3944 0.45801 24.1401
3.71261 25.98514 2.877 0.36714 27.07902
3.57974 26.15135 2.86437 0.34332 27.08285
4.71457 26.67194 3.19163 0.39575 25.07925
4.49771 26.70436 3.32367 0.33226 25.20746
4.08258 27.51287 3.09843 0.31507 25.06607
4.07966 27.45647 2.93828 0.37001 25.22216
4.80709 25.62941 3.631 0.32354 25.67404
5.00636 26.90138 3.23624 0.4635 24.47059
4.97806 26.50262 2.98047 0.37259 25.25422
4.1494 25.43494 3.2071 0.23527 27.02684
3.61931 27.14806 2.70772 0.25989 26.3157
4.14364 26.78199 3.39589 0.30429 25.44714
5.08393 27.76073 2.93182 0.44097 23.8642
4.65895 26.25701 3.90057 0.41687 24.82426
5.99808 25.27592 4.18414 0.49555 24.13574
5.9068 26.03439 3.85018 0.48259 23.81792
3.94411 27.461 2.98426 0.32698 25.32297
4.21725 25.50015 3.44928 0.29988 26.57628
4.1502 28.09384 2.88782 0.40322 24.53881
4.3506 27.27389 2.88693 0.44461 25.09479
4.02514 28.46848 2.84754 0.48389 24.26965
5.52472 25.82564 3.85934 0.57122 24.31537
4.61107 25.92714 2.97695 0.48296 26.04387
4.3052 24.17479 3.5665 0.42315 27.5575
4.80357 24.4878 3.79878 0.40329 26.56659
4.50037 24.58681 3.77573 0.43077 26.74474
4.55915 24.99331 3.82302 0.35951 26.32299
5.35242 25.93904 3.67117 0.3754 24.76636
4.7237 25.79056 3.83172 0.30881 25.4289
5.49153 25.28492 3.66841 0.27046 25.34263
5.20746 26.56818 3.78305 0.27714 24.2312
3.64824 26.72635 2.65524 0.16759 26.83336
4.17552 26.63116 2.78026 0.18271 26.27938
4.50845 27.82219 2.94004 0.30355 24.51906
4.06858 27.62963 2.95295 0.2965 25.14903
4.33277 27.19253 3.09165 0.28919 25.19951
4.51219 25.12545 3.58653 0.28169 26.56401
3.63784 26.21572 3.20664 0.22306 26.76079
4.95892 26.22474 3.75417 0.2831 24.85255
4.45102 26.56193 3.43491 0.29238 25.35175
4.69491 26.88611 3.64963 0.3258 24.54508
4.19691 28.42519 3.57343 0.40852 23.55679
5.09812 28.76295 3.77939 0.45326 22.12781
5.10288 26.51671 3.70074 0.42022 24.35182
5.14863 25.07612 4.57146 0.4842 24.80347
4.22614 25.76863 3.41329 0.39412 26.25373
4.73494 25.57166 3.7943 0.45009 25.49195
4.15319 25.12016 3.30526 0.40183 27.04398
4.45938 26.22457 3.07518 0.44276 25.82487
3.66247 26.26927 2.64015 0.40503 27.03842
3.68092 28.0676 2.83904 0.45579 24.99121
3.84084 25.9927 3.30782 0.35674 26.52571
3.87987 25.54709 3.10183 0.36607 27.14131
4.5737 25.59903 3.15671 0.35651 26.35743
4.89313 26.15817 2.6459 0.37044 25.9864
4.89309 26.42432 2.75613 0.36537 25.62172
3.99743 25.20484 2.447 0.26377 28.11221
4.51441 27.27334 3.0303 0.35116 24.90512
4.07174 27.34511 2.95307 0.30674 25.39306
4.30857 26.92565 3.07156 0.28827 25.47465
4.26955 26.67733 3.67998 0.2907 25.13587
4.19226 27.09518 3.1597 0.3582 25.27947
4.37892 25.8076 3.1278 0.32175 26.42072
4.22079 29.01549 2.64318 0.31028 23.92513
4.12112 26.26658 2.52875 0.22873 26.88861
4.6194 27.2946 2.69271 0.2987 25.14586
5.18198 26.50188 3.10134 0.28347 24.98533
5.09102 25.37016 3.62459 0.26402 25.71595
4.46454 24.84871 2.76557 0.22932 27.72934
4.59657 25.64663 3.57455 0.34299 25.89644
4.45607 26.31412 2.68654 0.26924 26.3028
4.21254 25.86023 3.65374 0.26141 26.04855
4.97772 25.20474 3.38194 0.29979 26.17844
4.33232 26.96729 3.35011 0.36206 25.04499
3.94023 26.52595 3.26431 0.4133 25.91116
5.17005 27.40252 3.70556 0.46666 23.34089
4.66288 28.2518 3.73074 0.53156 22.93827
4.32982 27.04568 3.04914 0.36809 25.26806
4.03497 27.07746 3.162 0.35316 25.41921
4.2554 27.40437 3.28665 0.38513 24.73188
3.77484 25.81225 3.11761 0.2722 27.05931
4.63107 25.66473 3.33489 0.35323 26.06244
4.94275 27.58859 2.72069 0.35265 24.48817
4.64556 27.65907 2.9498 0.27278 24.53346
3.87457 27.66379 2.21924 0.23988 26.04409
4.18108 27.92358 2.63412 0.25445 25.06444
4.34412 24.83551 3.20932 0.26421 27.37178
4.41123 26.50918 2.84426 0.37186 25.8875
4.32718 27.23325 2.85133 0.45435 25.17794
4.7531 27.90559 3.2891 0.48101 23.63227
4.57142 25.60257 3.34495 0.29437 26.21466
3.53931 26.56231 2.96234 0.31607 26.64364
4.29318 27.23095 3.3394 0.35799 24.84572
4.00599 25.26507 3.502 0.30906 26.95204
4.53155 24.95397 3.47903 0.37337 26.6872
3.86017 26.95904 3.29203 0.36138 25.58056
4.2218 27.70065 3.14168 0.39999 24.60804
4.20207 27.45599 2.75516 0.40841 25.2255
3.76728 25.66565 3.23797 0.28625 27.08312
3.8902 26.34489 3.56913 0.32728 25.93285
4.22755 26.30391 3.46517 0.3569 25.69331
3.97906 26.66124 3.80817 0.30552 25.29435
4.68849 27.73421 3.23978 0.35757 24.03255
4.18747 26.95961 3.09139 0.32032 25.48186
4.2292 26.12684 3.03908 0.25982 26.39143
4.99762 26.70061 2.68324 0.34158 25.33115
5.26312 25.81809 3.12023 0.37415 25.48917
4.73033 28.19138 2.4043 0.35818 24.44148
4.0248 27.35997 2.91045 0.3263 25.47909
4.27227 26.93041 3.27632 0.29289 25.32418
3.38585 29.46196 3.66959 0.33858 23.28389
3.22735 27.41416 3.0011 0.3053 26.10898
4.32087 26.34848 3.77184 0.37487 25.2665
4.56244 26.6399 3.45979 0.30233 25.11992
3.94342 26.7369 3.05738 0.24558 26.07064
3.1086 27.26283 3.28485 0.15466 26.23365
3.96381 27.25918 3.18779 0.18637 25.47499
3.74863 26.5105 2.59309 0.17157 27.01629
4.0074 26.35544 2.88416 0.18585 26.61485
3.82667 28.54808 2.77266 0.195 24.73951
4.68137 26.26565 3.24162 0.21172 25.64293
4.27219 27.15321 2.84662 0.18893 25.58589
4.03997 27.10947 3.26586 0.22035 25.40385
4.58286 26.05706 3.17614 0.29569 25.91947
4.85837 26.20933 2.99934 0.31685 25.6671
4.91866 26.47164 3.06547 0.32614 25.30869
4.27556 27.34129 2.65184 0.33882 25.46748
4.23992 28.01956 3.19672 0.38569 24.28451
4.51524 26.84727 3.01423 0.31402 25.40556
4.1498 27.0768 3.44487 0.35216 25.14084
4.35761 25.44103 3.51732 0.414 26.44491
4.12577 27.12922 3.47486 0.38081 25.02864
4.1664 25.8837 3.30856 0.27866 26.43145
5.03919 25.71334 3.29498 0.42773 25.67499
4.72505 25.70395 3.26843 0.47519 26.05715
4.72786 26.25984 3.30493 0.32386 25.52619
4.7762 25.721 3.46272 0.34996 25.7997
4.89781 24.96512 3.59188 0.29664 26.35788
4.35567 28.70434 3.07343 0.36174 23.71899
4.92958 26.14916 2.82063 0.34509 25.91144
5.26776 26.08894 3.62482 0.32168 24.92882
5.70577 25.91763 3.76476 0.3762 24.384
5.57205 26.01786 3.48445 0.37391 24.70278
5.58706 26.30708 3.84322 0.38629 23.99022
5.87675 25.7117 3.2186 0.35068 24.9183
5.30088 26.37995 3.17976 0.2594 24.96624
5.757 26.23765 3.20647 0.23824 24.66042
4.86398 25.73761 3.77417 0.21214 25.48455
5.85841 26.06703 4.01853 0.36842 23.86495
5.24692 26.23022 3.5436 0.34159 24.81616
5.02639 25.80905 3.78433 0.28943 25.20679
4.55654 27.62434 3.40369 0.26689 24.27095
4.74418 24.81775 3.41436 0.24585 26.84383
4.09154 26.26987 2.96051 0.21756 26.51865
4.17426 26.22696 3.05733 0.28972 26.30166
4.73362 27.00387 2.97123 0.33252 25.03695
4.69921 26.98949 3.5643 0.37074 24.4626
5.11419 27.25903 2.91356 0.41302 24.39332
5.44238 27.4234 3.36471 0.35361 23.55945
4.91318 25.90918 3.31769 0.24345 25.68607
4.67576 26.01319 2.679 0.28446 26.44175
5.39717 26.13957 2.81325 0.35343 25.42493
4.48325 25.60864 2.97757 0.2978 26.72497
3.86717 25.41909 2.83582 0.23319 27.70033
4.29093 25.32336 3.03125 0.26517 27.14833
3.73426 27.04481 2.89181 0.30364 26.07351
4.81079 26.87852 3.22132 0.3232 24.82807
5.01121 26.27849 4.10248 0.36294 24.32211
4.92795 25.24431 3.27963 0.33038 26.25655
