"V1" "V2" "V3" "V4" "V5"
9.52257 14.01844 10.59815 0.66191 25.22757
8.70668 15.99895 11.41128 0.52986 23.42879
8.65252 16.76878 11.50104 0.48775 22.67271
7.86468 16.44465 12.37029 0.48878 22.9215
8.52838 17.59276 11.01412 0.48367 22.48458
8.95404 16.72195 12.15622 0.4786 21.87235
8.94408 16.40072 11.02523 0.46355 23.27654
9.17407 16.59228 11.49234 0.47654 22.39015
8.65682 16.84653 10.97115 0.54978 23.06443
8.96081 16.95884 11.92942 0.60737 21.65781
9.95141 15.92335 11.73443 0.63566 21.84559
9.09516 16.19958 11.31379 0.56637 22.91112
10.08769 16.70778 10.18875 0.46919 22.64977
8.81199 15.73777 11.42338 0.3155 23.75748
8.59316 15.88926 11.58071 0.3633 23.64031
8.83065 16.8477 11.71012 0.37527 22.34648
8.9433 17.69197 10.43564 0.49741 22.54456
8.18888 15.35841 14.38209 0.57835 21.62533
8.21592 15.75758 13.75319 0.50688 21.93283
8.80055 15.84328 12.80097 0.55019 22.13574
8.64811 16.07411 13.06614 0.49475 21.88251
7.52388 16.81444 11.41229 0.43978 23.86825
9.61061 16.10009 11.69278 0.48223 22.20648
9.00262 16.59129 12.12126 0.41149 22.01485
9.19696 16.65502 12.88185 0.49657 20.95411
9.29689 18.69432 10.36174 0.41482 21.38894
8.86344 16.93834 13.76605 0.45314 20.36307
8.94533 16.12152 13.72035 0.47593 21.19205
8.08647 15.54274 13.88413 0.43549 22.2698
9.61179 16.42096 14.29807 0.69163 19.45308
9.83256 14.89106 14.61665 0.55582 20.44171
9.25059 16.96691 12.81872 0.66685 20.57101
8.82908 17.74991 11.08229 0.53991 21.96984
8.88361 17.35368 11.69646 0.51523 21.69955
9.0295 15.06174 13.55711 0.48412 22.02039
8.42159 17.48752 12.67921 0.60488 21.03176
9.31187 16.55148 12.88351 0.59696 20.84602
8.39077 17.19179 14.12213 0.57859 19.95848
9.28914 16.6856 13.25489 0.59274 20.44352
8.8079 16.76073 12.18152 0.54953 21.82845
8.77367 16.00212 12.86344 0.55054 21.92136
9.01863 16.30361 13.29548 0.57378 20.99108
8.81036 16.61894 12.61789 0.54462 21.5437
8.43717 16.36908 12.14403 0.56353 22.57597
9.4709 15.46835 11.70853 0.72559 22.70663
9.18241 16.16674 11.79982 0.68799 22.26475
9.01967 16.97718 12.00459 0.67735 21.51273
9.41573 16.07266 13.22223 0.5079 20.9712
8.62888 14.52994 15.77538 0.49006 20.80013
8.36481 16.435 12.54405 0.53667 22.25124
7.69021 17.62421 11.41874 0.5495 22.82383
9.02024 16.14452 10.09678 0.49447 24.297
8.91826 17.17337 11.02305 0.54346 22.43306
9.07212 16.65727 9.25138 0.507 24.54974
7.96247 15.96986 10.93936 0.49082 24.67438
9.21727 15.43396 14.34637 0.56521 20.69198
10.84312 16.30541 11.59023 0.52035 20.97217
9.6441 16.82572 12.27649 0.4746 21.02309
8.70005 17.30234 13.74053 0.53733 20.15567
10.56421 14.87035 13.32882 0.66222 20.79677
11.07014 15.55317 11.41742 0.62772 21.44682
10.38746 15.78455 10.82252 0.56665 22.52618
8.24557 17.73137 9.57563 0.63038 23.88864
9.14636 16.42576 9.80498 0.5927 24.08841
9.13849 17.1931 9.58317 0.69806 23.45131
9.42557 15.7837 9.88763 0.74137 24.23077
8.75119 16.79896 9.5642 0.75045 24.19847
8.93287 16.49391 10.28238 0.67564 23.67013
9.88868 15.21331 10.26659 0.59691 24.08697
9.66338 16.53314 9.42475 0.58447 23.86164
10.9957 15.7358 10.10758 0.70518 22.52024
8.73078 16.24047 11.26971 0.69473 23.13795
9.1729 15.24467 11.16141 0.58931 23.89229
8.44882 14.6524 12.19442 0.52238 24.22939
7.89451 15.59335 11.7537 0.45161 24.34009
7.4287 16.09654 11.43025 0.55113 24.56527
8.43307 16.80132 11.23893 0.53222 23.0718
9.05668 15.70351 11.70964 0.60724 23.00677
8.65129 16.54575 10.64657 0.73225 23.48255
9.21594 16.94005 10.42166 0.75408 22.73151
10.15124 14.7058 11.31634 0.75178 23.13337
9.1162 15.77079 12.01673 0.73191 22.43221
8.81635 15.55601 12.57892 0.77465 22.35114
8.50146 15.42917 11.76783 0.65367 23.69174
8.46393 15.46809 10.87911 0.45462 24.77971
9.60436 17.07142 11.07303 0.50565 21.85111
9.81326 17.11225 11.54431 0.5378 21.13731
9.45293 17.31354 9.61529 0.44057 23.24106
11.41471 16.33858 10.37529 0.55752 21.42824
10.66033 13.57888 13.1551 0.51078 22.21033
9.40416 14.36385 12.4525 0.40243 23.445
10.43605 14.10496 12.00402 0.48415 23.05858
9.35787 15.95133 12.97212 0.55411 21.3509
9.36854 17.82033 10.28244 0.52964 22.09151
8.7108 17.47861 11.28849 0.53374 22.08567
9.16158 17.08403 10.81969 0.46557 22.54412
9.5085 17.43805 10.57649 0.61339 21.95624
8.26723 17.57456 12.17889 0.48308 21.6073
8.66414 18.27366 10.76033 0.52707 21.87928
8.40797 16.59909 10.90322 0.40064 23.73001
8.98516 16.43714 9.5851 0.2775 24.74148
10.54476 15.51532 10.73108 0.47484 22.78576
9.39955 15.45353 10.45811 0.47101 24.24165
9.89304 15.81741 9.53673 0.40458 24.38336
10.25007 15.19407 10.20373 0.42398 23.97688
9.22452 16.21251 10.15266 0.49906 23.95907
8.48135 17.25283 11.23112 0.60245 22.53269
10.42377 16.38136 10.70168 0.67095 21.91214
9.42149 14.76941 11.74094 0.62932 23.4973
8.75258 14.96685 10.88948 0.67176 24.76244
8.42562 16.97392 10.96505 0.71284 22.9949
7.78126 16.22933 12.27053 0.60689 23.17703
8.76965 15.75591 13.16077 0.57691 21.8455
9.7786 15.85453 11.12115 0.56834 22.77075
10.0325 18.07155 8.97541 0.43127 22.61914
8.21782 18.66788 9.18661 0.4162 23.5889
8.37518 18.22557 10.19211 0.62474 22.69986
7.95307 19.97948 10.10637 0.59276 21.49205
9.49863 17.91275 10.91548 0.72722 21.09197
9.33001 18.21378 10.15849 0.71704 21.74125
8.59582 17.82085 12.39816 0.86226 20.48787
9.0486 17.98266 11.4774 0.95798 20.66497
9.52338 17.13209 11.23543 0.9966 21.20425
8.97374 17.87215 11.45313 1.12057 20.7218
9.2054 16.14983 11.04105 0.99442 22.71028
8.34509 17.14273 10.86522 0.94464 22.79733
9.61279 15.75741 10.34134 0.79459 23.53828
9.3395 15.83818 10.24883 0.68969 23.9464
9.56405 14.62879 11.20131 0.63465 24.03248
9.87753 15.98584 11.05179 0.78728 22.39539
10.47186 15.64797 11.74851 0.87754 21.3867
10.07746 16.92269 10.17256 0.85936 22.06803
9.26112 16.05386 9.85649 0.65297 24.24188
8.92917 15.80339 10.61204 0.80046 23.94776
9.04273 15.83109 12.022 0.84249 22.40769
9.75412 16.11535 12.11904 0.81377 21.37649
9.7008 16.56515 11.21382 0.64774 22.04272
9.44581 16.76763 11.91428 0.64535 21.48974
8.62821 17.25539 11.33783 0.58851 22.39227
8.53594 17.34503 11.96591 0.78567 21.58371
9.27088 16.4964 12.07953 0.75921 21.64915
9.97243 17.16667 10.54297 0.60123 21.88898
10.14965 16.16127 11.08284 0.74991 21.97471
10.78233 15.74096 10.58265 0.86053 22.12594
9.70132 16.3148 10.77449 0.71015 22.59363
8.97572 15.83913 11.36194 0.63168 23.26202
8.9703 15.41564 13.02351 0.67485 22.01418
9.52632 15.74192 13.80683 0.72654 20.35506
9.55696 15.09556 12.72545 0.63749 22.11207
9.45639 15.25783 13.35845 0.7249 21.33566
8.80828 16.84103 12.52911 0.69684 21.25167
9.3965 15.53286 12.79735 0.67647 21.69857
9.01917 16.04336 12.88088 0.66733 21.5373
10.91534 15.97026 11.57341 0.68885 20.99114
9.5925 18.07391 10.44237 0.77138 21.19962
8.35396 16.74788 11.69647 0.76122 22.51007
9.36003 16.79246 9.44256 0.56441 23.88264
9.96529 15.62218 10.7177 0.62259 23.13564
9.88957 15.97874 11.90483 0.66852 21.65063
7.6511 16.92499 12.37309 0.61121 22.51591
8.26906 17.70633 11.54665 0.5774 22.02221
8.39923 17.1555 10.54024 0.59611 23.36118
7.90131 18.40079 9.85396 0.5737 23.32646
8.15852 17.52978 11.12042 0.57863 22.69109
8.05926 17.3892 10.38921 0.60551 23.60438
8.08649 15.9448 12.61126 0.63683 22.78813
8.99769 16.18822 10.75842 0.53391 23.57139
9.9424 15.32649 10.05459 0.54032 24.18664
10.34917 16.15152 10.91481 0.46445 22.22355
8.10456 17.85481 11.10676 0.53365 22.46648
8.98609 16.99782 11.03813 0.39427 22.68099
8.19139 16.56886 9.91833 0.36829 24.9861
7.95078 16.4538 10.17567 0.3868 25.07488
7.91103 16.69999 10.24928 0.46419 24.70884
8.95442 16.7059 9.96338 0.50656 23.90545
10.23821 16.19325 10.24166 0.49792 22.92086
9.36864 15.65852 10.91981 0.59106 23.51922
10.05261 16.06484 11.83812 0.5164 21.65673
9.73939 16.60023 11.05103 0.47891 22.29834
8.56729 17.72311 10.82012 0.47581 22.57437
9.69838 16.29776 10.77538 0.47973 22.85249
8.99612 17.07562 10.47812 0.3875 23.15393
9.47691 17.38268 10.95249 0.47411 21.82034
9.38367 15.26168 12.91992 0.53007 21.97687
10.51335 14.98824 11.8473 0.58594 22.15093
9.17888 17.11249 12.32796 0.60253 20.9584
8.49026 16.81969 10.96527 0.59033 23.19661
7.90266 17.80045 11.493 0.49898 22.38432
9.16847 17.12325 10.43335 0.51284 22.85286
8.87148 16.42286 11.50807 0.57039 22.73248
7.88457 17.43472 10.86897 0.5489 23.32088
8.96505 15.86278 12.60614 0.65208 22.0062
9.10629 15.01668 13.67479 0.61376 21.73984
9.78075 15.85421 11.04188 0.61129 22.77831
8.58454 15.28958 12.2549 0.67892 23.23509
9.94035 15.75053 12.09824 0.84871 21.47894
8.60135 17.11593 10.2246 0.68507 23.428
9.88986 16.8527 9.47378 0.58914 23.2725
8.38972 16.55695 10.44503 0.53438 24.1286
8.21572 16.89407 9.03266 0.43032 25.46177
7.56652 17.94003 9.66942 0.56583 24.317
8.36869 18.35072 9.58025 0.62169 23.16182
8.91814 17.70266 9.97639 0.62252 22.86661
8.19108 17.19988 11.16425 0.62988 22.8741
8.71925 17.84019 11.09783 0.50473 21.95026
8.22987 18.27342 11.71253 0.44509 21.481
8.40421 19.63427 9.72529 0.39235 21.94941
8.2384 18.55498 10.08575 0.56685 22.63719
8.80438 19.54201 10.73153 0.62453 20.48529
8.83627 17.18455 11.13317 0.57046 22.37564
9.57565 17.13864 11.54564 0.66343 21.2614
8.59994 16.9916 13.68229 0.57263 20.43051
9.18484 14.75944 14.10458 0.55106 21.57888
9.85867 14.72909 11.18517 0.64654 23.64193
9.78733 17.01182 12.93901 0.68694 19.83684
9.63442 15.73355 12.87922 0.812 21.09571
8.11393 16.58782 13.06038 0.61024 21.78374
9.48571 15.70582 11.89696 0.50612 22.58376
7.48275 14.65449 14.30756 0.61353 23.06229
9.37872 14.866 12.61161 0.57021 22.6849
9.693 16.79598 12.5501 0.69044 20.66924
9.23717 15.87924 13.44119 0.62221 21.09015
9.08337 16.06666 11.86585 0.57336 22.55781
9.01783 17.33046 12.22423 0.66012 20.9339
7.76267 17.23368 11.98413 0.57383 22.56127
8.41147 16.47145 11.89402 0.59042 22.72845
8.34758 16.44071 11.75137 0.58481 22.96856
9.4178 17.05481 10.2265 0.50713 22.89805
10.11309 16.61933 11.21435 0.58332 21.63652
9.74044 15.5044 10.65572 0.73548 23.44566
9.71217 16.11091 10.99656 0.5579 22.70315
9.1613 14.76367 11.79748 0.62212 23.71083
8.31107 16.36768 12.04832 0.73737 22.67857
8.65469 15.84531 11.69434 0.65511 23.23726
9.17211 15.03965 11.29082 0.71919 23.85331
9.22156 15.36634 12.32158 0.91728 22.34954
8.51757 16.49701 12.2272 0.75035 22.20658
7.48054 15.9595 12.67678 0.58371 23.40316
8.59328 18.32266 10.53795 0.5438 22.14093
8.78869 17.81606 11.60339 0.54851 21.40941
7.71729 18.58061 12.00867 0.51625 21.38045
8.90297 17.44785 11.24335 0.4855 22.0667
9.13377 16.73846 10.88484 0.37443 22.9749
8.16797 18.91155 11.06975 0.38015 21.6351
7.62583 16.72196 10.60829 0.29202 24.80023
9.98391 16.31553 11.10837 0.39261 22.31592
10.25047 14.24009 13.84072 0.4015 21.41654
8.86762 16.41876 13.52361 0.40204 21.0084
8.45631 14.08947 15.45526 0.3571 21.78734
10.37458 15.32307 13.09531 0.41615 21.02676
8.90415 17.59978 11.4127 0.36031 21.89675
8.10567 17.29566 13.32947 0.41413 21.05971
9.19534 17.23529 12.53435 0.48776 20.82343
9.17712 16.99174 12.8009 0.46997 20.81448
10.34288 17.24843 11.96093 0.48353 20.20499
9.50457 16.2638 11.00769 0.48827 22.87015
9.24765 15.78161 11.80325 0.55845 22.77849
9.6686 13.50512 12.14506 0.58577 24.21676
9.98774 14.99588 12.34081 0.62795 22.29599
9.19573 16.27739 13.27568 0.81196 20.81675
9.17985 16.95254 10.66322 0.57323 22.7839
9.58258 16.39156 9.93843 0.48656 23.68837
8.83679 16.4132 10.57031 0.5368 23.71547
9.16717 16.85189 10.48803 0.68396 22.94625
9.33538 16.33626 12.1723 0.62493 21.69304
9.87789 16.19811 10.96706 0.59024 22.48715
9.72638 17.78047 10.51262 0.69395 21.45224
9.43533 15.34256 11.95694 0.55545 22.7982
8.73064 15.67715 11.08969 0.5275 24.00579
8.93887 15.61193 13.23396 0.55862 21.74898
9.78988 14.6381 13.76677 0.62976 21.35138
9.37329 15.63435 12.65782 0.60436 21.8861
8.70292 14.76437 14.72032 0.64118 21.37439
9.05157 16.81471 11.54045 0.71901 21.98959
8.87334 15.57401 13.44876 0.91813 21.45975
8.58577 15.58817 13.06081 0.78902 22.14662
9.4849 16.91435 11.88076 0.68018 21.34434
9.29453 18.60504 12.09377 0.91319 19.7066
8.35205 18.61541 12.97706 0.80995 19.76458
8.88679 17.29029 12.12325 0.68195 21.3507
9.04944 16.52624 12.67182 0.81068 21.31222
8.67857 16.12664 13.01367 0.5664 22.02537
8.17911 18.04047 13.14677 0.58343 20.47268
9.71406 16.12705 11.39509 0.5721 22.35569
8.51541 15.11596 12.53585 0.59014 23.3381
8.22757 16.15614 12.43928 0.41618 22.85698
7.50645 17.41299 11.71653 0.56301 22.8698
8.78235 16.33316 10.16098 0.51044 24.25309
9.65654 14.99394 10.73703 0.49404 24.16214
10.30099 15.30635 12.03804 0.73501 21.76564
9.28863 15.79533 11.70073 0.72582 22.62658
8.73869 17.03598 12.31587 0.61539 21.47163
8.71478 15.97388 11.29909 0.55894 23.57006
10.46717 16.09681 12.37911 0.79317 20.52293
10.06167 16.05761 11.87774 0.65205 21.48221
8.36918 16.42932 12.33209 0.70119 22.25413
9.41222 15.84164 12.8906 0.66314 21.33361
10.12311 15.32599 12.07427 0.66825 21.92373
8.96965 16.72916 11.15235 0.66364 22.57439
10.40487 15.67941 11.84758 0.82331 21.36811
10.11965 16.6751 9.92356 0.85959 22.50242
10.44027 16.98302 9.8395 0.82002 21.98121
10.32373 16.06729 11.22487 0.60957 21.84336
9.76408 16.94364 9.15636 0.50033 23.67598
7.93944 16.23208 10.90529 0.47599 24.47944
8.49797 15.54347 10.56968 0.4585 24.96478
7.66034 16.51906 12.38156 0.47408 23.08167
9.06801 15.21476 11.46653 0.40859 23.89555
8.11839 16.11205 12.78759 0.50995 22.55932
9.96314 15.52913 12.51188 0.4847 21.63286
10.04176 14.8344 13.43849 0.64578 21.25504
8.75448 15.3927 14.29061 0.60325 21.09986
8.95026 15.64074 12.7129 0.58946 22.19277
10.03761 16.05408 11.57954 0.67611 21.76285
8.32331 17.49925 10.89424 0.54741 22.82775
10.23316 16.24102 11.37832 0.56993 21.72935
8.69935 15.84906 11.88159 0.45587 23.17133
8.37537 14.35027 12.56211 0.41179 24.36172
8.68704 16.14088 12.04951 0.4426 22.7728
8.36793 15.09255 12.65462 0.54471 23.38979
8.6681 16.31176 12.87331 0.63866 21.61782
10.5752 14.70401 11.40355 0.59305 22.81848
11.21806 15.69256 9.52069 0.3767 23.28509
9.54722 15.39417 11.49086 0.43507 23.23219
8.53992 15.69126 11.82041 0.42386 23.60465
9.44936 16.5577 12.14014 0.45723 21.59109
9.72498 15.74839 11.79003 0.483 22.40514
8.82669 15.53189 13.48942 0.54156 21.81805
9.2157 15.84669 11.9052 0.58511 22.63488
9.78314 15.37788 12.58803 0.5658 21.98172
9.79141 15.53186 11.68159 0.51719 22.61969
8.88463 16.78652 11.08883 0.37706 22.94047
10.30872 14.6727 12.41407 0.52961 22.21765
11.35286 14.40386 10.20247 0.37863 23.77053
9.38526 16.38022 12.24118 0.56344 21.61629
10.493 16.95986 11.1855 0.54914 21.04863
9.54586 17.53171 12.4735 0.72864 19.96063
11.18134 15.79624 11.43942 0.61464 21.20359
9.99861 16.92354 11.95257 0.78852 20.70256
10.20162 16.59233 11.55124 0.80581 21.17811
10.66928 16.18158 10.4996 0.77185 22.06382
8.77811 17.36906 11.20524 0.6268 22.19284
10.1442 17.10244 10.5821 0.58498 21.76996
8.13527 15.23815 11.33074 0.41323 24.96389
9.43424 16.24948 10.5614 0.49363 23.37014
9.38363 16.09708 10.41465 0.50067 23.7124
10.77365 14.73723 11.27726 0.7853 22.58052
10.39672 16.15618 11.18671 0.67815 21.71343
9.64289 15.15468 11.71997 0.66428 22.94349
9.05 14.83842 12.98226 0.72626 22.60947
9.18024 14.4715 12.93476 0.55515 23.09124
8.91284 14.99832 13.39727 0.56158 22.3629
9.30162 15.7685 13.04689 0.43901 21.59246
8.80735 15.46437 12.75917 0.45672 22.58723
8.93057 15.7393 12.53456 0.5247 22.34572
8.89139 14.53478 12.4469 0.51827 23.65902
8.5005 15.06556 11.47134 0.47599 24.51926
8.7202 15.92117 12.93672 0.52394 21.99068
9.50842 14.51304 12.27154 0.49107 23.2986
8.60921 17.3677 10.03176 0.57351 23.48537
8.16604 16.41501 10.2287 0.58492 24.64413
8.79067 15.47996 10.4549 0.60335 24.70528
8.13394 16.83868 9.98107 0.64047 24.44923
6.11241 16.73817 11.96912 0.57134 24.65125
8.21636 15.29248 12.16777 0.73422 23.6365
11.13861 14.95588 11.13341 0.81948 22.06974
9.69229 15.06487 11.45049 0.64123 23.20951
9.4286 16.27915 11.92013 0.64648 21.83468
8.47893 17.05745 11.50302 0.5395 22.53231
7.8393 16.29335 11.09956 0.52955 24.28481
8.38275 18.83537 11.22893 0.68188 21.00747
9.74435 17.26326 10.71189 0.6032 21.78235
9.00604 15.73752 12.38693 0.49219 22.55691
10.08089 16.76837 11.87565 0.56523 20.91016
10.07648 15.85159 11.80059 0.63978 21.76851
8.67343 18.21302 9.76526 0.55989 22.87098
8.19674 17.67516 10.94682 0.58161 22.69578
7.28664 16.90947 11.69652 0.51641 23.69436
8.55439 17.82296 12.25083 0.56414 20.9927
7.70524 16.41136 11.9348 0.43712 23.63257
9.35212 17.81068 11.49845 0.4915 21.04579
9.78632 16.12881 11.34539 0.61369 22.25007
9.62229 16.90105 11.10016 0.54355 22.00297
9.89496 15.14492 12.34367 0.58892 22.15134
8.93698 15.01561 13.32168 0.53772 22.30739
9.00942 14.91525 12.09276 0.52076 23.54588
9.09672 14.4979 11.43869 0.46767 24.55629
8.80615 15.82775 11.42527 0.47889 23.55802
9.99053 16.45863 10.46581 0.48791 22.69063
9.92994 14.7739 12.59895 0.58399 22.23105
8.32367 16.70188 12.59663 0.41392 22.07846
10.29946 15.7114 11.05557 0.49115 22.52064
10.16946 15.83376 11.27354 0.5328 22.27193
8.86572 16.42192 11.41567 0.43909 22.95116
10.02119 15.5933 11.21473 0.54841 22.69005
8.81911 16.16005 11.35823 0.55454 23.16965
9.35046 16.7127 10.43413 0.62222 22.94679
7.64727 18.27061 9.56101 0.54717 24.0285
7.91582 16.38391 10.80791 0.65315 24.28014
7.60955 17.39722 10.51074 0.67086 23.88047
8.68265 15.68417 11.58053 0.63095 23.49815
8.53733 16.18699 10.20873 0.55535 24.54602
8.52152 17.06417 9.50256 0.56215 24.38269
9.14873 17.19181 11.97084 0.73904 21.07299
8.20983 17.5968 11.55367 0.6463 22.09185
9.34644 16.23463 11.436 0.62551 22.49501
9.05513 14.98068 11.87507 0.54663 23.6445
9.05446 14.9523 12.2753 0.48028 23.35711
9.16737 14.74904 12.43861 0.39401 23.3602
9.68821 14.42553 11.72939 0.26053 23.94901
10.39442 15.21322 10.89905 0.27956 23.27952
8.38317 15.44064 12.86582 0.23114 23.18075
9.38286 14.89264 13.63663 0.29902 22.00833
8.70384 16.91617 11.77371 0.31503 22.40452
8.37542 16.70747 11.10435 0.2764 23.61363
9.04164 17.96003 10.2487 0.39667 22.44937
7.04353 16.13552 13.29388 0.34826 23.25058
7.01481 18.18797 11.30359 0.35018 23.22449
8.40679 15.46582 12.91692 0.40223 22.92466
7.5177 16.35025 12.97864 0.31993 22.9514
8.49525 15.88009 11.86938 0.42553 23.40674
9.24119 15.46343 11.08533 0.3544 23.91473
8.62268 16.41792 11.63494 0.42331 22.98568
9.90458 15.59737 12.51631 0.58285 21.54388
9.37531 16.46695 11.34722 0.5135 22.43071
9.9072 16.36652 10.86626 0.52378 22.44325
10.06472 14.75783 9.19674 0.4179 25.59112
9.14309 15.46991 11.56835 0.60761 23.27406
8.91027 14.71036 12.42583 0.56918 23.43567
9.00866 18.22722 10.57491 0.68052 21.59809
8.68567 16.49378 10.79468 0.59541 23.47211
8.83872 17.68503 10.83313 0.65419 22.09195
9.03724 17.05057 11.00433 0.53035 22.46721
8.72375 17.79463 10.86243 0.3994 22.32798
9.02869 18.02966 10.49388 0.41325 22.1313
10.48827 15.60066 9.01125 0.46566 24.47102
9.50527 16.71281 10.4275 0.45527 22.96209
9.92091 17.23921 10.11715 0.52306 22.27683
9.46956 15.69421 9.97304 0.35703 24.54219
9.4568 15.8174 11.10652 0.47322 23.21617
9.57431 15.30202 11.26657 0.44464 23.50605
9.54273 16.80551 10.5995 0.53784 22.56809
8.73444 16.71528 10.74026 0.51256 23.35449
9.24141 16.40978 11.754 0.56773 22.14082
9.95896 16.63564 10.10662 0.51473 22.85586
9.30427 17.33907 10.63441 0.43364 22.39282
9.0539 16.17604 11.76926 0.41623 22.68996
8.28004 16.31696 11.56895 0.38503 23.51363
8.08959 15.26241 12.52839 0.31039 23.87653
8.91094 15.71524 14.07375 0.37815 21.09603
9.29624 15.93467 12.90125 0.53305 21.47325
7.77495 17.0685 11.98974 0.36542 22.86594
9.49937 16.37559 11.25483 0.48711 22.46542
8.65091 16.16837 11.18739 0.56217 23.4925
9.55119 15.98618 12.45299 0.59927 21.52962
9.00156 16.30194 12.40068 0.4733 21.94751
10.73903 15.44372 12.42155 0.52291 21.06226
9.07387 16.2066 12.42898 0.50713 21.96724
8.76482 16.10997 12.65207 0.50619 22.10658
8.49697 16.99546 11.73976 0.48403 22.38778
8.73903 15.73995 12.29432 0.55073 22.78958
9.3667 16.20824 10.97577 0.47331 23.06995
9.16053 15.68577 12.79974 0.45654 22.0446
10.02524 14.61071 12.47381 0.44101 22.56919
9.70414 15.91553 14.10773 0.44589 20.17358
10.25707 16.78845 11.65701 0.49112 21.08001
9.76805 16.30178 11.35628 0.53463 22.25556
9.2233 15.74229 11.47743 0.43036 23.22722
8.49687 17.7234 10.7193 0.60338 22.57261
9.87335 17.24645 10.67702 0.55787 21.80929
9.56009 18.22252 10.91086 0.77577 20.69021
9.71255 17.03234 10.73798 0.60216 22.01581
10.45776 16.60103 10.85895 0.55347 21.68198
9.50101 17.05752 11.90528 0.67755 21.00516
8.72618 17.85074 10.45159 0.77956 22.28609
9.0011 16.11145 11.71891 0.77099 22.49069
8.87566 14.89265 13.03418 0.80509 22.50407
9.85192 15.76661 11.32358 0.62833 22.50962
9.04124 16.41461 12.34297 0.6984 21.64574
10.61514 15.59743 11.40918 0.66023 21.92739
9.08946 16.29644 12.44305 0.57391 21.81374
7.67134 16.47685 12.70866 0.37303 22.89517
8.43266 16.34827 12.06141 0.39191 22.85178
8.51371 16.99145 11.90446 0.43813 22.26179
8.04043 16.577 14.32085 0.4446 20.81325
8.42892 15.49433 12.49991 0.39342 23.27637
10.4597 15.23649 14.45979 0.5361 19.66307
8.10944 16.74108 11.79781 0.5381 22.89944
9.32486 17.25205 10.5476 0.49589 22.482
8.98712 16.87891 11.52272 0.60629 22.10133
9.73051 14.94938 12.27539 0.66129 22.48326
9.70955 15.49649 12.16184 0.56198 22.22745
9.72937 15.96938 10.78928 0.56361 23.05587
9.14034 16.82571 11.41418 0.6048 22.15414
8.48838 17.05285 11.14152 0.53119 22.86264
8.27683 16.66859 12.44724 0.56774 22.18689
8.7193 16.19652 11.9822 0.6569 22.53126
9.66457 14.82412 10.77695 0.66842 24.1104
9.33902 16.41536 9.427 0.5479 24.34156
9.27404 15.5634 12.11567 0.75386 22.40679
10.12749 15.96803 12.48235 0.68724 20.94452
9.57193 15.40682 11.61844 0.47696 23.0082
9.1929 15.60981 12.84938 0.45843 22.00151
9.27779 16.10113 12.0106 0.54141 22.16973
8.37277 17.2852 10.67087 0.4875 23.23542
8.78508 16.18035 10.6339 0.49936 23.94216
10.48973 16.97102 11.47066 0.70525 20.54051
11.49151 15.57768 11.05991 0.77506 21.23387
10.541 15.89595 9.39731 0.4737 23.77793
10.66706 14.5451 9.91037 0.48132 24.44059
10.18115 14.77074 11.21015 0.51049 23.38092
9.85681 13.57582 13.54547 0.54292 22.56431
10.45562 15.97142 10.65966 0.54786 22.44118
9.26792 18.04231 10.96369 0.4769 21.41181
8.96626 17.61359 10.85421 0.55622 22.12198
9.33887 16.79695 11.44221 0.62589 21.94168
9.01591 16.73742 9.9214 0.5169 23.88681
8.8008 16.63312 10.99507 0.51385 23.15304
8.56306 18.12514 11.79616 0.50118 21.20733
9.92878 15.77639 12.33477 0.40726 21.68519
9.20747 14.95639 13.43092 0.32158 22.21247
8.6861 14.78908 12.95977 0.30119 23.32872
9.02935 15.76659 12.37422 0.50348 22.39632
8.87051 15.42394 12.95679 0.56542 22.28697
8.5338 17.00055 11.02028 0.61772 22.91083
8.97019 16.85368 11.36223 0.67885 22.23401
10.32642 13.87147 12.6645 0.68638 22.52608
9.64228 16.29601 11.96579 0.62122 21.59787
10.5074 14.97315 12.597 0.58127 21.47891
9.81415 16.77326 9.63933 0.54493 23.28708
9.12916 15.99628 11.31356 0.57698 23.0563
8.81696 15.77246 10.61003 0.62448 24.22125
8.24229 15.80358 11.07625 0.58064 24.33563
8.62711 16.0319 12.82636 0.62918 21.99801
8.38164 15.61635 13.60011 0.73522 21.81217
10.33614 15.02596 11.47845 0.71239 22.56015
9.30101 16.26656 12.96441 0.78674 20.84563
10.4708 15.74491 13.30549 0.90612 19.89633
9.02878 15.26206 14.87322 0.8104 20.27614
9.66861 17.45697 13.34804 0.91758 18.92019
10.9218 16.09281 11.99589 0.79121 20.39573
11.11848 16.27796 10.68665 0.66049 21.43095
9.60884 15.08307 11.85679 0.77788 22.7746
9.74891 15.83888 11.44508 0.7207 22.39005
10.60212 14.94431 11.83099 0.57031 22.21773
9.5832 14.58063 12.39972 0.52496 23.05885
10.33156 14.64159 12.03342 0.508 22.61523
10.58063 15.96137 11.39193 0.44873 21.80099
9.81439 15.80648 11.61824 0.57695 22.32587
8.92142 17.91629 10.32735 0.53941 22.4243
9.75481 18.114 9.34106 0.57545 22.38904
9.11759 18.38591 8.84217 0.47721 23.30466
9.98687 17.12037 10.80445 0.64873 21.64041
9.01186 17.95811 10.49236 0.49935 22.17673
9.96248 16.36289 10.28101 0.46433 23.09419
9.33261 18.32004 11.44439 0.47091 20.70325
10.00553 16.21245 12.97952 0.42417 20.68396
9.50485 17.22727 10.64344 0.34833 22.47994
10.16009 16.78461 10.92243 0.34775 21.99843
8.4363 16.60576 11.59253 0.27845 23.2119
9.57676 14.33557 13.58481 0.3184 22.32586
11.21047 15.18185 13.62613 0.3754 19.89415
9.72286 16.18843 12.5695 0.34898 21.33668
10.0262 16.55529 11.55721 0.406 21.6154
10.1669 15.06205 12.22319 0.36767 22.30438
9.5399 16.71843 12.0291 0.37199 21.52217
8.9614 16.44939 12.1139 0.37454 22.27321
8.70034 18.62598 10.59753 0.33446 21.87244
9.01065 16.06176 12.72997 0.42393 21.90174
9.30859 17.89017 10.43765 0.38693 22.11224
9.06393 16.15195 11.34993 0.4316 23.11457
8.95571 15.36149 11.88607 0.41839 23.46786
8.50744 15.07295 11.70069 0.35868 24.3998
7.83729 16.42226 11.58412 0.43156 23.78269
8.23274 15.89063 12.3181 0.52587 23.09858
8.49068 15.70851 13.56537 0.56547 21.82884
9.33097 16.92511 11.53892 0.56003 21.75142
10.02392 16.28667 10.91666 0.59112 22.28608
8.93564 17.49231 9.98956 0.48215 23.17092
8.41675 17.37211 9.84665 0.50223 23.91658
7.94374 17.57017 11.29758 0.5248 22.73379
9.25826 16.36928 11.40759 0.54002 22.51169
10.03653 15.12287 12.13054 0.58322 22.23742
10.45352 15.5144 11.53084 0.55112 22.05462
8.67389 17.04965 11.21844 0.56552 22.60347
9.0722 16.41947 10.12647 0.63164 23.80761
9.32378 16.09385 10.92792 0.70265 23.02237
8.68568 15.79223 11.55515 0.65738 23.36205
9.56366 16.47637 10.67861 0.61565 22.74378
9.16782 16.84538 11.66657 0.69355 21.72222
9.28633 16.90977 11.3667 0.66399 21.89741
9.18299 18.38281 11.49192 0.73012 20.35091
8.63402 16.73838 10.69939 0.46927 23.51701
10.77806 14.64671 12.81687 0.65688 21.23302
10.71386 15.62919 11.43074 0.54104 21.80515
8.85586 16.25363 11.54518 0.57082 22.8464
8.28863 17.07105 10.4982 0.49755 23.71288
9.76484 15.81614 11.42443 0.67378 22.40989
10.08979 16.37455 9.79072 0.62163 23.17449
9.81856 16.56262 10.37273 0.59656 22.7059
12.28696 15.5328 10.04243 0.54642 21.71208
9.05419 16.04868 12.00608 0.40342 22.60344
9.22172 16.21337 11.16112 0.39401 23.11779
9.92355 16.78577 11.94023 0.35672 21.21591
10.08443 15.51871 10.83294 0.25926 23.39958
9.17019 16.17852 11.74778 0.38795 22.63136
8.22306 16.95622 11.11859 0.2842 23.48847
8.82721 16.43935 11.50559 0.32581 23.00451
7.94202 17.2948 11.1878 0.38399 23.27365
8.42575 17.25302 10.9899 0.42121 23.0101
9.93041 16.02094 11.31366 0.42851 22.41311
10.39544 17.14752 10.2655 0.55345 21.76836
11.5199 15.09002 12.0623 0.55481 20.96374
9.31161 15.37731 12.09611 0.51691 22.79502
9.64748 15.4973 11.60027 0.48676 22.87591
9.95842 15.457 13.09121 0.67307 20.98987
9.81904 16.07684 11.26684 0.69418 22.28472
8.03147 17.08809 12.19541 0.54539 22.25223
9.64807 15.61385 11.80552 0.64486 22.34842
8.7804 15.01301 11.87277 0.63421 23.7568
9.43673 15.5989 11.60181 0.63163 22.82862
10.65396 14.2003 12.68992 0.56039 22.05711
9.21138 16.00431 14.8293 0.71686 19.58753
8.60184 15.65261 13.7955 0.70337 21.43731
9.32774 16.63918 12.20889 0.67599 21.27776
8.48904 16.27332 11.59059 0.43405 23.28609
8.6398 17.02922 11.67298 0.37224 22.39777
8.29477 18.33931 11.52864 0.39528 21.58041
8.38083 16.36163 10.91646 0.37445 24.0225
8.13711 17.23375 10.82576 0.43439 23.44212
8.3341 16.17975 12.60301 0.61871 22.36785
7.89714 15.29073 13.121 0.52012 23.24052
9.58191 15.0363 11.79564 0.4894 23.18006
9.53067 14.3343 12.93896 0.69177 22.63045
10.36849 15.48952 12.6595 0.69242 20.99442
10.47297 14.93364 12.75119 0.5289 21.53013
8.79205 17.36868 13.2385 0.43692 20.50073
8.48123 16.58311 13.30617 0.47916 21.37676
10.00746 16.55817 11.83457 0.46099 21.32358
9.09528 16.6055 11.17609 0.47482 22.82304
9.64455 17.56048 10.29891 0.50646 22.16883
8.88002 17.22112 10.90038 0.58586 22.56064
9.27356 16.52608 13.37013 0.68152 20.48207
11.10571 15.45455 12.21922 1.0413 20.4663
10.08809 15.26083 11.2999 0.7405 22.80186
9.6106 15.51617 13.26778 0.76203 21.20507
9.75154 15.06465 14.24539 0.64015 20.83337
9.90261 16.28752 12.22694 0.61627 21.31405
9.42474 17.10561 11.57402 0.59196 21.52467
8.77158 16.15769 13.04788 0.41567 21.87758
10.21291 14.45034 11.26846 0.38936 23.86033
9.76885 16.12797 12.32808 0.4967 21.49491
10.66139 14.97201 11.09523 0.56523 22.88666
10.45627 16.02052 13.28633 0.71328 19.86041
9.20854 15.75314 14.43069 0.73701 20.30361
8.75508 16.94223 13.10632 0.64376 20.86428
8.83783 16.01491 12.80601 0.47108 22.08882
9.11599 16.55794 11.95329 0.43206 22.06572
9.14178 16.84349 10.84296 0.40368 22.84586
11.10513 16.41357 10.93898 0.54333 21.21252
9.61369 15.56294 11.54096 0.45852 22.92376
8.95257 17.84109 11.62214 0.55553 21.19189
8.7437 17.29721 11.76958 0.63289 21.6903
10.26509 16.35001 11.18808 0.58148 21.74208
10.32532 14.85335 11.88686 0.58873 22.45182
10.19542 16.28271 12.05666 0.61133 21.05415
11.65365 15.71486 11.45932 0.65123 20.77551
9.16306 16.28023 12.13609 0.62533 21.96799
9.13104 19.09803 10.23839 0.54338 21.26296
9.80299 17.86326 11.90524 0.55805 20.2183
8.67854 17.0359 10.80135 0.40717 23.17261
8.67468 19.10332 10.38441 0.43488 21.59935
9.05169 16.02161 12.46942 0.47556 22.17366
9.38862 14.71867 12.65544 0.3849 22.98765
10.07335 16.06898 11.50079 0.49256 22.05776
9.90224 16.92485 11.20645 0.44977 21.74993
9.31975 16.21472 10.65553 0.36932 23.55732
8.64304 16.75116 10.94651 0.38585 23.44397
7.90964 16.35246 12.8475 0.44159 22.72519
8.49557 15.61028 14.01152 0.39706 21.78246
8.86022 17.02928 11.98912 0.3628 21.95056
8.29232 16.24973 12.7397 0.3407 22.53846
8.92284 17.19988 12.48528 0.36016 21.31615
10.07489 15.73504 14.23303 0.36718 20.07985
11.27531 16.87663 12.34641 0.45822 19.63919
9.93449 16.59242 15.80744 0.54255 18.05137
10.64355 16.83917 11.49076 0.54863 20.83418
9.20205 15.65495 14.10019 0.60183 20.78964
9.85232 16.14102 13.16074 0.49455 20.68255
9.74288 16.61002 11.25801 0.44559 22.16375
9.313 18.28737 11.00103 0.47971 21.24113
8.45766 17.40423 10.50891 0.37542 23.39975
8.82442 16.4627 11.18958 0.38679 23.32784
8.77096 17.28362 11.2202 0.27576 22.60142
8.17764 17.04142 12.87538 0.46621 21.70353
8.92729 16.62282 13.32978 0.53718 20.97357
7.58112 16.62624 13.79773 0.48426 21.78817
9.31502 17.13518 11.65987 0.57545 21.62182
8.51252 15.21895 12.8672 0.42257 23.20042
8.60278 15.24587 13.52077 0.43317 22.44051
8.58107 16.22029 13.20276 0.61263 21.71474
8.31677 17.15265 12.13387 0.61187 21.96333
8.84602 17.79513 10.5525 0.62195 22.39696
8.30704 17.77538 11.92499 0.47448 21.84436
9.21769 16.41084 11.99651 0.3707 22.29655
7.88562 17.83156 10.34503 0.4321 23.68272
9.10407 17.62627 11.3498 0.64294 21.68437
8.44874 17.37372 11.88966 0.58003 21.93967
10.17498 16.2639 12.61365 0.79915 20.58192
8.5202 16.58816 12.42282 0.66357 22.01084
8.27947 17.0446 11.43621 0.44395 22.91221
8.98197 17.18883 11.52668 0.46218 21.98554
8.59787 17.15234 10.24273 0.35206 23.73095
8.39915 16.55094 10.89615 0.32611 23.88334
9.08071 15.58072 9.97801 0.33089 25.07495
8.70759 15.92669 10.45069 0.3389 24.61373
9.78431 15.76628 10.81402 0.31457 23.40448
9.07588 15.6914 11.07841 0.35256 23.88047
9.55998 15.46992 11.18933 0.47135 23.38294
8.93044 16.00404 12.48871 0.41336 22.32671
10.14744 16.08151 11.65381 0.55446 21.84465
9.07682 18.35419 9.88764 0.46282 22.38295
10.02801 16.14695 10.96555 0.61261 22.41282
10.42876 15.57418 12.89058 0.94948 20.42834
9.89701 18.85771 10.52253 0.80973 20.19591
9.21169 16.88117 12.38448 0.79691 20.88164
9.05795 17.64426 10.91929 0.82352 21.71424
9.90758 15.19943 12.52937 0.84598 21.7185
9.29537 16.6223 13.04571 0.90941 20.50289
9.612 15.54651 11.47015 0.50018 23.02757
9.15259 16.99434 12.29974 0.59727 21.15535
9.18786 17.16295 11.43157 0.57295 21.82334
8.54199 16.2995 12.21339 0.46276 22.58542
8.35781 16.00064 12.48484 0.44703 22.80424
8.0912 17.38761 11.95236 0.59297 22.08705
9.10034 16.88816 11.8042 0.57422 21.8067
9.28693 16.51623 13.01871 0.60395 20.87352
10.1809 15.78342 12.3996 0.48678 21.42153
8.70672 15.80269 11.3029 0.35543 23.91819
9.86316 16.48809 10.8509 0.37059 22.56029
10.22214 14.19274 12.93912 0.37271 22.41862
9.58372 15.71235 12.80713 0.44413 21.63046
9.51598 13.90536 13.79396 0.62041 22.30434
9.16055 15.98397 13.34638 0.71333 21.07972
9.28158 16.66119 11.58244 0.66095 21.99864
9.43044 15.18356 11.99225 0.58131 22.95414
10.1562 14.15848 12.41278 0.56979 22.87005
8.77953 15.64954 11.85231 0.48577 23.37285
8.94114 15.6536 11.56778 0.55396 23.39622
9.39583 15.82721 11.95261 0.57058 22.40661
9.70377 17.05749 10.65696 0.66227 22.06595
10.35531 15.71641 9.62163 0.59601 23.78493
9.6142 14.36721 11.35164 0.54403 24.18599
8.25596 15.58778 14.62157 0.44243 21.29674
10.16586 15.66086 12.95853 0.57247 20.9007
11.35531 14.45603 11.18598 0.628 22.48964
10.54846 16.31261 10.31524 0.61212 22.31029
10.64632 14.57029 11.7228 0.60041 22.58374
8.67453 16.76159 11.66681 0.5938 22.42541
8.86821 16.02103 11.59691 0.5387 23.08772
9.01827 16.55299 11.19332 0.52199 22.8225
10.17081 16.22116 11.08107 0.46799 22.19307
7.9784 17.62433 12.31992 0.508 21.68705
8.53239 14.91517 11.81342 0.47293 24.29628
8.61527 16.02439 10.58721 0.53577 24.27841
8.33707 17.15473 9.5696 0.40297 24.57971
9.56972 15.79751 10.86195 0.50922 23.33125
9.32029 15.92664 10.92803 0.48936 23.39693
9.0404 16.29805 9.65872 0.48507 24.5618
9.49266 15.6626 9.71559 0.50643 24.66396
8.70862 16.65115 10.61299 0.64615 23.44698
9.65248 15.09944 11.21785 0.65561 23.43699
8.56795 16.09107 11.23915 0.63405 23.54235
8.63904 15.96243 10.62896 0.5017 24.31559
9.53228 14.84935 12.85019 0.53895 22.4018
9.73793 16.59728 11.03492 0.58571 22.18152
8.94208 16.22259 11.59486 0.54022 22.82662
7.46301 17.07409 13.89381 0.62994 21.12749
9.27461 16.40356 12.62682 0.78263 21.09094
8.60645 15.79314 11.36793 0.68504 23.62209
8.63449 16.40083 10.71836 0.66277 23.66216
9.30875 15.67115 10.01036 0.53616 24.51903
9.05359 15.38577 12.83824 0.51275 22.33884
10.24461 14.62506 10.81037 0.55294 23.81288
8.31224 17.13935 11.58743 0.48206 22.55719
9.00889 16.13811 11.07143 0.50126 23.36061
8.1384 17.35794 11.78509 0.52056 22.29586
8.23826 17.73172 13.23278 0.6091 20.40467
8.81193 15.75816 13.48907 0.46548 21.62386
9.68051 16.4194 11.46682 0.41364 22.11977
9.09954 16.44592 9.95201 0.32084 24.23838
8.95915 16.20472 10.32736 0.36564 24.19043
12.05442 15.86703 9.69357 0.49304 22.01221
10.65249 16.47083 10.03675 0.49906 22.44433
10.32994 15.32056 11.65114 0.37881 22.42015
9.80551 16.52042 11.32096 0.42773 22.06296
8.89281 14.24978 12.52392 0.36437 24.033
9.61624 16.54925 10.83609 0.39189 22.70553
9.10043 15.88801 11.86397 0.47786 22.7855
9.37418 16.79187 11.38634 0.44468 22.159
8.848 17.71094 10.36829 0.53422 22.61933
8.93627 16.63868 11.25684 0.5749 22.7007
9.57981 14.64644 10.47638 0.5607 24.78941
8.38234 15.94918 11.56539 0.42253 23.74567
8.93111 15.46024 12.95627 0.37718 22.46858
9.28746 15.3064 12.82252 0.3539 22.36574
9.61331 14.89888 12.53442 0.3163 22.72788
9.0893 16.28864 12.99781 0.43278 21.32459
9.81584 14.98154 11.59656 0.39478 23.30612
9.8851 15.0738 11.78507 0.48181 22.83495
10.11145 15.46582 10.9366 0.44476 23.11343
9.99285 15.26554 11.36739 0.4328 22.99462
8.68384 16.11789 12.36408 0.41569 22.52421
8.29206 15.70488 11.94302 0.30405 23.80702
7.99925 14.20365 13.80469 0.40143 23.65025
9.25398 14.60156 13.14482 0.46418 22.61598
9.10251 14.4687 13.20596 0.42849 22.87968
9.82255 14.90652 12.45052 0.49101 22.41575
9.80838 14.67099 11.77118 0.444 23.38624
8.93483 14.97378 12.11404 0.52234 23.52517
9.58358 14.84851 11.93921 0.4957 23.21823
9.7062 14.97141 11.23069 0.45812 23.72391
10.49916 15.06331 10.36421 0.51447 23.65199
9.47925 14.79016 12.74872 0.46604 22.63451
10.39591 15.23948 11.35846 0.43157 22.68668
8.59491 14.61376 12.99807 0.3775 23.52465
9.37093 14.48843 12.97556 0.37892 22.88862
8.74975 15.86363 11.51439 0.55445 23.38454
8.1423 16.13359 11.52726 0.58258 23.6542
8.40269 17.59935 11.24002 0.57787 22.27272
7.61726 17.40037 11.44906 0.57897 23.00187
7.65304 16.03133 10.21034 0.49447 25.62789
8.17649 16.57606 9.91202 0.5412 24.82731
9.8383 15.98263 10.34369 0.53354 23.35819
9.30768 16.25681 10.05941 0.4718 23.96505
8.31951 17.42424 10.30074 0.44553 23.6038
8.38923 17.05879 10.88383 0.50457 23.2429
8.70075 15.08092 11.76082 0.42756 24.14493
9.58576 15.51903 11.05166 0.54894 23.36972
10.11076 15.96102 10.6632 0.46712 22.9205
9.42872 16.17387 10.5476 0.33483 23.62249
8.48215 18.18805 9.78539 0.37439 23.25301
8.10671 16.68941 11.19943 0.42257 23.64997
9.86583 17.15468 10.14361 0.58225 22.33244
8.84768 15.80464 12.12595 0.60198 22.69842
10.97956 14.0227 12.90779 0.66297 21.59301
10.27473 15.23448 13.66182 0.7235 20.32017
8.51547 17.68723 11.64984 0.52191 21.79937
8.70168 14.69127 13.00942 0.55146 23.18663
9.12214 17.76695 10.60111 0.68394 21.98155
8.99642 16.60626 11.68555 0.66861 22.17905
8.88973 17.85425 11.59211 0.7622 21.10754
10.40537 14.70182 13.22944 0.82169 21.07531
9.73732 15.6914 10.53777 0.70005 23.41302
8.43451 14.38002 12.63289 0.62718 24.01367
9.43838 15.11834 11.86394 0.62019 23.08834
8.54027 15.03167 13.09907 0.57821 22.88359
8.78251 15.40529 12.68308 0.49217 22.78417
10.0586 15.54832 12.58652 0.55896 21.49904
8.74597 15.96638 13.20875 0.45244 21.84041
10.24698 14.92982 12.11718 0.42414 22.44177
10.01764 15.29977 12.25495 0.3983 22.17188
8.83767 17.40017 10.04385 0.29858 23.52023
9.41969 16.15763 10.68088 0.30134 23.52779
9.46229 16.53418 11.59096 0.5158 22.0792
8.77428 17.59745 11.11508 0.54211 22.16696
9.08411 17.08767 11.41997 0.55719 22.06914
8.88093 15.4092 13.01418 0.48383 22.41547
7.83982 17.04392 12.14611 0.41394 22.69696
9.48885 15.62351 12.64072 0.46342 21.94053
9.06107 15.53786 11.71688 0.4576 23.31818
9.41016 15.46342 11.72309 0.51073 23.03823
8.85639 16.93737 12.82496 0.62831 21.06909
10.07525 16.3752 12.64417 0.61096 20.58505
9.56474 15.5055 11.67166 0.61803 22.76654
9.2273 14.19787 14.06952 0.75523 21.95813
9.02298 15.68838 11.12443 0.71057 23.57019
9.12625 15.1897 12.53255 0.70247 22.54902
8.62796 16.02051 11.68441 0.72446 23.01408
9.82284 16.03545 10.3713 0.61122 23.22208
8.53839 16.68981 9.94834 0.61451 24.24453
8.10443 17.32247 10.30254 0.66268 23.65243
8.74767 15.86135 11.21365 0.62366 23.60006
8.42051 15.83214 11.85785 0.73469 23.24142
9.1818 15.07844 12.15241 0.68931 22.98766
9.96608 16.89312 10.17746 0.71058 22.3504
10.12029 16.5392 10.00597 0.64963 22.78708
8.8975 16.5243 9.96881 0.55598 24.11779
8.74789 16.91329 11.44885 0.62107 22.3732
8.02469 16.89374 11.07856 0.57358 23.49196
9.02103 15.83089 11.247 0.49886 23.49743
8.81989 15.67749 12.36766 0.49121 22.73071
9.56442 16.46863 11.01121 0.64593 22.41338
9.67917 15.47407 11.05462 0.60357 23.30183
9.05333 18.01302 10.02592 0.5171 22.49619
8.8428 15.82279 10.16945 0.46624 24.75305
9.71524 16.85956 10.49632 0.53637 22.49042
10.54467 15.31292 11.29258 0.58697 22.37575
10.37986 14.91168 12.14555 0.55494 22.16621
9.5865 16.91511 10.62059 0.61855 22.41127
8.66182 15.16058 12.66101 0.65609 22.95389
9.43937 16.49168 10.0317 0.58572 23.50873
9.13073 16.12595 11.83545 0.61042 22.41333
9.79607 15.41104 11.86228 0.70202 22.35509
9.38323 15.90093 10.97179 0.78878 23.04966
8.15199 17.0246 11.31054 0.8795 22.71292
10.1477 15.45135 11.89375 0.87431 21.72255
8.9185 17.24301 12.37864 0.98536 20.60391
8.96228 16.38365 11.65859 0.81144 22.2767
8.23312 16.79716 11.95156 0.79787 22.30454
8.81482 16.06792 12.38513 0.87123 21.94063
8.13954 15.90126 11.75332 0.64511 23.61859
9.55833 14.91938 11.58599 0.70466 23.29977
10.67986 16.84695 9.72971 0.71425 22.14061
9.4933 16.47152 10.95142 0.53724 22.61541
8.91872 18.19146 8.81123 0.53879 23.59052
9.84548 17.2378 9.99248 0.46901 22.54522
9.19091 14.57364 11.69699 0.51619 24.08085
9.29396 15.84812 10.45623 0.52137 23.92751
9.1628 16.75914 10.40109 0.57521 23.17374
9.93707 16.20434 11.49271 0.62221 21.87692
9.50217 15.42059 11.98211 0.43589 22.77421
7.93927 17.80379 11.51369 0.51575 22.32324
8.78568 16.56822 12.17239 0.50449 22.16101
8.50828 15.95661 12.75935 0.5285 22.4381
9.55171 14.64009 11.93053 0.56797 23.41519
8.44683 16.47022 13.15087 0.5917 21.55301
8.60447 16.49784 12.70732 0.64858 21.69484
9.21683 16.40915 10.99447 0.66653 22.79323
8.53479 15.64066 12.86018 0.57894 22.55782
9.04696 15.79674 13.22543 0.50201 21.69897
9.30916 15.49865 12.74556 0.55454 22.0372
8.25325 16.07066 13.80731 0.41453 21.64287
9.26409 16.19905 11.73613 0.45736 22.43963
8.80356 16.33656 10.55327 0.40528 23.95969
8.93932 16.27176 11.55939 0.39941 22.94232
9.10097 16.83414 10.80731 0.53641 22.795
10.2686 15.25326 11.48328 0.66241 22.44141
10.24401 18.02647 9.58019 0.68561 21.66488
8.67677 17.25147 10.96996 0.60895 22.63224
9.06391 16.56962 12.09801 0.5757 21.87573
6.89913 18.67695 13.13367 0.53831 20.94709
7.98275 17.74175 10.67235 0.56904 23.12281
8.58052 15.80265 13.45003 0.64855 21.67834
9.6766 15.69185 11.69772 0.55969 22.50636
9.17147 16.86558 10.96855 0.49449 22.65229
7.80026 17.07778 12.37461 0.3472 22.54464
9.31303 16.41985 11.66433 0.39818 22.37789
9.17729 15.99335 10.38687 0.36321 24.15695
9.31462 16.12051 10.84213 0.33632 23.47175
9.10249 17.70976 10.55329 0.35556 22.39814
9.93444 15.2645 12.56755 0.35885 22.06116
9.3421 16.06634 10.78587 0.28334 23.58282
8.81583 16.63714 11.63553 0.37274 22.6278
9.29476 15.31845 11.65226 0.5544 23.26826
9.76017 15.71885 10.74514 0.52973 23.33772
10.28258 16.58501 10.44722 0.65735 22.2245
9.35673 17.6253 9.98299 0.75192 22.43892
9.1478 17.584 11.45534 0.73279 21.32161
9.25279 16.42715 11.22404 0.6018 22.6723
9.01639 16.37286 12.47158 0.75142 21.66098
9.50199 15.49014 12.53864 0.94444 21.93975
8.79237 15.87621 11.9932 0.78919 22.81325
9.17083 16.13647 11.03155 0.67423 23.16934
10.20556 15.82004 11.48788 0.91009 21.86445
9.90035 16.41451 11.95455 1.07173 21.19828
9.86577 17.15017 11.94511 0.74802 20.66243
9.45605 15.87904 11.23667 0.6652 22.92992
10.13574 14.85926 12.04216 0.58079 22.67376
9.52154 17.91428 11.10452 0.63562 21.16106
10.61431 16.88271 10.22572 0.80877 21.88997
10.84301 15.92042 12.59996 0.72651 20.42883
10.74944 15.58983 12.10473 0.72493 21.09252
10.77291 15.33495 11.38561 0.74335 21.99849
9.88114 14.23891 12.36343 0.63224 22.99707
11.01114 15.59481 10.82673 0.59676 22.10924
10.51671 15.61782 10.03865 0.37022 23.53827
11.60874 15.06092 10.65316 0.44655 22.38462
10.09685 15.38743 12.73134 0.47513 21.49711
10.73984 15.57381 13.36686 0.72084 19.9756
10.42793 15.6896 12.4104 0.72329 21.13122
9.82647 15.53065 13.46002 0.65948 20.85582
8.70531 16.8013 12.49753 0.51888 21.67453
9.86713 15.3903 12.33249 0.54861 22.11071
9.39909 16.90345 10.88927 0.47939 22.45983
8.40956 16.66804 10.97042 0.54053 23.49465
9.96584 16.2818 10.61429 0.59166 22.64687
9.38574 16.33759 11.80024 0.63803 21.97275
10.22548 16.88351 9.82713 0.61115 22.53921
11.00547 16.44836 11.07552 0.56987 21.09296
10.62716 15.33676 11.79176 0.43153 21.96972
10.24478 17.08818 11.27941 0.60424 21.09956
10.5515 16.59935 11.08351 0.64409 21.38611
9.22322 16.46044 12.02251 0.54248 22.02034
8.94105 15.80074 11.61341 0.46446 23.34459
9.43599 15.48456 11.3954 0.49793 23.34946
7.84945 15.98881 11.17982 0.47092 24.57128
9.15058 16.15661 11.35701 0.46892 22.97937
9.30043 14.97886 13.72911 0.47896 21.67778
10.1313 15.27707 11.10586 0.51168 23.06942
