"V1" "V2" "V3" "V4" "V5"
10.91269 10.14943 12.70941 0.41331 25.8564
10.06409 10.00179 13.95917 0.40405 25.6196
10.70846 10.14209 13.31263 0.40141 25.47863
9.69321 10.69665 13.9816 0.40065 25.27275
10.00691 10.20075 13.33097 0.46216 26.03564
9.91504 9.99935 14.32585 0.50835 25.3418
9.76524 10.58431 13.8367 0.51672 25.38119
9.88312 10.76701 13.05866 0.48842 25.85351
9.73512 10.37936 13.30984 0.44734 26.1673
10.2283 10.93573 12.52304 0.43161 25.91339
10.94353 10.1645 12.56472 0.40824 25.94697
10.53642 10.11617 12.90006 0.4011 26.07953
9.89286 10.12712 12.88726 0.37971 26.74477
10.10279 10.0531 13.52516 0.36877 25.96906
10.45945 9.74542 13.93997 0.36363 25.53603
10.20754 10.25454 12.26518 0.37798 26.91394
11.15716 10.39931 12.72755 0.48215 25.27162
10.85633 9.83822 14.86141 0.43698 24.07422
10.58283 10.05053 14.347 0.35158 24.74202
10.21575 10.26931 15.51141 0.4094 23.68135
10.79016 10.22569 14.26595 0.41102 24.40047
10.44755 10.38708 13.98478 0.46215 24.77768
11.07559 10.32784 13.02752 0.42009 25.20006
10.42172 10.26123 13.58919 0.35534 25.40979
11.12328 10.49024 12.69944 0.3782 25.3465
10.54331 10.52427 13.29846 0.34503 25.33011
9.41304 11.49877 14.31758 0.35492 24.4783
9.94884 10.05611 14.33367 0.36652 25.39308
10.32818 10.01631 13.75977 0.39585 25.5501
9.67113 11.02619 14.24606 0.43098 24.69939
10.65122 9.98633 13.92219 0.38285 25.10938
10.41973 10.81077 13.26039 0.4386 25.12086
10.46687 10.11111 13.35402 0.44885 25.65447
10.18718 9.6949 12.8997 0.43185 26.81272
10.21718 10.77324 12.90482 0.4435 25.69828
9.05016 11.03851 15.03327 0.45036 24.49807
9.42551 11.54506 14.7003 0.45581 23.92706
10.39439 11.07683 13.29058 0.40963 24.88003
10.67002 10.19019 14.08049 0.43666 24.6986
9.71063 10.89475 13.24123 0.40185 25.78878
10.61873 10.42563 14.11326 0.39259 24.50354
10.13997 10.8788 13.8365 0.39467 24.80541
10.16142 10.94533 12.70744 0.37211 25.8486
10.76699 10.3353 12.69517 0.44028 25.79079
9.03252 10.40728 14.27385 0.45519 25.85941
9.6901 10.28446 13.59379 0.44175 26.02188
9.71978 10.18323 13.72787 0.36249 26.04661
10.01714 10.06929 13.35341 0.32182 26.27341
9.65395 9.84602 13.61848 0.3374 26.5771
10.87478 9.97822 13.13624 0.39906 25.65702
9.56725 10.53238 13.65208 0.38442 25.90223
10.9969 9.97035 12.89078 0.38758 25.79669
10.38828 10.45854 13.26818 0.38576 25.53971
10.30755 9.67901 13.88971 0.39155 25.77077
9.58173 10.37755 13.93212 0.34557 25.79385
10.24162 10.36615 14.07506 0.3634 25.02318
10.80135 10.56766 12.76583 0.38506 25.52864
10.09983 10.7095 13.77529 0.38099 25.09576
10.50348 10.39287 13.56271 0.32944 25.2832
9.89077 10.58831 14.0668 0.33995 25.15117
9.82391 10.80679 12.96185 0.32238 26.10821
9.7085 11.20027 12.96143 0.32953 25.83039
10.10205 10.28332 13.9932 0.41122 25.26239
10.54928 10.4062 13.22409 0.39821 25.46783
10.35032 9.74658 13.76258 0.37915 25.79155
10.0062 9.75163 13.66375 0.35432 26.26469
9.82553 9.72906 13.89698 0.35057 26.23293
9.6299 9.8529 14.17353 0.33711 26.03085
10.3738 9.89046 14.00036 0.34623 25.43508
9.63697 10.46543 13.42234 0.3347 26.17343
10.49664 10.13563 13.71189 0.40783 25.28366
10.65673 10.32587 13.92359 0.39485 24.75868
11.47433 9.90076 13.75542 0.41472 24.52128
11.03909 9.81661 13.23737 0.33571 25.60181
10.55085 10.3239 12.85728 0.28663 26.0048
9.87688 11.01069 13.85741 0.376 24.96282
10.50408 10.49003 13.69415 0.3589 25.00928
10.41153 10.37326 13.79583 0.42056 25.07543
11.19267 9.80873 14.08537 0.43256 24.54751
11.33814 9.79222 13.53831 0.4674 24.91216
10.13773 10.15778 13.64447 0.45221 25.63871
11.5165 9.6383 13.35846 0.47207 25.05192
10.4412 10.66812 13.33259 0.47355 25.11575
9.15916 10.82985 13.68321 0.36451 25.98144
9.98274 10.12005 14.0643 0.35271 25.51478
9.53303 10.17905 15.8022 0.34127 24.19302
9.64086 10.02508 15.66026 0.33191 24.39447
10.67631 10.7798 12.83099 0.30885 25.43211
10.62663 10.02403 13.55303 0.33101 25.4978
10.53151 9.96713 12.77639 0.37816 26.36601
9.80045 10.11346 13.70498 0.32356 26.07986
9.86689 10.20563 13.98311 0.31968 25.66357
10.36569 9.56704 14.48716 0.38059 25.25759
10.43593 10.0005 13.38891 0.31787 25.8852
9.54384 9.47347 14.97536 0.33898 25.69415
10.16731 9.59847 14.43397 0.39936 25.42379
9.96126 10.2219 14.26307 0.42922 25.1587
9.99739 10.20034 14.16314 0.40039 25.27114
9.81569 11.13928 13.79966 0.37061 24.91223
9.42898 10.21929 14.46826 0.33626 25.5727
9.71968 10.82565 13.53415 0.29327 25.6511
10.37893 10.17522 13.62932 0.35227 25.49104
10.84669 9.69024 13.34438 0.37427 25.76632
10.43876 9.88187 13.73197 0.37936 25.58911
10.48635 10.2081 13.44236 0.35729 25.53251
9.72273 10.59688 13.41009 0.38631 25.91358
10.03376 11.18539 12.72296 0.40921 25.69513
10.17724 10.99249 12.80118 0.44951 25.62366
10.42349 9.99795 13.65103 0.5463 25.42723
10.02982 9.60674 13.40682 0.47306 26.52772
10.52476 11.01532 12.1861 0.57005 25.73341
10.37491 10.9564 11.98277 0.54403 26.16589
9.7145 11.27333 12.15201 0.4594 26.4202
11.15494 10.25263 11.95107 0.50522 26.16698
10.61867 11.05133 12.44786 0.41742 25.51505
10.38018 11.19813 12.26159 0.38168 25.81431
10.29953 11.09008 12.02449 0.41524 26.20416
10.26146 10.90275 13.53696 0.43967 24.89723
10.18015 10.54582 13.43775 0.53046 25.34485
11.18793 9.8045 13.41962 0.61719 25.05761
9.47816 10.6678 13.50869 0.55878 25.83313
9.72565 10.51612 14.59553 0.6366 24.58477
9.44669 10.14561 14.20633 0.58488 25.65049
10.01642 10.80755 13.07245 0.65796 25.49394
10.81748 10.37649 12.89259 0.60988 25.37543
9.75783 10.08241 13.49612 0.63628 26.07271
10.36546 9.79153 12.65224 0.51862 26.6971
10.44743 9.88181 12.52613 0.46732 26.71595
10.13616 10.25182 14.02833 0.51029 25.13983
10.21376 9.81655 14.08708 0.50583 25.45998
9.87283 10.27833 13.13379 0.38365 26.38083
9.88672 10.97757 13.48057 0.43227 25.29352
10.48846 10.45677 12.63922 0.3404 26.14076
10.72565 10.32384 13.39811 0.46786 25.22509
9.36461 9.70787 14.52835 0.47084 26.01766
10.38732 10.96719 13.87671 0.57718 24.35283
9.7204 10.56242 14.47953 0.54243 24.81203
9.78028 10.04455 14.44129 0.50585 25.32399
9.41181 11.29603 13.92687 0.47655 24.99923
10.28371 10.79533 14.39974 0.4848 24.13185
9.82907 10.27217 13.10485 0.4375 26.39471
10.53725 10.29433 13.53112 0.57709 25.12469
11.33532 10.49131 12.86829 0.59749 24.77726
11.25968 10.37959 13.65803 0.61774 24.15723
10.61734 11.10748 12.81061 0.48854 25.02617
10.15276 10.35815 13.70467 0.39789 25.42111
10.43964 9.84829 14.22922 0.49026 25.02621
9.04536 9.95204 14.47999 0.42429 26.12284
9.27822 9.84056 14.53028 0.38205 25.99601
9.64792 10.27672 13.28732 0.36784 26.44739
9.52784 11.19209 13.60045 0.41122 25.31245
9.97172 10.93632 12.73277 0.40864 25.98224
9.5981 11.12033 13.98163 0.45487 24.90719
9.66492 11.15681 14.30568 0.50331 24.43934
9.75808 11.18827 13.28343 0.43405 25.3651
9.73962 10.05607 14.24376 0.48138 25.51422
11.4358 9.90132 13.43402 0.48072 24.78291
10.92709 9.50749 14.3464 0.50525 24.75263
10.92829 9.66442 13.64312 0.47828 25.31286
9.96325 9.53688 15.15149 0.44016 24.94743
9.32402 10.20646 14.49772 0.39364 25.61682
10.05304 10.80948 13.1472 0.43799 25.59015
9.3223 11.64849 13.15717 0.43383 25.47382
10.33436 10.71206 12.35246 0.34185 26.28811
9.81659 10.82496 13.04597 0.34186 25.99843
9.94023 10.1102 15.17609 0.39759 24.4312
10.03294 10.12527 14.74703 0.42905 24.71507
10.54679 9.55959 14.42503 0.48571 25.03439
10.08897 10.09697 14.25116 0.35441 25.25945
8.7613 9.85788 15.39109 0.34436 25.67761
10.57147 9.57125 14.71127 0.31778 24.89643
9.24853 9.93529 14.01701 0.28529 26.54248
9.32642 10.31899 14.96123 0.32308 25.1248
10.54119 10.37208 13.65958 0.32087 25.15818
10.38701 10.21356 13.93424 0.33913 25.1669
9.89186 10.70525 14.15023 0.37572 24.9319
10.98785 10.46888 13.62828 0.4857 24.50387
10.61523 10.70818 15.26186 0.4574 23.08024
10.68115 10.48014 14.60679 0.40965 23.94316
10.46879 10.62355 14.64325 0.4529 23.95892
10.44396 11.05284 13.79882 0.41744 24.38106
9.73573 10.33425 14.44087 0.35888 25.17786
10.27578 10.66111 13.04247 0.334 25.72276
11.34817 10.27584 13.50011 0.46624 24.46116
11.18553 10.08507 12.76387 0.48943 25.51538
10.76842 10.2848 13.63293 0.42049 24.96459
10.50277 10.25488 13.38373 0.3997 25.51062
10.36669 10.41722 13.27483 0.34258 25.63893
10.83382 10.05542 13.26309 0.42126 25.5014
11.07382 10.65087 13.01801 0.42116 24.90379
9.80372 10.81751 13.57348 0.43002 25.41941
9.96301 10.31527 14.55791 0.47302 24.76641
10.45924 10.69121 13.42334 0.46473 25.0407
10.82487 9.93625 13.82997 0.47048 25.03895
10.82951 10.18481 13.82838 0.44808 24.77192
11.22369 10.46383 12.69011 0.47004 25.21827
10.10814 10.86511 13.22085 0.37733 25.466
10.40139 10.57579 13.22338 0.33037 25.52082
10.88646 9.61176 12.23339 0.25836 27.03604
10.46917 10.03812 12.0431 0.23202 27.23987
9.96608 9.37829 13.46694 0.27968 26.93376
9.64395 11.00751 12.50841 0.33351 26.52877
10.15315 10.31652 13.74087 0.39437 25.43344
9.98496 9.84531 12.94419 0.33007 26.90757
9.36198 10.25162 13.83515 0.30294 26.27658
9.32128 10.68462 13.75684 0.28384 25.98682
9.73767 11.22774 12.44409 0.28063 26.33006
8.96639 11.24086 13.45442 0.29294 26.07575
10.1245 10.0815 13.35698 0.30014 26.15982
10.00593 10.3705 12.58817 0.28382 26.76948
9.70025 10.61498 13.76461 0.33606 25.61588
9.60919 11.57191 14.17173 0.37674 24.32501
11.10219 9.5632 13.64098 0.40494 25.32503
10.21289 10.17567 14.03991 0.4866 25.12102
10.3258 10.84994 14.88386 0.58939 23.43291
9.59623 10.04125 14.43983 0.59617 25.3641
10.35435 10.09299 14.28791 0.52339 24.79803
10.62411 10.13269 13.85373 0.53837 24.91192
9.39957 10.38963 14.86963 0.49714 24.88548
9.58639 10.45799 13.73855 0.45882 25.78244
10.16576 11.02463 13.77137 0.5191 24.5921
10.3837 10.8296 13.42959 0.48373 24.93375
11.03913 9.59861 12.86507 0.469 26.06235
9.55972 10.63606 13.60774 0.47421 25.75041
9.54805 10.68758 13.3825 0.56393 25.84901
9.49975 10.75764 12.68971 0.5046 26.57131
9.90941 10.70426 13.07219 0.52862 25.82141
10.01408 10.16085 13.97445 0.44017 25.4456
10.33035 10.33441 13.74556 0.42853 25.20337
9.86403 9.89769 13.4879 0.43187 26.34783
10.3216 10.93697 12.87741 0.44291 25.45462
10.09113 11.43852 12.1726 0.53342 25.78852
9.60405 11.63535 12.5832 0.54412 25.67851
9.00765 10.88173 13.76377 0.48194 25.89262
10.26596 10.8606 12.61278 0.51649 25.77604
10.13627 11.25253 12.68186 0.51484 25.46065
8.96278 10.47919 13.861 0.45822 26.27127
9.05571 9.65295 14.08826 0.39531 26.82882
9.87776 10.11108 12.85028 0.38148 26.80297
9.9161 10.04039 13.89657 0.48858 25.69882
9.54131 10.72148 13.44731 0.54362 25.79677
9.96837 9.99641 13.90028 0.5634 25.62103
8.977 10.56866 14.13693 0.53693 25.81989
9.87471 11.38523 13.83988 0.50568 24.46501
8.49333 10.66814 12.8959 0.33934 27.6144
9.95109 10.74391 13.38114 0.45144 25.51336
10.71655 10.2382 12.91046 0.43166 25.73416
10.80183 10.6336 12.60026 0.40815 25.59408
9.52503 9.98947 13.84334 0.3599 26.30653
9.88935 9.11518 14.96835 0.37316 25.69544
10.57287 10.15846 12.3174 0.34829 26.62751
9.60216 10.85374 14.2213 0.36882 24.99615
9.66871 11.23033 13.39349 0.37007 25.37896
10.67665 10.43704 12.74024 0.34475 25.84119
10.46724 11.02927 13.2465 0.3863 24.91709
10.43168 10.45738 12.84986 0.4602 25.85176
10.7214 10.66319 12.01788 0.38808 26.249
10.15006 10.69831 12.40095 0.36803 26.41302
10.33261 10.42149 12.57225 0.34005 26.37605
9.59167 10.5459 13.78498 0.36534 25.75921
10.00128 11.17764 12.57673 0.37123 25.91026
10.09066 10.78822 13.44689 0.33499 25.38051
9.88979 10.3591 13.91809 0.3273 25.54215
9.59459 10.74003 14.05405 0.31651 25.33664
8.93415 11.23633 15.97295 0.31619 23.62742
10.13077 10.64501 14.64006 0.34119 24.31804
10.52477 10.45744 13.90887 0.39233 24.78327
10.78651 9.01336 13.66895 0.31927 26.23818
10.09075 9.80286 14.17453 0.34564 25.60738
9.38331 9.64755 14.68793 0.29004 26.0121
10.21718 9.5188 14.45697 0.35197 25.48857
10.87039 9.00563 14.32849 0.3648 25.48684
10.24121 9.25794 15.35471 0.37192 24.8506
9.65242 9.81619 14.55275 0.34115 25.67393
10.12539 10.02568 14.99629 0.38559 24.55116
10.04233 9.46314 14.29911 0.35359 25.87233
9.97272 10.01314 14.08111 0.27721 25.71587
10.48996 9.8339 13.87076 0.31499 25.56453
10.17044 9.52153 14.35783 0.33708 25.68275
10.14063 9.25944 15.0916 0.38736 25.19337
9.78045 10.24015 14.62591 0.42946 25.00267
9.81167 10.56577 14.22947 0.4619 25.06095
10.84193 10.02429 14.46009 0.44985 24.33721
11.22376 9.93183 13.07128 0.42585 25.39523
10.2509 10.0286 13.53422 0.46656 25.75058
9.5563 10.24632 14.1276 0.44393 25.66316
10.45665 10.73104 12.5908 0.52204 25.72254
9.37928 10.11318 13.68417 0.46214 26.37286
9.97911 9.8753 13.78373 0.45144 25.93253
10.0272 9.26723 15.5013 0.60562 24.66546
10.71007 9.82653 14.58642 0.55053 24.40499
9.99037 9.91429 14.61393 0.46379 25.06515
10.42424 10.56717 13.18002 0.45351 25.42042
10.81711 10.18775 12.92238 0.46809 25.64396
10.46297 10.10432 13.0895 0.42168 25.94244
9.25494 10.46701 13.96154 0.4456 25.88959
10.21349 9.82975 13.7143 0.42505 25.83964
10.33984 9.59801 13.59378 0.42613 26.06808
10.26206 9.72893 14.64698 0.46231 24.95464
10.2327 9.84545 13.89812 0.43099 25.6275
10.97287 10.70499 12.7929 0.42828 25.14273
11.45236 10.20781 13.51907 0.46605 24.39648
10.86175 10.60832 12.68256 0.40905 25.45809
10.97853 11.11844 11.84481 0.43343 25.64614
9.65818 9.98999 13.24031 0.39723 26.72718
9.70651 10.60199 11.87473 0.35407 27.47584
9.32073 10.45914 13.18638 0.41791 26.64441
10.41417 9.78479 12.83938 0.42287 26.55948
9.63454 10.28028 12.89191 0.39952 26.8104
10.69854 10.64417 13.24875 0.40711 25.03876
10.99987 9.95717 14.40812 0.4465 24.26299
10.04634 10.2917 14.27713 0.44372 24.98177
10.50536 10.86289 13.62087 0.44251 24.61878
10.00219 10.94966 14.21973 0.4345 24.44902
9.79824 10.51275 13.30685 0.38033 26.03777
10.29658 10.9015 12.87054 0.33526 25.64365
9.65486 9.85484 13.37427 0.29734 26.83548
9.62271 10.01203 13.51723 0.31448 26.56143
9.43047 10.35311 13.83222 0.32717 26.09673
9.99777 10.04237 14.53774 0.38287 25.09024
10.333 11.33217 12.92817 0.48294 24.97994
10.15654 11.08528 12.61837 0.44991 25.7335
10.39069 10.53301 13.05905 0.36262 25.69577
10.08947 9.86356 13.94934 0.37873 25.77076
10.05498 10.33961 13.3384 0.32555 25.99234
10.60967 10.27246 12.86073 0.3627 25.94671
10.87074 10.11598 13.36959 0.39408 25.31013
9.94114 9.84406 14.14877 0.34507 25.76669
9.97673 10.20594 12.8142 0.35765 26.68367
10.54456 10.09192 14.27308 0.40019 24.77075
10.2025 11.2422 13.95904 0.38899 24.29085
9.62769 11.27151 13.50456 0.29124 25.35114
10.26647 10.34772 14.38448 0.34647 24.72754
10.65256 10.52283 12.75209 0.33055 25.7955
10.11809 10.79266 12.71217 0.30198 26.11333
9.34895 11.66126 13.6883 0.32522 25.04532
9.80124 11.24146 13.80439 0.34416 24.87469
10.21595 11.35489 13.53758 0.38521 24.5851
10.88432 10.95263 13.42302 0.51055 24.33052
11.06938 10.82721 14.6269 0.49958 23.13869
10.87783 10.66007 13.29713 0.44434 24.79357
10.04133 11.02362 14.12556 0.38036 24.49842
10.21065 10.82162 14.00903 0.40057 24.63088
10.51705 10.17378 13.19277 0.3667 25.79998
10.63033 10.84803 12.66717 0.4005 25.49755
10.68676 10.52872 12.92698 0.3624 25.55024
9.90708 10.03801 14.24596 0.43 25.43809
10.39385 10.42551 13.41604 0.41285 25.40177
9.68676 10.03921 14.39793 0.39932 25.54882
9.87218 10.06603 13.2779 0.44656 26.39261
9.4559 9.9738 15.55222 0.49867 24.63731
9.62668 10.38609 14.91966 0.41862 24.73464
9.54977 10.03416 13.99763 0.3396 26.10626
9.26799 9.82394 14.28949 0.3578 26.28251
9.03557 10.76179 14.53249 0.36347 25.33129
10.08459 9.35655 14.12715 0.36154 26.0911
9.04473 9.81556 13.92096 0.30383 26.93007
9.29962 10.18197 13.70378 0.33445 26.50101
9.4953 10.06802 13.36295 0.31916 26.77555
9.65568 9.98462 13.2639 0.34243 26.77985
10.29548 9.61795 14.04476 0.45826 25.62939
10.24853 9.62215 14.58658 0.50877 25.09384
10.78197 9.63305 13.74004 0.50524 25.39572
9.97048 9.76843 13.23645 0.4367 26.61897
10.04839 10.57679 13.59066 0.50323 25.32702
11.40422 10.4853 12.66898 0.49885 25.00179
10.36134 10.11533 13.11497 0.42373 26.01862
10.66021 10.36758 13.41518 0.46967 25.13896
9.96902 10.37452 14.36786 0.50874 24.84742
9.58835 9.59574 13.6742 0.42885 26.7346
10.4272 10.15983 13.71826 0.44816 25.29026
11.3004 10.2481 12.74085 0.49545 25.2572
10.6635 9.67979 14.1339 0.46599 25.13016
9.97801 10.86578 14.13446 0.47071 24.62991
10.29857 10.32223 13.92612 0.4177 25.09817
10.04301 10.85318 13.48371 0.39991 25.26382
9.67789 10.43923 13.27303 0.40765 26.23443
9.74929 10.12181 13.64439 0.37714 26.15314
10.90114 10.34634 13.29866 0.4527 25.0629
9.82385 10.15535 13.9699 0.4168 25.68675
9.03249 10.15428 14.06547 0.33909 26.43267
9.09962 10.5653 13.77621 0.37854 26.21397
9.77015 10.33648 14.21654 0.38924 25.34659
10.11028 10.47509 13.37005 0.43323 25.65069
10.37978 9.89378 13.8284 0.42925 25.51108
9.83565 10.60485 13.90743 0.48204 25.22592
9.93387 10.53858 12.60317 0.41655 26.53799
11.0247 11.27926 12.54157 0.44559 24.78392
11.03286 11.16666 12.47427 0.44522 24.9259
11.04497 10.07281 13.20154 0.44833 25.28072
10.58287 10.46385 13.84131 0.38982 24.76561
10.23409 10.03863 14.57963 0.41767 24.76793
11.25679 9.76509 13.97776 0.51362 24.52911
11.13073 9.38348 14.12807 0.4496 24.95181
10.76226 9.78772 13.81177 0.45229 25.21938
10.40992 9.94388 13.99022 0.42712 25.2652
10.48738 9.96379 13.82411 0.39672 25.36982
10.00423 10.86309 12.36499 0.33211 26.46171
9.96155 10.01314 13.42775 0.37633 26.24797
10.38448 11.08399 12.84254 0.43862 25.29634
10.22327 10.18993 13.28762 0.38308 25.94296
9.45806 10.87518 12.01641 0.33314 27.32854
10.12931 11.04928 11.80959 0.38676 26.64141
10.27448 11.1559 12.58662 0.49894 25.50583
10.19821 10.75625 12.54627 0.46828 26.0495
10.08921 10.54952 13.37365 0.49509 25.52481
8.96454 9.74623 13.0595 0.40042 27.84064
10.06929 9.54074 12.94543 0.35985 27.10983
10.71387 8.27518 14.75726 0.36674 25.93317
10.7005 8.706 14.8116 0.30448 25.50445
10.09033 9.08808 14.45521 0.29649 26.08931
9.83337 9.39506 14.25501 0.23919 26.29769
10.14416 9.19006 16.09274 0.27674 24.36295
10.05339 9.54184 13.90337 0.23591 26.28797
10.29542 9.47785 13.72278 0.24536 26.28528
9.97568 9.62288 14.07431 0.29861 26.05165
9.09053 8.96556 15.09235 0.28534 26.58655
9.31769 9.84261 12.98667 0.25231 27.61676
9.22241 9.68942 13.7638 0.27843 27.06293
8.30391 9.42725 14.43414 0.2389 27.61764
9.59693 9.99653 14.00749 0.29546 26.1384
9.28143 10.12911 13.53994 0.26089 26.80962
9.71739 10.54418 14.37387 0.30124 25.10794
8.95439 10.75744 13.91921 0.32302 26.06864
9.66831 10.15084 13.9593 0.34349 25.91048
10.1496 10.44872 12.73888 0.3693 26.31205
10.3964 10.56547 12.2528 0.35763 26.44403
9.99823 10.37141 14.05285 0.36521 25.24197
10.76947 9.69372 12.86204 0.33536 26.35589
9.21222 10.8089 13.18779 0.34692 26.45869
8.86033 10.89739 13.73628 0.42901 26.09164
10.12707 10.37386 13.86383 0.4988 25.17197
9.68535 10.7465 13.50773 0.46285 25.61983
10.19111 10.61576 13.07229 0.44118 25.70424
10.41732 9.13432 13.36316 0.3312 26.76886
11.29396 9.76886 12.8879 0.38133 25.69283
9.85854 10.26405 12.98627 0.3979 26.51027
11.15461 10.23395 12.40502 0.41084 25.81601
9.92704 10.22461 12.84707 0.42579 26.58834
9.83831 9.97718 14.40802 0.47377 25.32871
10.12744 10.52056 13.45789 0.41686 25.51379
10.00293 9.9753 13.63855 0.41271 25.98462
9.87323 9.82319 14.25424 0.44305 25.62684
9.92739 9.62714 14.90226 0.43832 25.14456
10.03423 10.03068 13.24381 0.4464 26.26383
9.82409 10.49393 13.61932 0.43825 25.65517
9.88358 11.0724 13.18859 0.45204 25.45024
9.55262 10.86618 13.19902 0.44072 25.97644
9.83245 10.23789 13.45265 0.33685 26.17259
10.38148 9.69258 13.7371 0.36529 25.85534
9.61854 10.02775 13.5012 0.40475 26.47563
9.59898 11.0333 12.01299 0.3287 27.03951
10.46618 10.3709 12.18557 0.37166 26.63865
8.88398 11.02384 13.24219 0.34988 26.53048
10.14719 9.8898 13.41972 0.35925 26.21272
10.49297 10.11125 13.40511 0.38057 25.65538
10.71824 10.24278 12.81793 0.36289 25.89983
9.93502 10.96252 13.54716 0.42692 25.20594
10.61351 10.15896 13.3183 0.41719 25.54255
9.77701 9.92655 13.21901 0.33796 26.76097
10.68026 9.59116 13.32731 0.34295 26.09572
11.15143 9.81722 13.09144 0.38952 25.59664
9.93361 10.3384 13.26358 0.30147 26.20284
10.03046 10.02303 14.01819 0.33282 25.64843
10.17402 10.29047 14.74237 0.38214 24.50678
10.44038 10.53959 12.72381 0.40542 25.94996
9.57356 10.4051 13.93776 0.33838 25.8128
9.45974 9.96467 14.13491 0.3109 26.17032
9.24769 10.37405 14.5752 0.36108 25.48892
10.47819 10.32668 14.37287 0.39979 24.50553
10.07833 10.48547 14.30357 0.44999 24.73141
10.17878 10.13478 13.86275 0.42044 25.44611
10.56025 10.37093 13.74923 0.45896 24.92613
10.76823 10.10485 13.65575 0.54865 24.97619
10.68528 10.58359 13.25046 0.511 25.01772
9.72159 10.06044 13.83458 0.48852 25.92567
9.52932 9.816 14.15806 0.5132 26.02655
10.17232 9.85134 13.96512 0.52516 25.52026
10.13303 9.61553 14.53007 0.48599 25.28109
10.39388 9.09144 14.76133 0.43273 25.38386
9.79241 10.08598 15.05916 0.43197 24.70765
9.83524 10.0154 15.31716 0.41658 24.47175
9.47952 9.23556 13.47491 0.31647 27.50303
9.56678 9.81462 14.16842 0.35282 26.11458
9.16416 9.99798 14.4856 0.33861 26.04187
9.54098 11.00055 12.80167 0.33674 26.34891
10.99735 10.04719 14.37973 0.42567 24.24059
9.34221 11.08432 13.02382 0.34834 26.23065
9.51315 10.76294 13.2688 0.31631 26.16591
9.91345 10.43457 15.66915 0.37414 23.6705
10.32522 10.64714 14.20973 0.44392 24.43269
9.63406 10.31929 15.08316 0.38529 24.67677
10.11278 9.30189 14.65348 0.37487 25.63033
9.3411 10.23932 13.74669 0.33932 26.37141
9.80674 10.73319 13.51618 0.28949 25.69908
10.26062 10.77731 13.71061 0.34385 24.9976
9.88275 10.26749 13.60338 0.40881 25.88098
10.2721 9.88374 14.4908 0.4535 24.97321
10.77654 10.79774 12.91857 0.55018 25.04116
11.06891 10.68078 13.39859 0.66473 24.28436
10.24025 9.93429 15.10073 0.44052 24.38823
10.98361 10.19616 14.37761 0.37932 24.13867
9.58922 10.66463 14.51868 0.34886 24.92139
9.53608 10.56225 14.66588 0.3875 24.88689
9.48879 11.13804 14.98183 0.40307 24.03338
9.79697 11.37324 13.3965 0.41458 25.04781
9.92708 11.29221 12.89617 0.43937 25.49107
10.83459 10.50141 14.38405 0.57642 23.78489
11.10648 10.72277 12.89079 0.4614 24.8578
10.51453 10.40054 13.45676 0.46543 25.19072
9.62299 10.79715 12.98487 0.40749 26.20658
9.82406 9.98918 14.75429 0.46435 25.01039
10.14542 10.53473 14.19408 0.43191 24.73007
10.25789 11.18233 13.43368 0.33052 24.85521
9.74065 10.79976 13.61244 0.30506 25.58622
9.87963 11.00872 14.71615 0.34882 24.13002
9.99208 10.63806 13.7124 0.31115 25.3889
10.25036 10.38321 13.24945 0.34457 25.80868
10.41763 10.85515 13.38133 0.41858 24.98625
11.53325 10.33773 12.86016 0.41273 24.90905
10.42791 11.12612 12.99367 0.43286 25.06491
8.86265 11.4839 13.52009 0.31056 25.8497
8.67462 11.6382 14.38045 0.33536 25.00277
9.34908 12.15479 12.87152 0.30712 25.36696
9.24462 10.8789 13.49145 0.29634 26.12251
10.129 11.041 13.0458 0.31612 25.50241
9.99322 10.8214 13.20845 0.30033 25.70428
9.97601 10.69715 13.15555 0.30326 25.9001
10.9613 9.79768 13.62241 0.35459 25.31615
11.22879 10.23362 12.5513 0.37514 25.64182
10.91303 10.13554 13.32879 0.42561 25.24349
9.87383 9.40822 15.10623 0.39343 25.25816
9.63407 10.39824 14.43897 0.41694 25.15479
10.50187 9.44305 13.75694 0.35955 25.98249
10.25281 9.54422 14.53572 0.4135 25.31339
9.97278 9.94519 15.19239 0.37169 24.58332
10.39023 10.28931 13.90339 0.38957 25.07187
10.09526 10.3455 15.00127 0.38824 24.26459
10.06809 9.41692 15.08104 0.40641 25.08221
9.73857 10.51164 14.7264 0.36612 24.71698
11.36191 10.71863 12.80191 0.37261 24.81172
11.32744 11.44284 13.03421 0.44606 23.86142
11.58489 9.91458 14.44631 0.49844 23.67135
11.34246 9.43582 13.81451 0.41855 25.0695
11.13246 9.52423 14.24598 0.38252 24.8043
9.62297 9.91144 14.45206 0.30404 25.77932
10.49605 10.24239 14.77422 0.33358 24.2376
10.28349 10.09181 13.99792 0.33959 25.33297
10.05254 10.61895 13.47751 0.35794 25.52514
9.78948 10.16313 13.3847 0.33354 26.35835
10.32417 10.45004 13.18024 0.38285 25.73906
10.1991 11.167 13.24824 0.338 25.10542
10.33792 10.40254 13.04113 0.32716 25.94427
9.6962 11.32281 12.70412 0.36276 25.96246
10.4091 10.60461 13.92846 0.3606 24.78385
10.58576 10.59799 13.80788 0.31888 24.76892
10.27331 10.20299 14.40407 0.3158 24.87224
10.88034 10.88292 13.70207 0.35419 24.26971
11.5332 10.42506 13.22538 0.36015 24.54546
10.35581 10.04478 14.4403 0.29461 24.94279
10.49572 9.71625 12.65623 0.28305 26.88719
10.65997 10.0408 12.74227 0.35632 26.23986
10.57399 9.66157 13.45653 0.35559 25.9819
10.78437 10.27732 13.32311 0.36267 25.31083
10.41585 9.8773 13.98997 0.31804 25.44702
9.42339 10.54298 14.15492 0.38471 25.53981
10.42358 10.76484 13.72349 0.37505 24.77791
10.52956 11.31534 13.14538 0.35731 24.70662
10.33104 10.10271 14.7464 0.40226 24.48627
11.16816 10.70996 12.52888 0.35398 25.29434
9.89951 9.72335 13.59401 0.37381 26.45151
10.1019 9.93554 13.91527 0.43506 25.65519
9.43032 9.74024 12.29875 0.33137 28.2062
9.22786 9.45399 13.57607 0.41291 27.34225
10.8731 10.52567 12.85828 0.53892 25.24245
9.63965 10.53831 13.71218 0.48309 25.66322
9.52269 11.16593 13.56613 0.48173 25.2917
10.37044 11.22175 12.75806 0.52204 25.16818
9.79387 10.7406 13.238 0.48719 25.77254
10.09724 9.91434 12.71037 0.44855 26.84818
9.52058 10.15569 14.04068 0.46784 25.842
9.54473 10.26636 14.37088 0.49939 25.35738
9.91482 10.11792 13.89882 0.52995 25.57061
9.7852 10.66781 13.64903 0.50879 25.41747
10.40099 10.6088 13.78311 0.54319 24.72612
10.02228 10.57861 13.41486 0.53564 25.49121
10.31145 10.12207 13.36572 0.5001 25.73183
10.47568 10.42805 13.30447 0.49679 25.32816
10.52481 10.3328 13.43352 0.60333 25.14492
10.37035 10.61525 13.62716 0.64072 24.78112
10.14693 11.06907 13.41791 0.54989 24.86826
10.33726 10.47785 13.97024 0.53405 24.71583
10.04876 9.95494 13.93822 0.48199 25.60697
11.10815 10.09181 13.78701 0.5366 24.53197
10.97119 10.2278 14.17687 0.47415 24.21073
11.0618 9.63457 14.4248 0.55601 24.38273
11.42788 9.72863 13.71175 0.54407 24.63909
10.01856 10.34374 13.47471 0.52788 25.66697
11.06348 10.31315 12.99338 0.53583 25.12429
9.83497 10.31579 12.96457 0.50078 26.40085
10.08338 10.36829 12.22909 0.4236 26.91303
10.48845 10.11281 12.52828 0.50144 26.39618
10.84484 11.05437 11.91382 0.46739 25.75252
10.10247 11.84638 12.46399 0.42913 25.20327
10.10714 10.84121 13.04958 0.35068 25.69249
9.8652 10.98535 12.47732 0.40594 26.31243
9.80391 10.37124 13.61621 0.4459 25.80131
9.89744 9.91309 12.95044 0.4468 26.81704
10.30693 10.62526 12.86669 0.43021 25.8071
10.03881 10.86306 12.70889 0.49738 25.94227
10.4303 10.01867 13.58217 0.41986 25.60282
10.01049 10.6555 12.95998 0.44745 25.98006
10.18031 10.12969 13.62109 0.39154 25.71937
10.45861 10.25968 12.66109 0.4488 26.19932
10.1995 10.92283 12.70824 0.49254 25.71631
11.1587 10.39229 12.30018 0.52492 25.66093
10.29287 10.73048 13.36528 0.45119 25.22548
9.60738 10.82687 13.8326 0.51112 25.26443
10.02949 10.44323 13.12059 0.4319 25.99587
10.15634 9.68541 13.55043 0.42574 26.21317
10.39773 9.63298 13.71789 0.47191 25.82181
9.71657 10.36087 14.19766 0.43255 25.33858
9.97754 11.17542 13.67453 0.4812 24.74192
9.17165 10.46846 14.48372 0.50657 25.4045
9.91404 9.99628 13.64223 0.49619 25.9785
9.78094 10.29868 12.91662 0.42085 26.60601
10.3112 9.51352 13.32153 0.42024 26.45837
10.17564 10.59384 13.22244 0.42514 25.61303
9.88598 10.63751 13.038 0.36054 26.1009
9.50761 10.84709 13.46463 0.34762 25.86212
10.78154 10.55059 12.85095 0.40513 25.44953
9.51609 9.11051 14.56244 0.37278 26.45979
10.10178 9.72653 13.79906 0.36386 26.03607
11.02097 9.70154 13.61389 0.47176 25.23607
10.96187 9.84241 13.37134 0.41185 25.45497
11.28071 10.55891 12.61167 0.37306 25.22417
11.33016 10.44635 13.4351 0.43183 24.43361
9.69024 10.14109 14.76448 0.46021 24.99803
10.30589 10.00071 13.88133 0.42581 25.42185
10.51627 10.30725 14.05371 0.47152 24.73255
11.35966 10.61189 12.76822 0.48765 24.83081
9.62878 10.73664 13.6363 0.40998 25.62779
10.5429 10.81615 13.09667 0.42649 25.17123
11.40367 10.06861 13.25741 0.40977 24.91046
11.82493 9.5377 13.59315 0.29829 24.8183
10.92818 10.2742 14.71934 0.31874 23.88238
11.01424 9.83436 15.23934 0.27961 23.78009
10.80248 10.91391 14.21788 0.2733 23.90579
10.6183 10.66445 13.61906 0.26502 24.90503
10.50691 10.8601 14.08774 0.24953 24.41405
10.38455 9.56548 15.62017 0.25615 24.33307
10.13552 9.565 14.67786 0.22683 25.45715
9.80121 10.3393 13.79105 0.27325 25.8576
10.19512 9.38068 15.26152 0.26164 24.98003
10.05768 9.33476 14.5585 0.23209 25.89041
9.16454 10.25509 14.43923 0.24534 25.94932
9.5918 10.25486 14.38642 0.23474 25.59363
10.4785 10.22271 13.1967 0.24877 25.888
9.93842 11.03453 13.16845 0.28939 25.5904
10.40945 10.53522 13.16935 0.3125 25.60714
9.74566 10.44148 13.58579 0.30689 25.94403
9.54282 10.52586 13.81628 0.28824 25.85871
9.67573 10.87814 13.36891 0.32571 25.77876
9.71889 10.41643 13.66287 0.31062 25.91379
9.93738 9.93683 14.36929 0.28125 25.50147
9.79261 9.86151 14.4367 0.25129 25.68894
11.00525 11.02786 12.10517 0.29189 25.61353
9.68075 10.36513 13.62824 0.2671 26.10475
10.02992 10.95527 12.90884 0.28732 25.87581
10.28671 11.53828 12.61421 0.27705 25.34024
9.40492 11.38027 13.05153 0.2598 25.9328
9.13288 11.84255 13.44543 0.2902 25.33687
9.58121 10.13093 14.8157 0.33714 25.18711
9.68398 10.41396 13.73349 0.32235 25.88692
10.02477 10.29049 14.28034 0.43457 25.02932
10.60724 10.25356 14.4186 0.46175 24.3331
10.09251 9.76345 13.52062 0.3613 26.29554
9.41508 10.38556 13.91406 0.36304 25.97733
9.90126 9.49975 15.86314 0.44481 24.44745
10.24927 10.57477 14.32777 0.40899 24.55001
10.02134 10.41315 14.18853 0.35165 25.08968
9.91754 10.8482 14.0662 0.35231 24.87777
9.98094 11.33011 13.93093 0.34257 24.50288
10.63089 10.39911 14.03911 0.33242 24.67687
10.43472 10.26583 13.9318 0.4046 25.06044
11.09555 9.75348 13.32762 0.35438 25.53922
11.48449 10.60087 12.21713 0.44967 25.31128
9.55585 10.46512 13.83751 0.4608 25.73527
9.5806 10.49282 13.53674 0.38492 26.04433
10.61087 10.3278 12.94697 0.37821 25.78371
10.89011 10.33903 13.36498 0.38874 25.09168
9.92534 10.82853 11.81358 0.35909 27.10085
10.18595 10.43766 13.62101 0.45813 25.37337
9.63743 9.8365 14.08793 0.40901 26.06789
9.92361 10.50338 13.60618 0.53392 25.48974
9.99882 10.29046 13.88036 0.54973 25.3491
9.53671 10.71122 13.99985 0.50493 25.32043
10.13875 10.56258 12.71469 0.49963 26.13389
10.36009 10.51055 12.5199 0.42773 26.24312
10.03519 10.15375 13.69002 0.45454 25.74108
10.32673 10.45411 13.95626 0.59091 24.7923
10.19523 10.4554 14.17513 0.50171 24.742
10.13485 11.16402 14.15499 0.41217 24.24537
10.23045 10.09539 14.59061 0.32652 24.84054
11.24039 10.42878 13.49487 0.30584 24.64045
9.8486 10.5373 13.65689 0.32993 25.69607
9.72992 10.21298 14.44908 0.40012 25.30284
9.84186 10.66167 14.19035 0.47988 24.89032
10.24559 9.81387 14.99665 0.46616 24.55323
10.2642 10.03114 13.7464 0.43752 25.5745
9.96767 9.4793 14.92977 0.48916 25.17952
10.14956 9.79959 14.40117 0.44691 25.24737
10.57398 9.42204 14.59853 0.3456 25.11267
9.94717 10.04053 13.21784 0.28558 26.53404
10.45129 9.67403 13.36196 0.29882 26.24738
10.10081 9.8508 13.7331 0.32352 26.02053
9.75827 9.41713 15.22425 0.26554 25.3792
10.59508 9.3817 12.87699 0.27322 26.8994
10.19818 10.36159 13.24243 0.30954 25.92653
9.7162 9.87882 14.08118 0.31375 26.05647
10.20782 10.42233 13.53719 0.36044 25.57146
10.32521 10.99626 13.20262 0.36478 25.20039
10.83086 9.98471 13.16758 0.40481 25.68454
10.76825 9.58484 14.49498 0.48002 24.74911
10.35047 10.04028 14.46771 0.40422 24.81287
10.45341 10.46375 14.03119 0.42574 24.68219
10.71547 10.3172 14.98392 0.4358 23.64031
10.70191 10.06067 14.0088 0.4647 24.84772
10.53637 10.43774 14.48483 0.45374 24.17236
9.90699 9.85616 14.89779 0.40834 25.00447
10.24571 10.1384 14.2293 0.45332 24.9758
10.34123 9.91173 14.22519 0.4279 25.14142
9.99788 10.07033 14.3277 0.37173 25.26784
9.26531 10.07187 14.11179 0.33566 26.23992
8.75494 10.5106 13.73593 0.38354 26.64077
9.39516 10.44395 13.71757 0.40446 26.08173
9.31583 10.65401 14.44276 0.38411 25.2719
9.3969 9.9674 14.32306 0.32699 26.03331
10.05258 10.04663 13.67162 0.30479 25.96068
10.82646 10.02914 12.50681 0.31966 26.34549
11.88326 9.78811 12.93396 0.30976 25.13378
10.64598 9.83442 14.29382 0.2974 24.97011
9.93749 9.75125 14.04805 0.30761 25.98396
10.28402 10.30103 13.82473 0.321 25.34377
10.16021 10.10452 13.73754 0.25036 25.78709
9.88018 10.05455 14.59016 0.25462 25.26588
10.71673 10.2591 14.20842 0.28863 24.60706
10.02654 11.28629 14.06829 0.32483 24.38015
9.64107 10.49119 13.80699 0.31672 25.8091
10.15134 9.88396 13.83859 0.32635 25.84605
9.63984 10.22481 14.2768 0.3252 25.59644
10.22776 9.33001 14.0201 0.33343 26.12512
10.29041 10.21617 12.72683 0.3413 26.45393
10.38271 10.17297 13.40796 0.31696 25.75915
9.92512 9.61332 14.34143 0.28767 25.87782
10.44121 9.15376 14.3655 0.29307 25.7919
11.16904 10.40254 11.8749 0.31535 26.26268
11.04868 10.11853 13.67626 0.39311 24.82902
9.983 10.35737 14.07527 0.32692 25.2974
9.66242 9.87413 14.46251 0.27426 25.76246
10.09445 10.39826 13.39903 0.25715 25.89305
10.52382 9.89707 12.91997 0.2597 26.43554
9.64229 10.94949 14.13171 0.30695 25.01256
10.89023 9.88875 13.62424 0.31677 25.31655
10.91494 10.44594 13.13949 0.3311 25.21079
9.96079 10.89405 13.07666 0.29361 25.8047
10.56927 10.63668 13.68417 0.38199 24.78317
10.28088 10.75099 12.73419 0.36169 25.89604
9.27161 10.72724 13.49835 0.35348 26.17237
10.80427 9.54079 12.52102 0.33767 26.81734
10.77508 9.96449 12.32732 0.37595 26.5887
10.14995 9.78424 13.23294 0.37513 26.47891
10.25609 10.59374 13.46656 0.41875 25.30968
9.30856 10.10775 14.26237 0.36084 25.98912
10.86039 10.20331 12.81622 0.39739 25.76896
10.25198 10.85077 12.7308 0.42529 25.78493
10.78173 10.20203 13.10119 0.32603 25.63763
10.00782 10.0506 14.36006 0.33029 25.30465
10.82033 10.04876 13.71317 0.33265 25.15318
9.1245 9.69375 15.4685 0.38416 25.39585
10.79 9.14303 13.90178 0.33224 25.87526
10.18603 9.95231 13.95374 0.34423 25.61261
9.50979 10.17719 15.03916 0.36667 24.96294
10.00225 9.7688 14.31071 0.40384 25.56139
10.19152 10.34145 13.42088 0.40024 25.69158
10.30953 10.68032 13.28449 0.43698 25.35565
9.89266 11.02136 13.33641 0.37882 25.41386
10.10557 9.8152 14.06719 0.41357 25.64359
9.91811 10.10277 13.88754 0.39589 25.74271
9.99474 10.78755 13.46954 0.37326 25.41601
9.33851 11.14551 12.6383 0.39446 26.50673
10.10869 10.70702 12.83738 0.45429 25.93582
10.72698 9.80658 13.82005 0.46943 25.23389
11.32767 10.55123 12.84299 0.494 24.85247
10.89206 9.95738 13.49815 0.3884 25.33563
9.95915 9.51211 14.74123 0.36989 25.48642
9.41755 9.9956 13.4796 0.28602 26.84721
9.74337 10.56783 12.36262 0.3308 27.02701
9.45048 9.86352 13.06197 0.36927 27.28278
10.92269 10.72572 11.96733 0.43398 25.98628
10.79616 10.50056 12.13401 0.50131 26.1047
10.98526 9.46669 13.81334 0.49806 25.29984
11.35006 9.73341 12.85516 0.42512 25.68823
10.34019 10.4819 13.36281 0.38821 25.46734
10.37649 9.5327 14.59754 0.43136 25.14442
10.24769 9.50798 15.74318 0.39303 24.20131
10.18206 9.13229 15.68295 0.32054 24.73809
9.4315 9.34201 16.93431 0.38014 23.99019
9.81935 9.42394 16.17709 0.37982 24.3
9.90929 9.59025 14.48323 0.35054 25.69378
10.67767 9.48009 13.65041 0.38318 25.84433
9.97507 10.31476 14.08906 0.35974 25.29499
10.74029 10.33066 13.58109 0.41594 24.98478
9.25336 10.31651 13.35637 0.31761 26.77294
9.5185 10.10654 12.35716 0.3364 27.69297
9.59276 9.62465 14.6982 0.40531 25.71856
9.87133 10.66293 13.70484 0.3656 25.43312
10.72339 10.27776 13.73798 0.38818 24.92855
10.34109 10.22269 13.79282 0.37672 25.32361
9.40121 9.17098 14.21889 0.37605 26.86128
10.40288 10.01295 13.44241 0.37167 25.83379
9.93195 10.61933 14.18094 0.35807 24.9706
9.8094 10.45736 14.14044 0.40202 25.24656
10.54361 10.24731 12.90508 0.35679 25.98445
9.77942 9.81943 13.01753 0.30416 27.10051
8.51916 10.25919 13.1025 0.26195 27.87464
9.59714 9.9209 13.16475 0.27632 27.06406
9.33446 10.30806 12.84969 0.31381 27.21282
9.38121 10.55774 13.15926 0.29659 26.61774
9.42282 10.96568 13.00082 0.32337 26.31195
8.82253 10.92054 13.93819 0.38903 25.94984
9.31007 11.21826 12.63986 0.33312 26.5155
9.28759 11.15369 12.81064 0.35455 26.41593
10.07841 10.01876 13.85154 0.35129 25.73429
10.26212 10.61173 13.02578 0.37278 25.76065
9.73985 11.43306 13.06452 0.37888 25.44696
9.99989 10.27912 14.54801 0.37719 24.85626
10.36258 10.48978 14.81238 0.35315 24.11757
9.21379 10.03112 14.84646 0.36232 25.57669
9.23601 10.65044 12.60775 0.28225 27.2478
9.88012 11.07779 12.52749 0.28281 26.26831
9.94804 11.30154 12.83387 0.27624 25.67443
10.16097 11.08876 13.69415 0.35988 24.73903
10.31557 10.82459 13.97892 0.38678 24.53623
9.90394 10.88737 13.54508 0.38614 25.31304
10.60774 9.60071 14.64324 0.37704 24.82905
10.2334 10.16433 14.57285 0.38611 24.68808
10.59127 10.17085 13.77366 0.36703 25.14487
10.89366 9.6665 13.28311 0.35756 25.84872
9.63561 10.72956 13.1645 0.3659 26.1376
9.84647 9.957 14.81375 0.38097 25.06283
9.33142 10.32098 14.35266 0.37472 25.66148
10.21258 9.47219 14.50853 0.37953 25.46647
10.43204 10.17149 12.68575 0.36496 26.36737
9.6277 10.0645 14.582 0.33581 25.43418
10.72252 10.16382 12.37932 0.30458 26.45732
9.31704 11.0326 12.9155 0.31418 26.44759
10.25444 11.02493 12.95161 0.28182 25.53581
10.08965 10.54295 13.61085 0.31945 25.49341
9.98897 10.92625 13.57453 0.30578 25.26809
10.46118 10.74982 13.37245 0.34254 25.13846
10.47257 9.38942 14.69248 0.36479 25.15281
10.61635 10.60514 13.02489 0.32849 25.47817
10.47031 9.95652 14.18277 0.31629 25.11376
10.4747 9.93342 13.69526 0.33681 25.59895
10.41056 10.81795 13.94578 0.39958 24.47688
10.35857 10.01356 13.46757 0.40556 25.80136
10.0341 10.34275 13.76562 0.35811 25.55184
9.14943 9.31777 14.02049 0.29811 27.23588
10.77927 9.36119 13.1248 0.34311 26.41611
10.55956 9.51382 13.48426 0.36728 26.10916
10.3031 9.61559 13.82321 0.38325 25.93655
10.74633 9.59726 13.56764 0.42738 25.72319
10.35868 9.99358 13.25131 0.37514 26.07949
10.25392 10.18888 13.53972 0.40171 25.66776
9.7001 9.92588 13.90478 0.41428 26.10773
10.35638 11.0811 12.56432 0.43284 25.6193
9.49822 10.00558 15.02301 0.37459 25.15226
9.85864 10.1436 14.16332 0.39383 25.47022
10.26857 10.51065 13.13171 0.33447 25.78268
10.26517 10.33846 12.91324 0.34297 26.16257
10.02125 10.53398 12.92057 0.35416 26.19342
10.41529 9.8941 14.20895 0.35184 25.16705
9.97638 9.91727 15.31836 0.38482 24.46389
10.28321 10.10565 13.9476 0.41426 25.29634
9.95762 10.77175 12.65127 0.33057 26.3115
10.22892 11.02565 13.13412 0.32413 25.33053
10.51069 10.1417 14.50236 0.39029 24.52298
9.20547 10.82661 13.95677 0.30444 25.74891
9.01963 10.19981 14.15746 0.29308 26.35348
10.38957 9.78314 14.0007 0.27105 25.61513
9.84412 10.07864 14.128 0.24651 25.73777
10.12513 9.96128 13.80427 0.26499 25.8799
10.60545 10.08818 13.22293 0.30244 25.82747
10.22043 10.63857 13.1288 0.27528 25.77472
9.54715 10.14512 12.93633 0.2584 27.13618
10.04701 10.68581 13.78658 0.3325 25.19018
9.71705 10.0839 13.82063 0.2944 26.11144
9.21158 10.02242 14.38695 0.25557 26.16882
9.95216 10.45361 14.53397 0.27973 24.88389
11.4258 9.89519 14.24273 0.33195 24.19649
10.81535 10.35472 12.88064 0.32688 25.65047
9.85832 10.83442 13.1062 0.30935 25.92362
10.33448 11.2798 12.92434 0.38363 25.11985
10.32684 10.80733 13.16143 0.40199 25.34285
10.27391 11.31918 13.05067 0.50778 24.88207
10.57335 10.45185 13.9502 0.49823 24.55758
10.16745 11.20264 13.47938 0.49031 24.69163
10.11723 10.44985 13.36881 0.44805 25.64763
10.60251 9.63897 13.56274 0.45094 25.77135
9.39931 9.1011 15.62824 0.45105 25.45086
8.99508 9.32619 14.66348 0.39459 26.63901
10.12919 9.38733 13.68716 0.43782 26.38561
9.81962 10.26081 13.367 0.45075 26.13179
9.3569 9.651 15.04203 0.41973 25.55776
9.82896 10.10319 13.08107 0.40457 26.59598
10.35786 9.94145 13.52708 0.41696 25.78333
9.65943 10.01241 13.94404 0.42381 25.98666
11.0419 9.53897 13.01833 0.40604 26.0207
10.08431 9.06608 14.06418 0.37301 26.4415
10.05691 9.92057 14.07325 0.48282 25.50649
9.31082 9.90111 13.28636 0.34156 27.17366
10.32154 9.51793 14.25089 0.40533 25.53898
10.94955 10.28632 12.96423 0.38933 25.47552
9.92426 9.668 14.09843 0.39488 25.96481
9.7807 10.0916 12.98096 0.38232 26.79641
9.85641 10.247 14.20066 0.42979 25.32172
9.41064 10.11657 14.67368 0.38551 25.44848
9.80974 9.87751 14.10187 0.3404 25.89223
10.51167 9.30364 14.61159 0.31523 25.31756
9.77505 9.27469 15.65572 0.40649 24.96629
10.36073 9.87437 14.58164 0.3924 24.85115
10.26348 10.02919 13.88984 0.35469 25.52203
11.1081 9.67388 14.54172 0.36959 24.37465
9.75381 9.71206 14.02256 0.32562 26.21478
9.3243 9.64056 15.14021 0.30311 25.63569
9.6171 9.68082 14.56333 0.39233 25.77582
10.64392 10.00732 14.73479 0.4388 24.23381
11.02825 9.82168 14.75774 0.44326 24.03439
9.3158 10.6491 14.34344 0.41106 25.33385
9.70851 10.28475 14.36948 0.35566 25.3196
9.60222 10.93339 13.29633 0.40356 25.80064
10.08704 10.10721 13.55311 0.37618 25.89992
9.68038 10.77577 13.67758 0.37597 25.52529
10.45979 9.90366 13.79296 0.37825 25.50428
10.55892 10.21067 12.91756 0.36642 25.98795
10.30666 10.30775 13.65444 0.30682 25.45973
10.44788 9.8382 15.32755 0.34921 24.14127
10.73394 10.39396 14.42517 0.37481 24.13731
11.31444 10.01452 13.35352 0.35436 25.00795
10.28741 9.93498 15.12708 0.37962 24.32549
10.841 9.02192 15.69865 0.43118 24.09469
11.18785 9.25162 14.02226 0.34648 25.22685
10.04598 9.60696 15.48428 0.33928 24.56307
9.74154 9.33044 15.18212 0.35309 25.42781
9.7095 9.89627 14.40006 0.33044 25.7014
10.54432 10.16976 12.22945 0.4027 26.68614
10.26252 10.58043 13.04779 0.46924 25.67377
10.5153 9.9712 13.72231 0.41838 25.42162
9.82861 10.72519 14.5669 0.41439 24.5276
9.74485 10.31838 13.58499 0.38524 25.9984
9.17636 10.29933 14.13056 0.40169 26.02242
9.60188 10.18604 14.3045 0.44266 25.50525
10.99674 10.73439 12.72732 0.44135 25.1394
9.99874 10.59011 14.00389 0.48792 24.95898
9.44207 11.25815 13.47064 0.61222 25.26051
9.9729 10.60459 13.90778 0.48428 25.07348
9.78685 11.23138 13.51528 0.44107 25.06244
10.07205 10.98157 13.18304 0.37077 25.44937
10.59853 10.1131 14.08172 0.3675 24.89966
10.06329 10.52301 13.66313 0.41478 25.41439
10.22133 9.29593 14.48222 0.41146 25.67098
10.09081 10.34592 13.63656 0.37487 25.61008
10.09816 10.41486 14.21998 0.37097 24.97021
10.68027 9.85717 14.6463 0.34564 24.53438
11.12113 10.2407 14.07714 0.37838 24.27072
10.76643 10.25159 14.28531 0.33553 24.42189
9.88342 10.08443 15.26792 0.39914 24.43635
9.97986 10.84374 13.88557 0.39221 24.95057
9.81694 10.74923 14.84219 0.43963 24.24628
10.46538 10.86281 13.86595 0.40826 24.52835
10.14925 9.88848 14.12366 0.38605 25.52771
10.30571 10.53961 12.70388 0.30468 26.19724
10.40406 10.18345 13.75116 0.3347 25.40734
9.96625 11.29892 12.11047 0.35117 26.30734
9.30079 11.62775 13.39095 0.36482 25.36767
11.68707 10.02886 12.32819 0.36457 25.65324
10.52605 9.77507 13.99199 0.34025 25.42567
10.21841 11.21629 13.19511 0.34109 25.08169
11.16284 10.15863 13.04857 0.31078 25.37232
10.98953 9.29394 14.00607 0.28141 25.47284
10.30554 10.13902 13.55263 0.2957 25.75277
10.8085 10.20641 13.36787 0.33893 25.33997
10.57524 10.10614 14.14566 0.36621 24.88989
10.68439 10.78331 12.18845 0.33551 26.0611
10.91447 10.31948 13.15026 0.36042 25.3288
10.99378 10.26102 12.68899 0.33833 25.76533
10.44694 10.501 13.85068 0.378 24.88241
10.54192 9.5496 13.83955 0.34414 25.75773
10.72374 9.12389 14.65989 0.34544 25.19434
