"V1" "V2" "V3" "V4" "V5"
4.38485 29.40818 1.35383 0.36916 24.58016
4.63622 29.92949 1.38416 0.3732 23.81211
4.76542 29.35609 1.48321 0.39985 24.11197
4.07912 28.81305 1.45114 0.38438 25.34374
3.97933 28.80653 1.40754 0.35622 25.51244
4.69643 28.8414 1.56564 0.41019 24.58628
4.5796 28.92887 1.5423 0.46923 24.60513
4.01668 28.1854 1.37181 0.36553 26.13065
3.86376 28.66612 1.3487 0.33709 25.85271
4.05062 29.00234 1.33831 0.38476 25.31189
4.91997 28.38445 1.60066 0.40869 24.79398
4.71681 28.72798 1.55608 0.37851 24.73238
4.10833 28.40075 1.53686 0.35508 25.7048
4.18002 29.76099 1.46248 0.36994 24.30847
4.35081 29.37094 1.56006 0.37602 24.44615
4.47939 29.10924 1.38134 0.39528 24.73476
4.21466 29.92146 1.45864 0.45196 24.06215
4.13267 29.30259 1.70291 0.38947 24.54132
3.84038 29.10145 1.63063 0.33534 25.15791
4.16148 29.0622 1.54159 0.37365 24.93685
4.33051 28.73244 1.53914 0.32861 25.15324
3.97455 28.08387 1.64456 0.30457 26.05262
4.39098 28.20056 1.64016 0.34194 25.49465
4.25224 28.68993 1.51027 0.30528 25.30155
3.9735 29.47917 1.49437 0.31668 24.81584
3.89359 28.56341 1.31671 0.29153 25.99547
3.93238 29.56398 1.68364 0.33592 24.56165
4.31735 28.78235 1.63569 0.34002 25.04415
4.3778 27.72834 1.53917 0.40713 26.03015
4.33048 28.69313 1.62611 0.37185 25.07545
4.52104 28.43217 1.60871 0.36057 25.15672
4.33947 29.73774 1.44852 0.37576 24.18195
4.48883 28.96123 1.6008 0.34628 24.66291
4.23974 29.13236 1.49277 0.30547 24.89411
3.89903 28.358 1.43136 0.25976 26.09307
3.96755 28.75557 1.69355 0.27151 25.36349
4.07214 29.91558 1.69259 0.34393 24.05068
3.91289 29.29642 1.57953 0.30459 24.97937
4.08736 28.4494 1.50556 0.29315 25.72283
3.83537 28.78255 1.56313 0.31736 25.53587
4.19455 29.81319 1.61843 0.31334 24.11467
4.33361 29.67032 1.57746 0.30651 24.1867
3.85705 29.11542 1.36684 0.30901 25.39249
4.14433 29.07157 1.47872 0.36576 24.97504
3.88553 29.7666 1.4028 0.38659 24.60504
3.75493 28.79575 1.42909 0.34545 25.70972
4.26389 29.38608 1.65299 0.41274 24.34566
4.27208 29.30014 1.663 0.30303 24.52482
4.22914 28.62146 1.74886 0.28606 25.17536
4.42197 28.5711 1.50626 0.32796 25.22805
4.08983 28.58192 1.5056 0.31046 25.54587
4.2806 28.82406 1.33813 0.25787 25.34802
4.14205 29.96337 1.37131 0.29789 24.29875
4.29849 30.57812 1.37706 0.33482 23.49437
3.89527 29.71607 1.37953 0.30144 24.75571
3.79321 30.41642 1.54105 0.29604 24.05546
4.19002 28.84695 1.45032 0.2627 25.32362
3.98208 29.04598 1.64588 0.25727 25.1193
4.00493 29.19502 1.48544 0.22536 25.16361
3.94269 29.08461 1.48419 0.22086 25.3043
3.96397 29.09775 1.42216 0.23055 25.33622
4.0027 28.96984 1.37628 0.24389 25.46217
4.36094 28.43966 1.46868 0.3155 25.47999
4.36901 28.23738 1.50574 0.29308 25.63917
4.18927 27.97411 1.54169 0.28578 26.04344
4.65223 28.36747 1.57438 0.35966 25.11061
4.89804 27.77987 1.71253 0.36463 25.30465
4.49762 28.42164 1.6098 0.35585 25.1597
4.45664 28.59187 1.66851 0.32986 25.00091
4.44954 28.65834 1.61021 0.31125 25.02118
4.69394 29.11767 1.63594 0.40869 24.20275
4.18991 29.2576 1.56701 0.37441 24.67822
4.76034 28.51815 1.44237 0.39542 24.96148
3.92814 28.35079 1.37477 0.2765 26.11446
3.98032 29.17572 1.34063 0.28584 25.26153
3.48818 29.55181 1.32661 0.34208 25.37309
3.51922 29.8835 1.27852 0.32103 25.0541
3.90667 28.10417 1.50998 0.35515 26.17892
4.36278 28.84827 1.51177 0.43804 24.89554
4.9713 28.97097 1.48985 0.44972 24.19006
4.36425 28.82261 1.49563 0.4193 24.94455
4.23274 28.85133 1.35885 0.38802 25.22098
4.11368 29.40232 1.44161 0.45644 24.64955
3.79143 29.98006 1.61226 0.40295 24.27384
3.87167 28.40136 1.53644 0.31335 25.91876
3.828 29.09411 1.73333 0.32344 25.05697
4.03006 29.0735 1.66211 0.32954 24.96055
4.20926 29.50677 1.42992 0.30914 24.62026
4.16987 29.36484 1.62589 0.26523 24.647
4.24409 29.16708 1.67765 0.31783 24.63927
4.02945 29.21748 1.5265 0.30825 24.96456
4.2041 28.04691 1.39705 0.26479 26.11596
4.45314 27.71365 1.67857 0.29707 25.90709
4.07517 28.11472 1.51148 0.26117 26.07386
4.11532 29.10222 1.51286 0.31526 25.01015
4.42161 28.37149 1.5881 0.33884 25.31998
3.90417 28.69398 1.50885 0.32676 25.59669
3.98693 29.34317 1.6013 0.34257 24.77919
3.65878 29.36254 1.43719 0.28139 25.30784
4.04997 28.73917 1.665 0.28964 25.29313
3.98495 29.37895 1.4504 0.23514 24.98235
4.16304 28.32546 1.47382 0.24873 25.83051
4.12533 28.86249 1.53971 0.27867 25.2383
4.0879 28.90585 1.46035 0.27986 25.32173
4.34798 29.36272 1.40621 0.25959 24.69558
3.86788 28.9849 1.36674 0.27416 25.56353
3.88881 30.62962 1.4972 0.26075 23.87116
4.21366 29.86297 1.41355 0.29811 24.2829
4.41389 29.02819 1.56478 0.37521 24.6874
4.13331 28.4578 1.60324 0.33402 25.53802
4.12674 28.18466 1.59583 0.37647 25.75664
4.11438 28.68822 1.45016 0.37681 25.42295
3.77226 28.48024 1.47753 0.31352 25.99186
4.28621 29.24988 1.46223 0.36403 24.70186
3.93932 29.37202 1.45024 0.2974 25.02088
3.56031 29.8038 1.34048 0.25985 25.10916
3.76192 29.46576 1.33199 0.31556 25.21086
3.92181 30.26373 1.48826 0.32048 24.08485
4.06192 30.27296 1.5957 0.42589 23.74354
4.10197 29.14378 1.59096 0.46367 24.81199
3.88713 30.01935 1.54813 0.42434 24.20599
4.06033 29.45637 1.74194 0.40725 24.41711
4.13088 28.49311 1.6929 0.36629 25.36863
4.30377 28.8636 1.54723 0.41648 24.93065
4.36571 27.7746 1.55151 0.32834 26.03009
4.15898 27.71829 1.60524 0.33797 26.21852
4.0678 27.85033 1.4825 0.28796 26.34157
3.78691 27.31884 1.38613 0.26859 27.26475
4.3957 28.99354 1.60721 0.35564 24.7171
4.31907 28.74189 1.53461 0.40068 25.07732
4.07415 28.66494 1.5164 0.34537 25.45199
3.78478 29.65518 1.48086 0.37698 24.78259
3.52786 28.66921 1.31399 0.29777 26.24286
3.83441 28.73488 1.48032 0.31655 25.7003
3.6921 28.54243 1.62978 0.36341 25.82258
3.82491 28.26301 1.38185 0.3678 26.21083
4.24535 28.48533 1.73024 0.43128 25.1734
3.89271 28.40066 1.67997 0.40292 25.68949
4.09407 28.9512 1.57973 0.39937 25.06145
4.34076 28.79718 1.71737 0.38376 24.8523
3.98317 28.57132 1.55176 0.39986 25.5582
4.37776 29.43032 1.6403 0.46078 24.17055
4.96685 28.76808 1.57628 0.46356 24.31243
4.51583 28.51239 1.61469 0.43089 24.98768
3.94744 29.7007 1.37475 0.3692 24.67165
3.75622 29.22302 1.54036 0.26726 25.26169
4.28075 28.16873 1.64335 0.28361 25.66494
3.77548 29.09746 1.6738 0.29352 25.20543
3.63142 28.57778 1.52925 0.26386 26.04331
3.96091 28.87373 1.42256 0.32881 25.48747
4.33269 30.08766 1.54727 0.36923 23.76608
4.2563 28.63753 1.43697 0.32452 25.40061
4.21559 29.07664 1.57632 0.37817 24.8289
4.14505 29.02535 1.52329 0.28319 25.07927
4.26784 28.96023 1.51668 0.28316 25.02056
4.13931 28.28756 1.55943 0.26755 25.81194
4.7176 29.4108 1.5435 0.27763 24.12497
4.6534 29.51562 1.68091 0.29242 23.95544
4.73998 29.61945 1.8155 0.42881 23.50778
4.62809 28.87274 1.8466 0.36814 24.3554
3.75287 29.6335 1.56909 0.31304 24.81486
4.07925 30.47611 1.41591 0.36698 23.76106
3.64179 29.84337 1.48119 0.32367 24.78458
3.77663 28.23988 1.3903 0.22565 26.41934
3.62319 30.0194 1.49806 0.24848 24.67717
4.10467 29.16631 2.09635 0.26859 24.4437
4.42573 28.5464 1.82016 0.26415 24.99648
4.67317 28.31016 1.83718 0.31958 24.91997
4.15663 29.84727 1.76072 0.31438 24.00987
4.14122 28.81369 1.90041 0.27281 24.91364
5.24552 28.52829 2.00387 0.31691 23.99302
4.31861 28.21198 1.73804 0.25233 25.52552
4.14927 28.99682 1.54229 0.30169 25.05368
4.43268 28.95265 1.45505 0.27697 24.93393
4.35152 28.29973 1.65932 0.33229 25.3913
4.2392 29.35817 1.54694 0.40118 24.51038
3.85631 29.38119 1.41911 0.33991 25.06955
4.32059 28.78199 1.72668 0.30768 24.93808
3.81365 29.22627 1.42589 0.27154 25.33504
3.99197 28.70157 1.55348 0.2712 25.55932
3.99958 30.31453 1.60647 0.34214 23.88244
3.92771 30.97947 1.53109 0.29822 23.41177
4.41731 29.51778 1.42217 0.24516 24.47207
4.53034 29.18634 1.38564 0.26756 24.70907
4.85844 29.37597 1.48723 0.35939 24.01875
4.59186 29.40716 1.59737 0.28928 24.22676
3.95329 29.39144 1.69853 0.2949 24.74042
3.99401 29.16271 1.47102 0.24319 25.1993
3.75009 27.95723 1.40935 0.21562 26.70806
3.69113 29.75115 1.38864 0.26021 24.9826
3.84705 29.76617 1.44223 0.31792 24.70181
3.82376 29.28071 1.52742 0.28685 25.15435
3.64448 29.99304 1.46283 0.27758 24.72875
4.28815 30.03722 1.55507 0.34017 23.92561
4.37111 29.0151 1.59014 0.3578 24.74658
4.61033 29.73361 1.54851 0.43538 23.78342
4.41683 28.3312 1.47108 0.32263 25.50372
4.07906 29.14161 1.59988 0.27049 24.97975
4.14016 28.18432 1.40976 0.20163 26.10833
3.8983 28.15225 1.32798 0.19738 26.4661
4.42778 27.98656 1.66264 0.23976 25.73759
3.87578 29.75796 1.35256 0.24994 24.84528
4.24806 30.54157 1.66226 0.30366 23.36876
4.36604 28.59937 1.51922 0.25593 25.31044
4.4993 29.07632 1.65068 0.2203 24.62978
4.09061 28.83768 1.67314 0.18348 25.26973
4.13761 30.21628 1.38956 0.21981 24.11082
3.99697 29.45092 1.56114 0.22863 24.84982
4.17018 29.71104 1.57005 0.22626 24.40765
3.60117 28.90559 1.39294 0.16743 25.98513
3.82078 28.84254 1.49089 0.21653 25.68152
3.7432 30.51955 1.42427 0.24265 24.12877
3.98226 28.68576 1.46811 0.31201 25.60689
3.99861 27.45154 1.51452 0.3204 26.74441
3.81039 30.35945 1.57027 0.39901 23.93747
3.87419 29.50558 1.57834 0.36885 24.75395
4.00165 29.74628 1.4984 0.38792 24.44398
4.30713 29.5381 1.49105 0.39025 24.36403
4.18613 28.85429 1.65106 0.42827 24.93574
3.89626 29.75077 1.54824 0.38277 24.48146
3.85914 29.26306 1.5291 0.37023 25.04012
3.85038 29.36344 1.49705 0.27937 25.08329
4.19085 28.51337 1.58156 0.28273 25.48802
4.09676 29.65369 1.36988 0.29676 24.64284
3.98445 29.39649 1.55142 0.33743 24.79362
3.63662 29.40856 1.29897 0.37315 25.31903
4.33706 29.2023 1.50327 0.40114 24.62737
4.12789 29.00786 1.4298 0.38062 25.10549
4.01877 28.76172 1.44763 0.30511 25.51525
4.03833 28.48493 1.48576 0.31961 25.70714
4.34863 28.78507 1.53388 0.36544 25.00583
4.01333 28.76623 1.26415 0.3638 25.6302
3.94023 30.16354 1.32612 0.41546 24.22729
3.76444 29.50359 1.4563 0.32537 25.01535
4.36897 29.66155 1.44793 0.34735 24.24664
3.78252 30.28573 1.53879 0.34174 24.14542
3.61611 28.7861 1.59985 0.31987 25.73968
3.84823 28.54595 1.77234 0.35917 25.52144
4.123 28.27871 1.50405 0.32092 25.81866
4.45006 28.67792 1.60635 0.39734 24.93651
4.0528 28.75433 1.58655 0.39525 25.28598
3.93623 28.60003 1.46799 0.39296 25.66208
3.97891 28.36404 1.47777 0.33536 25.89738
4.59074 29.56501 1.3762 0.35315 24.20401
3.78705 29.62786 1.25854 0.26178 25.12347
4.51447 29.1293 1.46675 0.33026 24.62391
4.11289 28.26837 1.43838 0.34792 25.86383
4.09311 29.01473 1.33649 0.3725 25.24211
4.12582 28.62192 1.56724 0.36744 25.35414
4.59121 28.17765 1.6383 0.374 25.26826
4.234 29.89245 1.36623 0.36456 24.22932
4.20105 29.43975 1.55422 0.3802 24.47785
4.13656 30.2238 1.45975 0.34162 23.92057
4.04871 28.9094 1.34484 0.27638 25.48846
4.19952 30.04679 1.33863 0.28902 24.21367
4.26732 29.17518 1.33454 0.33699 24.95609
4.39226 28.55048 1.21879 0.33187 25.56048
4.39554 28.74724 1.31859 0.32796 25.29617
4.39119 28.71944 1.46443 0.31852 25.18681
4.01614 29.05321 1.64808 0.32615 25.03779
4.10906 30.55339 1.4882 0.35744 23.60564
4.31329 30.059 1.41515 0.34461 23.95799
3.78414 29.23955 1.54396 0.28905 25.18973
3.96691 29.44468 1.61095 0.31902 24.73796
3.92281 30.40451 1.727 0.32764 23.72838
4.02209 28.8941 1.85245 0.28135 25.04916
4.15068 28.80612 1.74874 0.31985 25.06209
4.21936 28.04894 1.76713 0.28679 25.72714
4.115 28.94302 1.67795 0.3381 24.96467
4.15365 29.09787 1.84754 0.3006 24.65654
4.05048 29.04009 1.67378 0.28452 24.99784
4.57005 27.82667 1.77213 0.27483 25.6122
4.39444 29.05703 1.64586 0.25186 24.7044
4.27131 29.67815 1.54187 0.27755 24.29721
4.65049 28.49633 1.69196 0.29517 24.91637
4.21375 28.4955 1.58804 0.30598 25.42862
4.41385 29.76469 1.65925 0.36735 23.86493
4.45618 29.47514 1.55195 0.37644 24.20581
3.92184 28.98099 1.58468 0.28602 25.2808
4.49857 28.36791 1.78577 0.30981 25.11196
3.9766 29.54887 1.6158 0.37676 24.56109
3.78738 28.55453 1.47807 0.3251 25.93225
4.29066 28.9041 1.57912 0.3496 24.9725
4.30294 27.80624 1.52269 0.30479 26.10927
4.18586 28.90111 1.5478 0.35326 25.0538
3.92546 28.31924 1.61341 0.32842 25.84845
4.07173 29.5067 1.52755 0.44643 24.48784
4.13247 28.7733 1.354 0.38337 25.39216
4.13705 27.98697 1.40651 0.31874 26.17449
4.64968 27.94735 1.775 0.39789 25.27801
4.40001 29.37277 1.66279 0.35569 24.29087
3.97674 29.30839 1.53171 0.33042 24.90696
3.86855 29.27677 1.38887 0.3188 25.21225
4.10259 29.60909 1.40456 0.37783 24.56908
4.14895 28.89165 1.46428 0.30269 25.24315
3.75666 28.83811 1.66859 0.33716 25.44389
3.86788 28.51883 1.57541 0.32458 25.73982
4.30139 27.8441 1.78167 0.33775 25.76918
4.78361 28.75939 1.97221 0.35273 24.2055
4.02728 29.4981 1.51891 0.31031 24.70172
3.88836 29.98105 1.32613 0.30934 24.57156
4.53021 29.31908 1.39819 0.32013 24.48994
4.25859 29.76562 1.40566 0.36424 24.26554
4.44473 29.82883 1.38292 0.3599 24.05244
3.90962 29.6394 1.51782 0.36695 24.61819
3.28881 29.43054 1.18952 0.29788 25.82866
3.51609 29.31202 1.34351 0.32749 25.53902
4.38785 28.41598 1.45789 0.37801 25.38894
4.01292 28.32788 1.4886 0.37293 25.82749
4.2868 28.47262 1.58981 0.32086 25.37006
4.83401 27.76637 1.69165 0.33067 25.41931
4.28528 29.35157 1.66571 0.45376 24.30562
4.33254 29.65517 1.69918 0.4033 23.99069
4.15015 29.56876 1.64546 0.3642 24.34305
3.91956 28.08271 1.54871 0.26022 26.23176
3.85276 29.35711 1.4431 0.27043 25.14624
3.88383 28.85546 1.46669 0.23937 25.59285
4.06813 28.40891 1.62292 0.28379 25.67157
3.87885 28.11333 1.55566 0.26377 26.22617
4.44887 28.04132 1.54555 0.2941 25.71781
4.30743 29.35282 1.5328 0.39192 24.48772
3.90517 28.56707 1.50654 0.37274 25.68807
3.97063 29.01152 1.52566 0.30052 25.23626
4.05838 28.22528 1.66723 0.30462 25.77923
4.16409 28.62398 1.49856 0.25482 25.50592
4.78874 27.86623 1.59115 0.31194 25.49106
4.56236 28.67351 1.56762 0.34257 24.92353
4.15786 28.85703 1.71409 0.29316 25.02685
4.13956 29.0078 1.51682 0.28492 25.13912
4.17459 29.32755 1.64091 0.27488 24.66509
3.94422 29.36116 1.50248 0.23771 25.01503
4.68821 28.91458 1.66235 0.24858 24.54022
4.4194 29.64577 1.63227 0.29011 24.10579
4.63937 28.67255 1.46266 0.26721 25.02712
4.13215 28.02209 1.42879 0.20202 26.24662
3.74273 29.44078 1.30899 0.19904 25.36058
3.84832 29.70282 1.68127 0.24738 24.60565
3.83012 29.50501 1.52839 0.23778 24.9825
4.28223 29.03702 1.57531 0.34032 24.87433
3.85311 29.53383 1.5803 0.2813 24.86025
4.2236 28.96879 1.53079 0.26351 25.09794
4.03939 29.5485 1.52341 0.19468 24.77296
4.33332 30.26723 1.55107 0.22537 23.76768
4.36669 30.15814 1.67924 0.19796 23.72727
3.90824 31.01053 1.38669 0.21462 23.60624
4.0975 30.14187 1.50951 0.22026 24.11586
4.12668 30.06797 1.58668 0.2663 24.05656
4.04297 30.00229 1.51348 0.28612 24.22315
4.22104 28.6958 1.71761 0.25948 25.18911
3.85628 27.78772 1.60549 0.24131 26.55456
4.10628 28.51914 1.8636 0.26345 25.33874
4.24576 28.93478 1.8758 0.26054 24.78942
3.89424 29.28511 1.78346 0.25167 24.86881
3.97348 28.69705 1.8308 0.26991 25.28276
4.21458 29.29717 1.81265 0.25777 24.48018
4.1987 28.84484 1.66117 0.29394 25.0576
3.90732 29.18674 1.66789 0.30547 25.00391
3.60892 28.99126 1.58994 0.30213 25.55826
3.88278 28.8216 1.60101 0.31362 25.4327
4.11275 28.65232 1.69299 0.32083 25.28521
4.96572 27.81049 1.6813 0.40227 25.2081
4.35012 28.12839 1.59808 0.35414 25.61833
5.0746 28.57049 1.58806 0.47224 24.3858
4.04178 27.98654 1.46562 0.34622 26.20276
3.90704 29.59791 1.50456 0.39783 24.65466
4.45551 28.81258 1.53511 0.38803 24.87464
4.63182 28.30243 1.50299 0.36382 25.26903
4.33417 29.0777 1.43181 0.33421 24.90259
3.93913 29.51785 1.66476 0.35027 24.62324
3.88326 28.18431 1.54078 0.30735 26.13204
4.11726 29.47674 1.62075 0.39293 24.46823
4.4947 29.94027 1.52553 0.43855 23.70093
4.44146 28.77833 1.63804 0.33684 24.88389
4.11384 29.96124 1.68725 0.39787 23.91528
4.4317 29.09498 1.66006 0.39626 24.48379
4.16941 29.27536 1.54014 0.36737 24.70179
4.00328 28.85155 1.53313 0.33929 25.31359
3.69486 27.67507 1.62965 0.26802 26.75949
4.08626 29.53153 1.62779 0.3544 24.46422
4.37281 28.84236 1.65034 0.32604 24.87546
4.00271 28.03223 1.65579 0.25138 26.08684
3.85839 28.68723 1.47275 0.26203 25.75901
4.48638 28.37742 1.63101 0.27632 25.29384
4.01238 29.39657 1.65141 0.37043 24.62455
4.25335 29.13731 1.58174 0.38505 24.69962
4.26696 28.88919 1.64875 0.4138 24.83175
4.05876 28.25335 1.33532 0.31036 26.07782
4.48064 30.33629 1.43611 0.36883 23.45256
4.50812 30.4065 1.40893 0.3712 23.37364
3.89151 28.45663 1.40515 0.34447 25.92798
3.93081 29.25284 1.57103 0.35566 24.92602
4.14845 29.15934 1.50736 0.36536 24.85223
4.38681 29.59347 1.65685 0.45909 23.94519
4.61515 29.14445 1.67451 0.38294 24.23812
4.28367 28.41709 1.54933 0.38516 25.39437
3.9168 29.09053 1.42632 0.38477 25.20433
4.28517 28.45232 1.60717 0.32658 25.36706
4.04698 30.00921 1.31584 0.32972 24.34849
3.93487 29.3546 1.43331 0.35431 24.96597
4.09276 29.27077 1.39385 0.38727 24.90767
3.84161 28.61881 1.39617 0.30674 25.88025
3.4716 29.18231 1.24646 0.29583 25.8362
3.6935 30.37092 1.27937 0.32971 24.37936
4.0558 29.45082 1.30811 0.4237 24.80142
3.79082 28.79921 1.3329 0.41657 25.68823
3.64133 28.76955 1.26278 0.37208 25.98716
3.57742 28.25222 1.42236 0.32828 26.46164
4.33811 27.72249 1.7848 0.30089 25.89548
4.78364 26.39084 1.90987 0.26175 26.68524
4.30893 27.74059 1.63362 0.25921 26.08324
4.50135 27.99521 1.64226 0.3001 25.60124
3.81107 28.21696 1.59296 0.23463 26.1792
4.27588 28.27711 1.73692 0.27102 25.48747
4.15447 29.735 1.58788 0.25174 24.36275
4.32882 28.27859 1.61552 0.24605 25.56525
4.27377 29.58376 1.58979 0.31994 24.29266
4.17616 28.65017 1.85704 0.32955 25.03128
4.03086 28.21892 1.59882 0.2713 25.91482
3.82399 28.30637 1.46353 0.27654 26.1571
3.77323 29.11341 1.58521 0.24822 25.33029
3.66951 28.28769 1.64394 0.26276 26.16692
3.7843 28.12631 1.47085 0.24454 26.4019
3.81502 28.62382 1.4566 0.28156 25.8547
3.51251 28.91285 1.61277 0.32802 25.65545
3.95434 28.66834 1.43397 0.3704 25.60168
3.89569 29.51358 1.39399 0.38602 24.85492
3.76634 28.2926 1.42286 0.34505 26.19031
3.87318 29.09493 1.53471 0.34767 25.18834
3.76471 28.14371 1.31864 0.291 26.50533
3.53535 29.08704 1.30444 0.34849 25.75758
3.70069 28.21332 1.46762 0.39938 26.24042
3.73401 28.16801 1.54746 0.36054 26.2278
3.75865 29.30548 1.35868 0.34839 25.2721
3.83264 29.22114 1.36242 0.34767 25.2811
4.06761 28.27417 1.46013 0.27585 25.95955
4.22791 28.72125 1.26246 0.28964 25.54727
4.02818 28.06945 1.33092 0.29359 26.31197
4.62443 28.7874 1.20547 0.32109 25.12322
4.15166 28.69687 1.27447 0.29206 25.61763
4.0658 29.95929 1.45034 0.3423 24.28407
4.08657 29.41515 1.40372 0.26857 24.88952
4.17316 29.17661 1.51304 0.27793 24.917
4.49907 28.27576 1.47385 0.2914 25.51427
4.37135 29.09619 1.58239 0.30225 24.72833
3.84001 29.01718 1.41128 0.28834 25.48745
4.02221 29.18621 1.45699 0.27502 25.12473
3.93703 29.38341 1.45674 0.29983 25.0305
3.9137 29.03485 1.47263 0.30836 25.34247
3.71728 28.953 1.46553 0.22463 25.70653
4.20948 29.03157 1.46625 0.24796 25.10606
4.07198 29.06897 1.40034 0.25637 25.26426
3.48051 29.91477 1.38021 0.21283 25.08076
4.19221 29.19157 1.43094 0.20645 25.04565
3.6542 29.26399 1.34508 0.20324 25.57888
4.06696 28.4508 1.4917 0.24156 25.79369
4.15264 29.11211 1.45345 0.24989 25.10015
4.18893 29.45426 1.4092 0.24047 24.80145
3.65079 29.56061 1.5063 0.23251 25.14989
3.91142 29.23126 1.59123 0.26882 25.06966
4.38307 28.64861 1.54495 0.26164 25.21833
4.725 28.41379 1.55574 0.25254 25.13393
4.95104 28.92937 1.61321 0.28639 24.30724
4.10287 29.66967 1.52176 0.22969 24.56725
4.38721 29.20754 1.66562 0.26071 24.56649
4.06019 29.89304 1.62602 0.28629 24.2472
4.07724 28.90616 1.49302 0.2779 25.31536
4.40704 29.00271 1.4902 0.29362 24.91001
3.8922 29.31181 1.42346 0.27962 25.16474
3.76248 29.70386 1.56037 0.30804 24.71338
4.26422 28.89586 1.55326 0.30701 25.03491
4.10058 29.5298 1.39902 0.34569 24.70111
3.90436 29.41552 1.63772 0.34224 24.75574
4.19355 29.53797 1.51573 0.32588 24.48582
4.54908 29.09737 1.66755 0.36641 24.38854
4.18727 29.45536 1.41454 0.33567 24.6694
4.04403 29.22885 1.48365 0.32955 24.97991
3.75092 28.47557 1.48099 0.30139 26.04814
4.16548 28.32555 1.57167 0.27562 25.70139
4.38194 28.72222 1.63971 0.37778 24.94197
4.37239 27.93427 1.88188 0.32305 25.56863
4.02327 28.71492 1.59349 0.31428 25.43479
4.10684 29.82929 1.72343 0.30593 24.13163
3.71632 27.99593 1.64245 0.24418 26.43213
3.80379 29.70104 1.65463 0.32795 24.57262
3.97827 28.77918 1.58647 0.25073 25.4605
4.00403 29.15829 1.44573 0.24428 25.20318
4.90856 28.64883 1.82115 0.2868 24.4263
4.1923 28.71379 1.55307 0.25381 25.35002
4.25706 28.83315 1.42984 0.22107 25.31243
4.28992 29.38196 1.66316 0.24429 24.48525
4.22436 29.26538 1.64354 0.26075 24.68052
4.25509 28.90971 1.64809 0.21289 25.06659
4.30637 28.27136 1.55242 0.21891 25.71383
3.32129 29.03711 1.31473 0.22311 26.17465
3.89522 28.74369 1.39945 0.17757 25.82919
4.28453 28.68163 1.46715 0.2304 25.39945
3.57928 28.89821 1.4119 0.29348 25.85995
4.20603 29.38029 1.43723 0.34313 24.69468
4.17379 28.94087 1.28537 0.33282 25.32953
3.99107 30.04094 1.5444 0.40509 24.10595
3.92134 28.80464 1.66837 0.3471 25.31399
4.50207 28.72381 1.85329 0.37779 24.60506
4.48633 28.73756 1.69929 0.31101 24.81489
4.03798 28.54259 1.63879 0.2903 25.53922
3.85098 29.44546 1.56217 0.31628 24.87146
3.81068 29.42846 1.44869 0.29493 25.07151
4.22403 29.10246 1.53422 0.33235 24.86372
4.69369 28.17698 1.69298 0.35207 25.14942
4.1851 30.06517 1.39327 0.32336 24.10614
4.43776 29.93996 1.52363 0.34725 23.84766
4.15371 29.3535 1.39982 0.3009 24.87107
4.0368 28.87156 1.50332 0.28071 25.37973
4.17062 29.97239 1.45037 0.28989 24.20513
4.0243 29.76351 1.45678 0.25953 24.58076
3.8818 28.4861 1.48541 0.22528 25.96345
3.83895 29.32594 1.57459 0.23877 25.08691
4.08143 29.36815 1.49247 0.30029 24.80862
3.92482 28.16886 1.31499 0.25893 26.36132
4.06842 29.5441 1.5231 0.29641 24.64675
4.86784 29.52345 1.37257 0.29804 24.029
3.78828 29.21686 1.3052 0.28159 25.45658
3.50439 29.99048 1.33506 0.23094 24.98765
3.63348 30.26442 1.29183 0.2455 24.63047
3.76021 30.00587 1.2312 0.30462 24.77172
3.41778 29.88922 1.11482 0.32974 25.29344
3.64382 29.60931 1.20749 0.29302 25.28865
4.04303 29.99996 1.36587 0.36752 24.27382
4.1677 28.65063 1.46473 0.30084 25.44769
4.52707 27.55699 1.57742 0.27888 26.10347
4.33246 28.96452 1.45738 0.31415 24.97422
4.51345 29.16383 1.63135 0.3728 24.37931
4.03571 27.93265 1.87426 0.28656 25.91186
3.63274 28.47541 1.58804 0.34885 25.98599
4.00209 27.76294 1.65706 0.28644 26.32589
4.27362 28.59822 1.73509 0.35303 25.08656
4.58732 28.60037 1.66874 0.33337 24.86489
4.43332 28.33072 1.55585 0.30994 25.40879
4.53718 29.40575 1.54252 0.31772 24.27262
4.48052 28.56078 1.53453 0.27511 25.21291
3.85602 30.55686 1.5112 0.24302 23.92394
4.77984 30.1216 1.39723 0.30014 23.50704
4.30811 28.90353 1.34071 0.26598 25.26749
4.7808 28.33222 1.66318 0.3281 24.99473
4.81211 28.92062 1.55145 0.31794 24.53553
4.89531 28.49218 1.63459 0.32856 24.73866
4.38086 28.36708 1.52983 0.28055 25.50851
4.69096 28.98647 1.63593 0.29679 24.46013
4.39333 28.35812 1.67308 0.29831 25.32284
4.35057 28.17098 1.56613 0.36183 25.59437
4.13728 29.148 1.43179 0.35477 24.99706
4.12055 29.04778 1.4238 0.34902 25.15271
3.76274 29.42321 1.37847 0.33894 25.15408
4.20263 29.82794 1.38293 0.42549 24.23899
3.68491 29.31741 1.32722 0.41522 25.30293
4.21369 29.73278 1.51488 0.4672 24.15441
4.54678 29.57613 1.56665 0.42513 23.95402
4.61443 29.32092 1.53949 0.43909 24.15691
4.36615 29.90731 1.46102 0.46252 23.89033
4.50016 28.7383 1.42409 0.37357 25.01877
4.27754 28.17535 1.69408 0.30228 25.61532
4.64396 28.19958 1.4618 0.29101 25.47601
4.85096 29.41703 1.47156 0.38837 23.96301
4.75528 29.102 1.56986 0.38561 24.25737
4.41284 29.63488 1.54101 0.38773 24.09884
4.46693 28.12526 1.91586 0.32727 25.21528
3.59421 29.10238 1.71703 0.36157 25.30468
3.89013 30.20408 1.60428 0.39967 23.99429
3.87316 30.59785 1.55135 0.3724 23.67945
4.00861 29.04245 1.67019 0.34137 25.00154
4.21256 28.87442 1.51975 0.35213 25.10205
3.94535 28.11486 1.52123 0.29891 26.16163
4.26982 28.02831 1.41049 0.3033 26.03274
3.59985 28.67404 1.2442 0.30361 26.20295
3.8631 28.50774 1.37605 0.35584 25.92998
4.14581 28.12783 1.41426 0.36051 25.97684
4.48187 28.67428 1.76592 0.42317 24.71168
4.09733 28.58043 1.53936 0.3374 25.48551
4.09637 28.71388 1.47198 0.33562 25.4242
4.27501 29.16145 1.41504 0.37102 24.83408
3.87093 29.16471 1.49949 0.32561 25.19059
3.65722 29.41525 1.5815 0.31442 25.0856
3.93006 29.12975 1.72657 0.2983 24.9743
3.98407 28.00473 1.55668 0.31158 26.17783
4.2689 28.98507 1.43262 0.32637 25.03251
4.09272 28.74082 1.49523 0.2818 25.45639
4.01313 29.45986 1.302 0.30484 24.98235
3.85138 29.27194 1.48959 0.30369 25.13045
3.96521 30.33323 1.41221 0.33326 24.01832
4.06182 30.27541 1.47862 0.3249 23.93204
4.27236 29.80344 1.61427 0.34973 24.02156
4.31279 30.26578 1.65559 0.29502 23.56754
4.4745 29.44902 1.70002 0.31895 24.119
4.09858 27.724 1.68885 0.2092 26.31552
4.6612 28.52216 1.68311 0.25698 24.94493
4.22793 28.11376 1.65861 0.21477 25.83806
4.62402 28.45551 1.81463 0.31729 24.85103
4.52358 28.59385 1.78006 0.31709 24.85367
3.85113 27.59248 1.62124 0.29354 26.67178
3.8255 28.37754 1.46929 0.32661 26.04382
3.85032 28.49516 1.55057 0.32766 25.80779
3.91352 29.34838 1.29453 0.34965 25.14036
3.91762 28.7842 1.21919 0.39333 25.71304
4.04731 29.3009 1.30723 0.41891 24.96571
3.91665 30.12985 1.33424 0.40083 24.26688
3.86823 29.19407 1.29313 0.36757 25.32659
3.96821 30.57602 1.30881 0.50856 23.717
3.85233 30.06078 1.45623 0.4629 24.23145
3.94145 29.00547 1.66512 0.41449 25.01511
4.21647 29.46086 1.68255 0.40557 24.29699
4.31679 29.53845 1.63826 0.52162 24.07042
4.0654 28.82825 1.49169 0.35671 25.3325
4.24808 28.82413 1.5262 0.38378 25.09438
4.18266 29.50453 1.64507 0.33714 24.40684
4.18963 29.35728 1.53264 0.30833 24.68568
4.23388 29.15616 1.43316 0.32147 24.93025
3.89783 28.78225 1.307 0.31662 25.75944
4.09607 28.94674 1.35479 0.29433 25.39822
3.75731 30.15612 1.32692 0.33701 24.49175
4.25556 29.72685 1.36256 0.35884 24.35658
4.34407 27.99541 1.42528 0.33794 25.95291
4.39025 29.23096 1.47158 0.37365 24.63288
4.17483 28.71573 1.5222 0.31467 25.32724
4.2938 28.65025 1.49353 0.30117 25.31297
3.96053 29.927 1.55741 0.34417 24.28172
4.41659 29.14005 1.64374 0.37063 24.48065
3.91235 30.22188 1.53769 0.35111 24.04721
4.32076 28.98832 1.6107 0.32204 24.82426
3.80598 30.01359 1.46588 0.3131 24.46008
3.78347 29.87543 1.47678 0.27633 24.65173
3.81219 29.22994 1.49702 0.24669 25.27863
4.41091 29.37863 1.51748 0.26677 24.49782
3.81713 28.29831 1.49763 0.22415 26.22082
4.41657 28.57422 1.58956 0.25242 25.24399
4.62685 29.18848 1.56856 0.32404 24.36631
3.68532 28.29731 1.45537 0.22635 26.36756
4.17295 28.64728 1.52006 0.22796 25.47519
4.17855 30.45522 1.42396 0.28143 23.75133
4.05173 30.20867 1.58392 0.30034 23.92671
4.63112 29.19868 1.51167 0.33902 24.37417
4.58135 29.44923 1.44831 0.31176 24.29166
4.57555 29.08717 1.33337 0.35606 24.71215
4.15218 28.98507 1.35739 0.33768 25.21712
3.8601 28.71619 1.39368 0.3037 25.766
4.47689 28.58136 1.50179 0.31976 25.16598
4.91817 28.6514 1.52329 0.28898 24.70791
4.59385 28.43665 1.63818 0.27326 25.1073
4.41055 28.61396 1.83349 0.24539 24.95708
4.5124 29.61518 1.59368 0.2751 24.07978
4.34704 28.72201 1.41106 0.28467 25.31601
4.10542 29.13022 1.49499 0.23077 25.11953
4.16762 28.57003 1.738 0.21384 25.41013
3.76645 29.08218 1.47835 0.21558 25.52648
3.7656 28.69161 1.50008 0.24272 25.86641
4.87764 28.11411 1.80719 0.27346 25.01226
4.60148 28.03938 1.81058 0.23273 25.37383
4.26269 29.40286 1.71765 0.26823 24.44269
3.98851 28.97898 1.52317 0.22226 25.34326
4.28724 28.57694 1.6219 0.26777 25.31242
3.8056 29.17773 1.47784 0.27068 25.31049
3.71715 29.97244 1.45055 0.35332 24.54943
4.06954 28.95423 1.57335 0.31905 25.13347
3.36616 29.06354 1.40272 0.26486 25.9412
3.44819 29.81291 1.36207 0.33415 25.07588
3.86759 29.20833 1.49059 0.32218 25.14799
4.05802 30.64479 1.4211 0.35257 23.61365
4.11943 30.36554 1.48851 0.32015 23.82594
4.39078 29.21077 1.37182 0.30794 24.77136
4.28785 28.72874 1.47362 0.26623 25.29139
3.81552 28.92733 1.43384 0.28942 25.58895
3.76598 29.32302 1.26438 0.2668 25.43259
3.44829 29.73185 1.23613 0.24818 25.37764
3.60909 29.52199 1.34236 0.26663 25.31478
4.06541 28.92023 1.5439 0.32503 25.20336
3.97249 28.50588 1.47416 0.30432 25.77983
3.98081 29.1165 1.47741 0.34657 25.14412
4.29152 30.11437 1.5171 0.39932 23.80109
4.01697 28.34323 1.40552 0.29113 25.9853
3.89468 29.29904 1.61399 0.32099 24.95795
4.73265 28.55224 1.9705 0.38712 24.49385
4.52065 28.79193 1.66736 0.3775 24.75601
4.66441 28.45464 1.65608 0.32918 24.96014
4.80214 29.13185 1.61943 0.37017 24.19155
4.09919 28.53267 1.48579 0.32867 25.64687
4.22148 28.39494 1.36495 0.29725 25.7747
4.16387 28.57728 1.39637 0.35243 25.57498
4.57513 27.99329 1.52555 0.36538 25.58886
5.09363 29.31424 1.40254 0.41196 23.86438
4.40743 28.35587 1.60547 0.42927 25.27237
4.06082 28.55591 1.48563 0.34431 25.6342
4.38082 27.72435 1.45221 0.31815 26.17788
4.56793 27.96628 1.64737 0.34393 25.5326
3.98272 28.14674 1.46411 0.32232 26.12217
4.15066 28.6312 1.51977 0.34654 25.42508
4.02354 27.88571 1.61363 0.34133 26.18128
3.8163 28.4268 1.50301 0.34292 25.97419
4.17825 28.92394 1.73537 0.40642 24.85664
3.82599 29.4371 1.61852 0.39701 24.80064
4.19366 30.41208 1.48311 0.41799 23.6146
4.08084 29.24759 1.43974 0.32976 25.00591
3.98399 28.23651 1.44491 0.3164 26.09223
3.76713 29.20192 1.47773 0.36092 25.27775
3.63889 29.98575 1.51637 0.32526 24.60833
3.578 29.90743 1.53907 0.26696 24.79647
3.93431 28.95188 1.69035 0.2161 25.31513
4.36093 28.55395 1.54699 0.21433 25.42298
3.88972 28.87936 1.48977 0.25559 25.57038
3.92461 28.63081 1.56328 0.27533 25.69393
3.84634 28.887 1.45834 0.31011 25.55778
4.12499 28.45399 1.53869 0.32224 25.63106
4.04177 29.33455 1.46732 0.36031 24.8649
3.72869 28.34793 1.56854 0.34566 26.04875
4.25022 28.28825 1.60612 0.35838 25.54603
4.27237 28.33171 1.54529 0.33981 25.56042
3.9346 28.33058 1.39261 0.31143 26.06979
3.71435 28.50136 1.57388 0.268 25.98461
4.042 27.74137 1.61534 0.24824 26.38192
3.98277 27.31168 1.70068 0.24006 26.79313
4.26282 27.18121 1.69251 0.26167 26.63453
3.96194 28.90695 1.64117 0.30769 25.23835
3.65127 29.29476 1.58831 0.32342 25.19642
4.01842 29.34117 1.63509 0.30219 24.80324
3.69457 29.4169 1.2898 0.29069 25.36646
4.08919 29.01808 1.57141 0.342 25.05478
4.21319 29.11163 1.6639 0.3836 24.71049
4.40171 28.84261 1.62654 0.34663 24.87689
4.21868 29.45457 1.57493 0.39153 24.44454
4.32517 30.71594 1.56532 0.41225 23.11657
4.04304 29.13109 1.52037 0.3607 25.01835
3.86493 29.57912 1.52458 0.34999 24.75259
4.03177 29.21142 1.60155 0.38749 24.83385
3.84587 28.90075 1.4672 0.36105 25.46157
3.94782 28.5668 1.49005 0.32125 25.71373
4.1344 28.70239 1.71437 0.37016 25.11302
3.85984 30.2643 1.51875 0.42457 23.97456
3.63361 28.75554 1.44256 0.35508 25.83858
3.79585 28.04659 1.38845 0.36602 26.42913
3.55243 29.03844 1.43596 0.32092 25.6903
4.00876 29.02388 1.72041 0.31202 24.98673
4.55047 28.87922 1.52557 0.26804 24.83435
4.37266 28.87704 1.49731 0.26244 25.04987
4.83274 27.40513 1.53691 0.2321 26.03306
4.37511 28.62006 1.55772 0.26721 25.22463
4.35459 28.00358 1.66233 0.27816 25.73672
4.22191 28.40613 1.60094 0.29949 25.51537
4.15147 28.92227 1.42937 0.28611 25.2594
4.08686 29.05313 1.61694 0.31906 24.97025
4.75357 28.3369 1.64789 0.3324 24.97601
4.08314 29.44641 1.70802 0.40836 24.41542
4.3739 28.01111 1.62639 0.36644 25.67418
4.39218 28.95549 1.53007 0.38387 24.79199
4.03032 29.34978 1.60349 0.4001 24.6724
4.42379 27.51998 1.54576 0.37598 26.1671
4.1046 28.02918 1.59188 0.34518 25.95806
4.35505 28.46295 1.60672 0.32597 25.30174
4.3953 28.47725 1.61388 0.31575 25.25729
4.42088 27.59882 1.60012 0.29723 26.12882
4.20219 28.43722 1.46428 0.33489 25.61177
4.32402 28.61015 1.55246 0.3627 25.21848
3.99241 28.81228 1.66897 0.29447 25.28271
3.89958 29.22296 1.68312 0.29036 24.95595
3.43026 29.39272 1.49057 0.2544 25.47266
4.01631 28.79963 1.33043 0.26023 25.6359
3.97893 29.77972 1.49376 0.35629 24.44239
4.10753 29.42078 1.44117 0.30392 24.77922
3.77169 30.12286 1.35122 0.29413 24.50992
3.91495 28.97282 1.35202 0.26428 25.53541
4.75268 28.53301 1.49857 0.34798 24.92775
4.27869 29.33245 1.46254 0.31338 24.67668
4.04533 28.45662 1.60587 0.31896 25.61909
4.40029 28.29364 1.42447 0.34168 25.58584
4.28402 27.91652 1.38922 0.33676 26.11089
4.45373 28.40534 1.42902 0.37718 25.3881
4.04307 29.40599 1.53876 0.44371 24.61327
3.6487 28.41343 1.45555 0.36982 26.13604
4.24188 28.93234 1.49495 0.32641 25.06676
3.66396 30.11455 1.32153 0.3436 24.63036
3.97064 28.83053 1.40683 0.29133 25.5377
3.97839 29.4327 1.48861 0.31306 24.83373
4.53196 29.68447 1.60823 0.33142 23.91578
3.64383 29.41494 1.74044 0.34994 24.90616
3.96819 28.48435 1.5174 0.27136 25.79607
3.85337 29.34491 1.45943 0.2764 25.12285
3.75875 30.04901 1.6797 0.29842 24.28818
4.81598 28.30174 1.63421 0.302 25.00865
4.36279 29.44269 1.54163 0.28352 24.44378
4.22121 29.85212 1.38822 0.30893 24.3544
3.95768 29.84048 1.35064 0.24463 24.66561
4.23508 28.89474 1.7021 0.32736 24.93073
4.63833 28.43579 1.61215 0.28573 25.11217
4.19398 29.34688 1.4861 0.24693 24.80281
3.53224 30.16849 1.42459 0.29764 24.65478
3.95617 30.01319 1.52126 0.36433 24.23468
4.73717 28.89798 1.5714 0.39079 24.49266
4.5756 28.99756 1.40443 0.41081 24.70446
4.25679 28.57717 1.39778 0.34667 25.48576
4.43933 27.42488 1.63395 0.32167 26.22964
4.13176 28.21291 1.53764 0.27839 25.88034
4.066 29.09286 1.44539 0.31003 25.15066
4.11279 28.98991 1.39127 0.37946 25.18272
4.55444 28.86451 1.46832 0.42247 24.75055
4.38387 28.95697 1.39112 0.48452 24.85693
4.35857 28.70054 1.51876 0.43925 25.05657
4.47208 28.02602 1.41131 0.35587 25.77228
4.00101 29.35805 1.31648 0.36433 25.01515
4.34268 29.28421 1.5565 0.423 24.48572
4.4716 28.97549 1.81017 0.29816 24.50811
4.7676 29.22474 1.77654 0.29141 24.03318
4.28331 29.1836 1.89425 0.35327 24.37398
4.48965 28.72094 1.76353 0.30448 24.79815
4.20054 28.6283 1.71736 0.3625 25.14095
4.18452 28.31493 1.71988 0.33191 25.50516
3.84681 28.47879 1.63089 0.30939 25.76722
3.92608 28.71576 1.78317 0.33121 25.31131
4.05365 28.09779 1.73422 0.27874 25.86991
4.57485 27.58757 1.55062 0.28267 26.04749
4.01288 28.62941 1.61875 0.31704 25.47868
4.01259 29.11493 1.53727 0.29977 25.10269
4.36788 28.52714 1.49019 0.32144 25.37465
4.38502 30.27003 1.48816 0.38917 23.60547
3.71047 28.67419 1.49401 0.29025 25.89957
4.14255 29.2701 1.41107 0.28905 25.01365
3.70211 30.28941 1.49412 0.29192 24.333
3.91858 29.55046 1.68232 0.30197 24.64399
4.20662 29.23839 1.53014 0.29076 24.84603
4.43082 28.1327 1.39523 0.21564 25.88892
3.67819 28.73883 1.36545 0.18283 26.09834
3.70001 27.61339 1.31179 0.16649 27.25259
4.02847 28.82399 1.37549 0.24239 25.58578
3.6853 30.18204 1.33687 0.26151 24.59695
3.82058 29.94169 1.33755 0.23939 24.74859
3.65849 29.36643 1.3896 0.29605 25.35194
3.68529 29.64174 1.30686 0.25795 25.1839
3.42464 30.43985 1.32045 0.31599 24.5697
4.32546 29.07677 1.61147 0.33042 24.74767
4.56722 29.59347 1.6009 0.31611 24.0436
4.47787 29.52652 1.67273 0.33382 24.12893
4.5862 29.02861 1.55745 0.32201 24.59865
4.5254 29.80031 1.78816 0.28567 23.74214
3.8655 29.8026 1.71356 0.40819 24.3049
3.52432 28.87598 1.38948 0.28795 26.00245
3.61388 29.40223 1.52833 0.27489 25.2801
3.90495 29.71617 1.56673 0.29696 24.59621
4.13222 29.44296 1.60947 0.35 24.55302
4.45027 29.2615 1.53789 0.36805 24.43546
4.25308 29.38686 1.65457 0.37553 24.38536
4.20022 28.57691 1.61154 0.37236 25.28215
4.43853 28.75671 1.47143 0.35559 25.02028
3.65178 28.47201 1.33145 0.30995 26.25468
3.80168 29.45294 1.31583 0.27424 25.20902
3.74934 29.0677 1.34223 0.33172 25.54395
4.1126 28.88966 1.53552 0.40112 25.10065
4.07189 28.98394 1.46982 0.37901 25.14919
4.59021 28.00626 1.47081 0.40446 25.55697
3.95071 28.55045 1.31539 0.39288 25.81831
3.90506 28.42681 1.45037 0.32534 25.92266
4.21159 27.67048 1.5272 0.28257 26.35206
3.76523 28.4606 1.35565 0.32615 26.1273
3.98499 29.28985 1.36481 0.29675 25.13347
4.27313 29.36245 1.5504 0.35229 24.54389
4.43216 29.45842 1.60742 0.35764 24.23894
4.61902 29.02542 1.59694 0.31541 24.53502
4.80236 28.63415 1.82622 0.28 24.54635
4.06679 28.46672 1.49831 0.18906 25.82315
3.79738 29.43122 1.4741 0.23375 25.14325
4.02561 29.22969 1.35725 0.23286 25.21995
4.34968 30.36452 1.61069 0.29311 23.48252
4.29022 29.15937 1.39882 0.26069 24.97363
4.13898 28.5351 1.5164 0.25877 25.60338
3.6936 28.2757 1.57826 0.234 26.24982
4.6328 28.95003 1.49903 0.26103 24.70998
4.19319 30.65547 1.47955 0.33067 23.48676
4.11085 29.3383 1.57281 0.26801 24.81542
4.15294 29.81236 1.54568 0.3202 24.28676
4.40558 29.20612 1.40784 0.33497 24.75077
4.3134 29.28286 1.48799 0.38384 24.60226
4.26634 28.06294 1.51165 0.35175 25.85703
4.14232 29.68162 1.37691 0.38339 24.49205
3.9587 28.68493 1.61182 0.32586 25.46341
3.98385 28.51177 1.69208 0.38577 25.45655
3.9052 29.5302 1.53637 0.37847 24.69085
3.78336 29.1188 1.3422 0.32559 25.45984
3.65081 29.21203 1.3328 0.31972 25.51525
4.02069 28.70997 1.61674 0.28316 25.40342
4.27948 29.26131 1.6422 0.31792 24.57153
4.29468 28.96384 1.46599 0.31212 25.02072
3.99314 28.45454 1.23813 0.28765 26.06477
4.08276 28.89195 1.45069 0.26434 25.36965
3.96387 28.39123 1.5239 0.2793 25.88979
3.85853 29.99268 1.43702 0.29698 24.48928
3.94821 29.6355 1.48023 0.27829 24.73543
4.07594 28.89162 1.4643 0.23996 25.39462
3.99445 29.34655 1.61538 0.25942 24.84143
3.83981 30.20215 1.69675 0.32743 24.03737
4.21011 29.36911 1.61023 0.3101 24.57864
3.68569 29.54566 1.42892 0.27411 25.13398
3.43192 28.8518 1.39837 0.22734 26.1296
3.91345 29.43186 1.52828 0.28478 24.89043
4.05121 28.59854 1.61691 0.25055 25.51609
4.12106 28.20469 1.81687 0.21708 25.68815
4.18561 27.93435 1.72586 0.20086 25.98482
4.62559 29.04489 1.72659 0.29338 24.38539
4.27511 28.66221 1.48781 0.25979 25.34566
3.80257 29.27301 1.51539 0.21451 25.2304
4.11036 29.41419 1.45762 0.28429 24.77618
3.9652 30.27643 1.5801 0.34795 23.87842
4.2274 29.94098 1.54644 0.42813 23.90708
4.08788 30.66834 1.67645 0.46552 23.15747
3.9142 30.31861 1.48902 0.3824 23.95182
3.92692 29.60902 1.48016 0.33694 24.69903
4.22365 28.74911 1.60905 0.28239 25.17453
4.06961 28.34533 1.6311 0.27876 25.71378
3.88012 29.1808 1.63862 0.27425 25.09267
4.08147 28.8562 1.52372 0.29918 25.29816
3.93783 29.42585 1.47797 0.30067 24.92816
3.91575 29.26998 1.51814 0.27444 25.06865
4.1396 28.87097 1.41756 0.2807 25.33717
4.07893 29.35241 1.39877 0.31519 24.90954
4.18032 28.30044 1.40277 0.29657 25.86345
4.43091 28.16573 1.53223 0.3162 25.59326
4.68668 27.96039 1.72616 0.34895 25.33637
4.21852 29.0618 1.555 0.39211 24.82078
3.77573 28.05962 1.50046 0.29212 26.39629
3.97546 27.74501 1.61967 0.32782 26.35505
3.97949 28.81656 1.45409 0.3306 25.47303
3.67145 27.79422 1.51591 0.29762 26.74363
3.77458 27.81429 1.38283 0.31541 26.73228
3.76709 29.39047 1.42032 0.35456 25.11971
3.88121 31.0705 1.3627 0.40334 23.38167
3.85229 29.10813 1.34394 0.30214 25.44131
4.19001 28.24728 1.57752 0.28091 25.75468
4.21317 28.94273 1.69699 0.42555 24.77726
3.8775 29.30385 1.53615 0.41512 24.91072
3.71845 28.90357 1.4741 0.33565 25.6042
4.42187 29.34722 1.53063 0.39761 24.34602
3.95178 28.52252 1.54111 0.38879 25.63092
4.31566 28.49261 1.77868 0.34359 25.12773
4.30621 29.00702 1.45984 0.41836 24.85983
4.41136 28.84837 1.46577 0.40144 24.93475
4.37338 28.57755 1.46342 0.39741 25.25658
3.87947 29.30383 1.54508 0.43988 24.93592
3.9669 28.82435 1.5292 0.34729 25.39764
3.87924 28.89788 1.35844 0.38999 25.52891
3.61039 28.75705 1.53025 0.40526 25.72905
3.94146 28.8164 1.44289 0.34245 25.50422
4.67495 28.72862 1.58413 0.33108 24.74155
3.8144 28.57122 1.42025 0.26648 25.96292
3.792 28.97183 1.46745 0.21265 25.60191
4.26851 29.70757 1.76669 0.23493 24.11919
4.32455 29.80938 1.50743 0.27652 24.17397
4.30564 28.24479 1.48798 0.23055 25.79472
3.77425 29.58947 1.67662 0.2482 24.7891
4.18671 29.16288 1.72142 0.27528 24.70425
4.1265 29.41611 1.59103 0.28751 24.64625
3.98254 29.4885 1.64813 0.26057 24.67089
4.33705 28.72836 1.80692 0.2891 24.878
4.2762 28.99739 1.72862 0.33384 24.71487
4.25105 28.02009 1.47904 0.29553 26.00027
4.0612 28.54162 1.51158 0.26488 25.6666
4.09081 28.96474 1.7378 0.28601 24.99393
4.04023 30.05469 1.77524 0.30215 23.92956
3.85925 29.66647 1.66471 0.33497 24.58675
3.71774 29.64069 1.69057 0.37145 24.66939
3.96393 29.77708 1.65264 0.35636 24.32106
3.86776 28.42734 1.48955 0.32571 25.92258
4.09822 29.24016 1.40608 0.45062 24.86955
3.92344 28.81605 1.33307 0.53272 25.46141
4.23907 27.85956 1.41686 0.40824 26.13213
4.10317 29.97601 1.54675 0.41914 24.0531
3.98435 29.40233 1.4201 0.32476 24.94405
4.13052 29.91187 1.60965 0.3515 24.11096
4.15817 28.12716 1.46098 0.28419 26.03255
4.40289 28.10552 1.72209 0.28111 25.58323
3.9231 28.79266 1.56064 0.25786 25.52815
4.36194 29.27474 1.69991 0.30671 24.45758
4.43638 29.4554 1.66914 0.31159 24.20153
4.52295 28.19163 1.53675 0.26609 25.52507
4.54666 29.00934 1.56269 0.28444 24.6832
4.3886 29.26737 1.63613 0.27996 24.50438
4.02752 29.00908 1.40656 0.28057 25.32219
4.58871 29.31168 1.56579 0.36025 24.28053
4.0604 29.51509 1.39234 0.32023 24.83729
3.98051 29.36652 1.37689 0.3033 25.05283
3.97016 29.78333 1.27212 0.29154 24.76856
4.1906 29.27223 1.51203 0.33276 24.79571
3.53185 29.36616 1.3339 0.3648 25.48043
3.95626 29.71683 1.39904 0.38692 24.625
4.58202 28.19004 1.34324 0.36052 25.59617
4.5031 28.5573 1.62582 0.31501 25.07126
4.54771 29.30599 1.59007 0.38878 24.27996
4.4775 28.11265 1.53928 0.28327 25.65359
4.33834 27.62908 1.5228 0.23015 26.34286
4.25416 27.78475 1.43453 0.23937 26.34466
4.58001 28.47817 1.43731 0.30155 25.29419
4.34957 28.71047 1.4802 0.33786 25.21256
3.8223 29.56742 1.24393 0.32309 25.14221
4.42638 29.0951 1.38626 0.35405 24.85121
4.47155 30.17109 1.35126 0.34401 23.77636
4.26201 29.26571 1.51327 0.32716 24.69387
4.4711 28.48401 1.61852 0.3611 25.11177
5.12583 27.6008 1.87715 0.36339 25.07226
