"V1" "V2" "V3" "V4" "V5"
4.62835 20.35404 2.24022 0.41958 32.3698
4.55846 22.11776 2.2855 0.35713 30.70054
4.07646 23.87858 2.1414 0.333 29.59142
4.21626 22.69835 2.1367 0.32976 30.63415
4.00289 23.78041 1.99017 0.29389 29.95712
4.39435 23.4864 2.08135 0.2874 29.77929
4.58914 22.96303 1.9274 0.30069 30.24373
4.77839 22.82376 2.42312 0.3187 29.69385
4.20115 22.5658 2.22997 0.33939 30.68699
4.68784 23.5861 2.66662 0.4226 28.67862
4.74822 24.43576 2.39193 0.56377 27.92606
4.49895 22.27805 2.38588 0.36981 30.49054
5.0332 22.13218 2.09832 0.2727 30.48493
4.57433 21.8565 2.27422 0.1874 31.11815
4.21274 21.23893 2.35634 0.24236 31.96648
4.48406 23.07242 2.56869 0.29106 29.64023
3.87336 22.60128 2.19562 0.28019 31.08685
4.24366 22.39097 2.71671 0.36193 30.32217
4.43926 22.55683 2.74726 0.47145 29.83993
4.29641 23.02341 2.36189 0.44965 29.91928
4.25623 23.50126 2.84456 0.40252 29.04873
3.90847 23.19247 2.27302 0.28747 30.35861
4.61937 23.89297 2.6097 0.3904 28.53109
4.32597 22.69855 2.68529 0.36541 29.9593
4.46652 21.57431 3.03294 0.45727 30.52315
4.72736 24.24133 2.25913 0.37573 28.44432
4.98172 21.85033 2.4192 0.29868 30.47569
4.55178 22.22313 2.71343 0.30712 30.26038
3.84235 21.89716 2.43361 0.33725 31.52293
4.78361 22.80772 2.73943 0.55182 29.21713
4.36243 21.91441 2.56719 0.33236 30.86748
3.88261 22.29118 2.27617 0.33415 31.25293
3.40527 23.30158 1.97653 0.23385 31.11223
4.22876 24.42046 2.33457 0.35395 28.72241
4.82879 21.43365 2.79382 0.27792 30.68781
4.73706 23.34509 2.42389 0.35366 29.18255
5.41825 21.48693 2.51062 0.48098 30.173
4.64604 25.12929 3.17732 0.61625 26.58365
4.92531 24.28569 2.64439 0.4475 27.80688
4.85485 23.73801 2.49929 0.50568 28.49745
4.29755 21.99898 2.43621 0.36291 30.93426
4.79752 23.12518 2.86232 0.38408 28.88285
4.6932 23.79726 2.705 0.43588 28.42127
4.08791 23.29661 2.50569 0.3899 29.75415
5.52085 21.88116 2.28515 0.57716 29.79521
4.98113 22.49489 2.35605 0.4818 29.73755
4.92662 22.01309 2.28417 0.45927 30.38368
5.21489 23.22206 2.62726 0.44516 28.57921
4.74249 23.04733 3.11152 0.45431 28.72273
3.82609 21.78369 2.49851 0.37277 31.54973
3.72855 22.08343 2.10135 0.35674 31.74775
3.79814 22.48698 2.18348 0.33438 31.21215
4.11459 21.67447 2.17054 0.44601 31.63454
3.85372 22.25623 1.65848 0.51249 31.76521
3.77542 22.21018 2.17798 0.47119 31.39904
4.86537 22.2302 2.99384 0.56239 29.41566
5.16098 22.02375 2.3938 0.41715 30.06668
4.56279 23.03691 2.3098 0.38718 29.76044
3.95797 22.41959 2.63234 0.28715 30.74304
5.21608 20.82752 2.53779 0.38019 31.06686
5.55942 22.9497 2.52469 0.54631 28.47054
5.95811 22.7645 2.71401 0.56557 28.06302
4.02793 23.12875 1.87242 0.52107 30.4956
4.53133 21.93274 2.00807 0.56503 31.03001
4.44694 22.25716 1.80338 0.77873 30.82966
4.85499 21.71159 1.88652 0.8394 30.80626
4.23629 22.44329 1.72909 0.73534 30.93666
4.85925 22.81166 1.90827 0.73559 29.77836
4.8873 21.44797 2.03758 0.69249 30.99563
4.3186 21.73076 1.81779 0.53091 31.6393
5.14919 22.60843 2.13957 0.80878 29.3942
4.19161 22.68759 2.53898 0.91622 29.78707
4.14687 20.95264 2.49861 0.65986 31.80643
4.03561 21.00272 2.83615 0.61916 31.55397
4.18876 22.57022 2.6229 0.6861 29.99159
3.97701 21.5128 2.33038 0.68404 31.55593
4.25673 22.18839 2.39038 0.61855 30.59628
5.07659 22.88012 2.49273 0.68436 28.90853
3.77625 22.32095 1.99541 0.65393 31.27823
4.13846 23.89177 2.15725 0.70458 29.1519
4.9354 21.7766 2.41914 0.63817 30.2616
4.18681 23.46042 2.58992 0.72618 29.08225
4.57339 21.92657 2.60046 0.76713 30.20152
4.89525 20.59608 2.30561 0.7604 31.51629
4.36156 22.40537 2.13737 0.53411 30.59976
4.66955 23.89961 1.92365 0.49835 29.0498
5.14163 24.37012 2.04614 0.69182 27.86392
4.28898 23.35021 1.78318 0.50509 30.12586
5.55127 23.72457 2.10418 0.58156 28.09922
5.44676 20.98556 2.84247 0.50279 30.25715
5.50346 21.61603 2.59859 0.42804 29.87755
5.12886 21.49705 2.33463 0.66319 30.43006
4.71569 23.64634 2.29242 0.74526 28.70046
4.3742 24.97011 1.88523 0.70176 28.15132
4.04169 23.74501 1.85818 0.66783 29.79983
4.02652 22.63412 1.84498 0.57025 31.02303
4.81655 22.90047 1.86793 0.82064 29.74683
3.91332 23.8915 1.91974 0.91412 29.61463
4.24209 22.7595 1.78522 0.80689 30.54004
4.1809 22.57061 1.88343 0.71974 30.75273
4.48839 22.19699 1.97017 0.4398 30.93912
5.01486 22.15887 2.0173 0.56547 30.28876
4.29812 22.17134 2.11594 0.51518 30.91991
4.75618 21.50507 1.96358 0.47506 31.33063
4.92471 20.07098 2.18272 0.44723 32.40665
4.72291 21.64162 2.17228 0.63527 30.89586
5.03002 22.94271 2.66716 0.8407 28.63151
5.6148 22.49532 2.57033 1.01999 28.53848
4.55444 20.94022 2.64888 0.5723 31.36177
4.51645 21.62978 2.32958 0.76127 30.88883
4.15798 22.60405 2.4946 0.6101 30.21595
4.05351 22.3084 2.64354 0.49744 30.54867
4.91087 22.42313 3.314 0.57191 28.85326
4.67278 22.76446 2.77461 0.47894 29.36209
4.74652 23.14526 2.07919 0.31683 29.74705
4.08845 22.99097 2.01409 0.35411 30.58225
4.09439 22.93712 2.18532 0.37848 30.43834
4.05452 23.60065 1.90546 0.35495 30.11403
4.66975 22.99902 2.32736 0.44095 29.61488
4.16521 23.30895 2.17206 0.42874 29.97071
4.69178 23.61509 2.53003 0.59124 28.64387
4.40269 23.6623 2.1918 0.61856 29.18934
4.34289 24.05554 2.17054 0.62761 28.86805
3.93738 25.05835 2.35607 0.50912 28.20739
4.1387 23.39955 2.61099 0.55535 29.36055
4.24915 23.5208 2.30124 0.4752 29.49467
5.04118 23.4876 2.36127 0.53967 28.61209
4.44226 22.53958 2.02459 0.37145 30.64751
4.73996 20.348 2.24451 0.35778 32.33096
4.94406 21.23654 2.11895 0.42607 31.30413
5.54908 22.64599 2.55875 0.61552 28.69149
5.23314 23.00444 2.13202 0.5908 29.07579
4.51208 22.95698 2.13003 0.49679 29.92667
4.19247 21.7192 2.21189 0.38226 31.50462
4.80839 21.92635 2.19137 0.38344 30.71313
4.70478 22.60715 2.72178 0.40883 29.58657
4.53943 22.76518 2.19981 0.28945 30.22913
4.45431 23.49114 2.21013 0.32584 29.55972
4.03067 22.13279 2.21814 0.27973 31.35364
3.76946 22.48732 2.29195 0.34172 31.12554
4.48459 21.1391 2.35597 0.3372 31.71226
4.48468 21.90397 1.96642 0.32271 31.35215
4.77619 21.74844 2.29629 0.47521 30.74107
5.55707 23.31726 2.2651 0.57885 28.32896
4.91371 22.03577 2.39605 0.47226 30.2126
4.52898 21.68977 2.28702 0.32732 31.17994
4.44962 22.45713 2.53387 0.32322 30.25501
6.04913 22.86062 2.73569 0.47893 27.929
5.38957 21.09347 2.53757 0.48701 30.52758
5.41344 21.53629 2.98653 0.59384 29.50401
4.99415 23.15128 2.76338 0.58009 28.55376
5.29453 22.16177 2.99976 0.51428 29.06663
5.03706 21.09683 2.85374 0.51129 30.54655
5.72595 22.67148 2.51932 0.64739 28.51353
4.55458 23.74318 2.31929 0.72601 28.72582
4.66743 23.40612 2.40751 0.569 28.99813
4.17143 22.59423 2.03022 0.42552 30.80144
4.34518 21.63457 2.11205 0.40951 31.51926
4.58995 22.44618 2.23456 0.46811 30.29345
3.69683 23.11738 2.16051 0.44385 30.61047
4.41057 23.2904 2.13423 0.52526 29.69561
4.03957 21.3646 2.09006 0.41684 32.11111
4.35267 23.0765 2.10254 0.57441 29.9391
4.29968 23.97379 2.51147 0.77025 28.54365
3.78545 22.796 2.1159 0.55357 30.77769
3.76808 22.72535 2.29802 0.48734 30.75263
4.52773 23.39702 2.04578 0.48817 29.5703
4.25845 22.6176 1.84275 0.40636 30.88888
5.04891 23.52611 2.04064 0.44123 28.96428
3.90027 24.68518 1.88319 0.4973 29.04292
3.87199 24.00182 1.79009 0.43323 29.91415
4.13971 22.13514 1.81952 0.34242 31.56928
3.95842 23.32731 1.94048 0.50377 30.27738
3.64374 22.82207 2.17183 0.58344 30.79069
3.86551 22.1297 1.82451 0.489 31.69805
4.45844 21.47596 1.8138 0.36011 31.89913
4.48578 21.12762 2.40174 0.5 31.49766
4.77051 21.66248 2.41522 0.46636 30.7062
4.72455 21.70888 2.01159 0.33197 31.23623
4.00074 22.87421 2.1219 0.35854 30.66277
4.50119 21.11778 2.28795 0.28715 31.81811
4.19166 21.41074 1.95354 0.24877 32.20505
4.30402 23.63513 2.54234 0.36772 29.17061
4.76486 22.43479 3.17372 0.42067 29.22252
5.29633 23.06949 2.87537 0.57412 28.22206
4.74632 23.62547 2.64027 0.53561 28.48683
4.40149 23.01884 2.33659 0.52473 29.7382
3.99847 23.24298 2.4945 0.46504 29.82251
4.38573 23.55394 2.30654 0.4111 29.35461
4.30592 22.4104 2.60586 0.42983 30.2595
3.73003 21.5875 2.39047 0.3871 31.91277
4.74657 22.74876 2.56554 0.66164 29.30689
5.19801 20.63637 3.12537 0.60961 30.46074
4.46146 22.26142 2.1638 0.63893 30.50772
4.20827 21.53128 2.49448 0.63557 31.15189
5.06065 21.63383 2.72634 0.64138 29.96403
4.12813 21.92502 1.98743 0.45111 31.51673
4.99913 21.65602 1.93504 0.53992 30.89302
3.77716 21.28505 2.23914 0.45376 32.25852
3.58843 22.01002 1.88665 0.43307 32.09522
3.39231 23.66047 1.84727 0.60145 30.52815
4.36219 23.2221 2.08014 0.66274 29.71357
3.7694 22.71918 1.97607 0.58523 30.99387
3.65703 22.84019 2.40073 0.51046 30.61638
4.1871 23.54035 2.28628 0.45515 29.55226
4.20675 24.37814 2.37003 0.5152 28.57244
3.93581 23.32326 1.97398 0.45467 30.35188
4.25781 23.44817 2.0679 0.74019 29.56019
3.89537 24.33543 1.85583 0.58408 29.37461
4.46304 22.82974 2.53997 0.5785 29.62293
4.87759 23.05151 2.23091 0.54564 29.32783
4.7315 22.13759 2.77315 0.42874 29.95487
4.8617 21.8537 3.09204 0.45486 29.7754
4.67715 21.70216 2.1875 0.45767 30.99716
5.28575 22.89239 2.42374 0.37181 29.0529
5.2826 22.49357 2.59197 0.40533 29.25392
4.16746 23.23549 2.55487 0.29163 29.76943
4.49725 21.96419 2.28227 0.19156 31.0769
4.15063 21.10015 2.50412 0.27696 31.97868
4.73843 20.28954 2.24957 0.30413 32.43353
4.44497 21.95749 2.37018 0.26859 30.98001
4.36074 21.36197 2.82691 0.27654 31.19095
3.95311 22.24792 2.62541 0.30485 30.88662
4.32956 23.79602 2.50729 0.40353 28.99585
3.65243 23.48241 2.18358 0.28242 30.41475
4.43303 22.83791 2.41806 0.32822 29.99971
4.20452 22.85734 2.32953 0.32715 30.29792
4.18862 23.36877 1.84246 0.34729 30.27422
4.86234 22.81381 2.08716 0.35527 29.90195
4.6166 22.12885 1.98504 0.5053 30.77582
4.92597 22.64124 2.55553 0.44633 29.44709
4.97711 21.14824 2.85018 0.4456 30.59278
4.75995 21.80664 2.74603 0.44377 30.26096
4.8572 21.94117 2.56312 0.48717 30.16793
4.28257 21.47741 2.58462 0.4147 31.25454
4.67616 21.44869 2.80234 0.52706 30.567
4.33082 23.11009 2.205 0.61166 29.78523
3.87488 21.92742 2.20371 0.36976 31.63425
3.6894 24.05002 2.01481 0.3435 29.9191
3.9287 23.3008 1.86831 0.34686 30.57276
3.65461 23.40879 1.9653 0.368 30.62118
4.01148 24.45002 1.88314 0.4281 29.25729
4.78897 23.54662 1.99001 0.41225 29.28968
3.77679 23.71277 2.03643 0.27797 30.21444
4.64277 21.52493 2.5008 0.31047 31.04837
5.09599 23.70068 2.52751 0.35732 28.36821
5.61902 22.59902 3.13425 0.43224 28.2654
4.44435 22.50474 2.88954 0.33316 29.85758
5.04225 22.79178 3.00036 0.35529 28.83879
4.76855 23.43441 2.2013 0.35218 29.278
3.69517 23.80022 2.14153 0.2749 30.11609
3.91854 23.30463 2.27187 0.39893 30.14446
4.45811 22.23953 2.33863 0.30201 30.68595
4.36333 23.86386 2.74387 0.39098 28.68074
5.00834 23.53268 2.65416 0.52365 28.34481
4.31257 22.39403 2.32603 0.38618 30.60424
3.89652 22.60863 2.66691 0.43581 30.4129
4.57526 20.87444 2.64583 0.40803 31.51219
4.63952 22.08766 2.77748 0.46042 30.0616
4.61136 22.63357 2.58203 0.56667 29.65864
4.46727 22.33882 2.30321 0.4346 30.50369
4.62057 21.69867 2.03335 0.47641 31.21374
4.28466 22.17888 2.03191 0.55432 30.99441
4.64452 22.80124 1.98292 0.66654 29.98457
5.34516 22.61193 2.12102 0.69977 29.291
5.3856 22.47525 2.08676 0.77191 29.36627
4.96316 23.13306 2.05653 0.81252 29.12953
4.50475 23.04059 2.30676 0.667 29.53766
4.30146 22.94588 2.12417 0.85025 29.9046
5.13837 22.14722 2.51777 1.33697 29.1724
5.20563 22.2318 2.6998 1.07938 29.00756
4.55686 23.75578 2.49492 0.86603 28.50653
4.75501 22.82643 2.92653 0.67668 28.89916
5.04947 23.29161 2.22686 0.72796 28.78368
4.62147 23.13116 2.36385 0.67895 29.24364
4.25491 23.28369 2.37916 0.6282 29.48162
4.05948 22.93273 1.86048 0.58152 30.60449
4.07485 24.42809 1.97111 0.71193 28.89127
4.0664 25.07695 2.21461 0.68987 28.03126
3.77627 23.28466 1.78068 0.4562 30.72772
4.27271 22.03123 2.4391 0.45825 30.82356
4.27728 21.702 2.55854 0.35668 31.12947
3.49313 22.91627 2.21929 0.30411 31.09307
4.12625 21.76319 2.26284 0.31498 31.5532
3.97438 21.94954 2.66065 0.34433 31.08342
4.30128 22.92286 2.39515 0.33665 30.06862
3.66445 22.59086 2.50861 0.39767 30.8605
4.55917 21.70571 2.12681 0.44114 31.20809
4.74907 22.19986 2.30965 0.54525 30.2656
4.99701 23.56812 2.2944 0.53762 28.68223
4.29235 21.66838 2.10914 0.41524 31.54238
4.54472 23.57697 2.12232 0.45107 29.35285
4.73977 22.23395 2.28101 0.47602 30.31258
5.46849 23.6491 2.59446 0.57277 27.77238
4.95782 23.79884 2.60617 0.58305 28.10486
4.56717 23.7537 2.5812 0.64938 28.48604
4.76244 24.74753 2.72865 0.6097 27.18067
4.73847 23.47548 2.23358 0.51415 29.07183
4.05007 23.29509 2.18956 0.48981 29.99768
5.22448 22.56366 2.35188 0.66686 29.21636
4.63299 21.46079 2.07331 0.65362 31.19829
4.287 23.57077 1.97704 0.65767 29.5325
5.16403 22.41308 2.36754 0.59386 29.49359
4.35845 21.57027 1.96161 0.38614 31.73424
3.82572 21.19778 1.95205 0.49107 32.55533
4.59885 21.55439 2.29774 0.54756 31.01577
4.05779 23.02244 2.33825 0.54725 30.06201
4.15952 22.25553 2.56567 0.45372 30.59285
4.08799 23.21638 2.67257 0.62153 29.48023
4.60982 22.60022 2.6679 0.58971 29.57982
4.58952 21.18567 2.5072 0.6195 31.14495
4.88358 21.44147 2.64492 0.69461 30.4124
4.82357 21.34475 2.63616 0.67871 30.56854
5.38371 21.4516 2.16955 0.53502 30.49447
4.12006 23.55887 2.12952 0.5496 29.67616
5.03813 21.79214 2.37161 0.62241 30.20891
4.64818 22.5714 2.53777 0.5584 29.70344
4.36674 20.32564 2.55053 0.44119 32.33124
4.78241 23.01204 2.32395 0.56462 29.34053
4.66939 22.33577 2.64532 0.735 29.64381
4.79016 22.31811 2.74244 0.73335 29.47886
5.57439 21.31078 2.45842 0.59087 30.10613
5.26123 21.65196 1.83249 0.38425 30.89388
4.7839 23.05999 1.96709 0.44768 29.76495
4.411 22.90998 2.39841 0.49665 29.80881
4.40947 23.40504 2.54172 0.5021 29.19135
4.68902 21.8072 2.29135 0.59671 30.64362
4.36548 21.80283 2.26689 0.73855 30.85657
4.59804 21.08858 2.17154 0.76114 31.41701
4.88945 21.18352 2.27734 0.66115 31.01031
4.86705 20.54607 2.27638 0.66179 31.67436
4.52089 22.40462 2.06232 0.54698 30.48365
5.31643 20.57844 2.55006 0.63088 30.94795
5.21677 20.44949 2.21519 0.34103 31.79182
4.89712 23.27637 2.84213 0.56792 28.43848
6.12687 23.24122 2.47312 0.56379 27.6326
5.34966 24.9847 2.79598 0.68782 26.24825
6.13631 22.14505 2.50333 0.41989 28.82711
4.76147 22.45346 2.50675 0.32214 29.97589
4.88653 21.88365 2.34918 0.37237 30.51976
5.20524 21.69556 2.52681 0.47586 30.12017
4.31578 22.04753 2.2331 0.32575 31.09351
5.07093 23.11192 2.03226 0.39419 29.4144
3.90407 19.47509 2.09137 0.21844 34.31526
4.68219 20.97921 2.32068 0.27644 31.7501
4.68032 21.64174 2.34164 0.29409 31.05246
5.4222 20.93327 2.3516 0.42081 30.89409
5.51449 22.2465 2.62327 0.48746 29.15938
5.93187 21.22005 2.60284 0.52831 29.75405
4.9612 21.44555 2.92305 0.45476 30.24353
4.54674 19.77305 2.12555 0.26321 33.3059
4.31426 21.89265 2.59315 0.38268 30.85128
5.10694 23.63131 2.9221 0.45632 27.92965
4.77616 23.42737 2.71936 0.54389 28.57032
4.87974 22.52743 2.23164 0.52316 29.87496
4.55962 21.59139 2.46922 0.60737 30.81556
4.45726 21.54445 2.09765 0.55999 31.36272
4.68062 22.61435 2.5473 0.55572 29.62881
5.00907 20.8071 2.50152 0.48048 31.2255
4.27419 23.29684 1.91111 0.46654 30.07332
3.66575 22.4124 1.85336 0.43624 31.65153
4.28343 22.21628 1.83421 0.43622 31.24315
3.53289 22.32048 1.72657 0.42337 32.01402
3.44914 23.71481 2.48453 0.51752 29.86389
4.73653 20.24996 2.78078 0.65068 31.6056
5.32731 21.16281 2.46554 0.55063 30.52186
5.084 22.21306 2.41746 0.62448 29.70282
4.58163 22.73129 2.61236 0.54747 29.56852
4.20734 22.91405 2.01233 0.40665 30.48828
4.01847 22.57387 1.99977 0.39838 31.03884
3.99972 24.09508 2.0163 0.45875 29.46957
4.17109 21.35761 2.15337 0.37742 31.96199
4.32376 22.54323 2.20785 0.49838 30.46142
5.51125 23.70454 2.31346 0.64922 27.87189
5.18397 22.06979 2.31528 0.53249 29.93205
3.52847 22.42016 1.73815 0.41588 31.91766
3.57967 23.33506 2.21876 0.3898 30.49457
3.22261 23.7513 2.28635 0.37732 30.38199
3.69295 25.71713 2.41796 0.48796 27.73504
3.3157 22.07227 2.01777 0.26981 32.34044
4.47768 24.44091 2.14969 0.32863 28.64405
5.38171 22.5969 2.32399 0.42331 29.31268
4.62977 23.17523 2.16877 0.25683 29.79117
5.27727 21.31948 2.52815 0.25799 30.62943
4.56431 22.53276 2.64255 0.2418 30.03243
4.92033 21.63101 2.5005 0.25283 30.70631
4.98333 21.74254 2.63958 0.24284 30.40219
4.29263 21.24971 2.45557 0.21242 31.79507
4.62862 22.11497 2.31653 0.22468 30.72401
4.93132 22.58066 2.92678 0.35713 29.22127
4.29418 22.51472 2.50098 0.26738 30.43555
5.28398 21.59431 2.16213 0.26257 30.7079
4.62844 21.94703 2.23003 0.294 30.91573
3.80075 22.34631 1.90417 0.23639 31.724
4.82856 23.05212 2.14664 0.4157 29.57523
4.8943 22.56239 2.05803 0.46981 30.0314
4.96451 23.53083 2.03911 0.56288 28.93539
3.64738 22.90594 2.04099 0.43375 30.98415
3.77836 22.40837 2.21269 0.49491 31.11492
3.50157 21.78972 2.17217 0.44071 32.10427
4.1231 22.49491 2.29989 0.44198 30.64998
4.39322 22.5472 2.29115 0.4227 30.3597
3.85555 23.09141 2.18954 0.44774 30.42807
4.61919 23.66582 2.4679 0.47298 28.79349
4.13592 23.47082 2.42792 0.35099 29.62774
4.49049 21.93016 2.36391 0.309 30.91578
4.81778 22.49056 2.45465 0.3255 29.92708
4.57533 21.32712 2.7422 0.31737 31.04973
4.4088 23.34114 2.38776 0.31464 29.56314
5.08192 22.7359 2.41623 0.2467 29.52833
5.23833 23.45343 2.13643 0.28284 28.90918
4.51227 21.91414 2.36737 0.22782 30.98699
4.34359 20.25243 2.11483 0.22328 33.07274
3.87023 23.50333 2.04911 0.2701 30.32446
3.53632 23.11356 1.86833 0.27 31.22017
3.62647 24.22911 1.60888 0.24479 30.30655
3.3523 23.99627 2.10995 0.28382 30.26851
3.34696 25.04467 2.07683 0.30637 29.23744
4.0698 23.25703 2.33046 0.24536 30.10555
3.8512 23.8475 2.19562 0.26438 29.85441
4.5028 23.22598 2.22119 0.36189 29.7007
4.91933 22.46817 2.35994 0.30306 29.96035
4.41131 22.82624 2.38135 0.34909 30.04227
5.41291 22.1312 2.60695 0.34445 29.51498
4.23965 22.48233 2.31675 0.29805 30.6769
4.8378 22.69848 2.26012 0.3602 29.8613
4.45801 19.84109 1.88049 0.23672 33.58682
4.73522 21.53345 2.30392 0.35638 31.07643
4.8845 22.57604 2.79908 0.41132 29.33891
5.43075 24.8788 2.32225 0.59064 26.81214
4.8763 21.713 2.35415 0.47608 30.59158
4.60385 23.48253 2.13294 0.43895 29.37073
4.54775 22.72558 2.13601 0.44094 30.18034
4.36658 22.97882 2.25801 0.29467 30.12564
4.75597 25.16504 2.18364 0.36035 27.5764
4.81946 21.73364 1.95775 0.38425 31.11784
5.06445 23.6972 1.91674 0.41903 28.92645
4.69306 23.23492 1.99827 0.48285 29.61615
4.97329 22.29636 1.88237 0.34933 30.51352
4.9397 21.24939 2.0187 0.36523 31.44226
4.79862 22.04106 2.3318 0.45266 30.39417
4.77954 24.04994 2.01762 0.52983 28.6588
4.09297 23.9431 1.86803 0.35137 29.76363
4.10599 22.53843 1.77802 0.34323 31.2526
4.52693 22.26236 1.69605 0.41735 31.1153
4.43586 24.05503 1.96784 0.42439 29.14447
4.65414 21.903 2.4165 0.40767 30.6445
4.13956 21.54621 2.29247 0.3429 31.69145
4.0969 21.23639 2.56511 0.33385 31.78097
3.98124 22.03219 2.77062 0.26806 30.96358
4.61738 23.67738 2.6163 0.34114 28.77128
4.24342 23.61836 2.81568 0.26037 29.07613
4.62737 23.27047 2.64451 0.45836 29.0166
4.7078 20.80107 2.47381 0.53259 31.49882
5.00001 22.55195 2.68016 0.46449 29.32807
4.6115 21.80402 2.69821 0.36453 30.53684
5.66319 21.35186 2.725 0.42307 29.85948
4.79408 22.79011 2.59469 0.44207 29.4046
4.26498 22.64865 2.63808 0.38131 30.08361
4.51983 24.72111 2.6924 0.48521 27.62731
4.24463 22.24291 2.62171 0.40611 30.50886
4.15319 22.56357 2.3034 0.34542 30.65657
4.73896 22.65155 2.77251 0.41294 29.45714
5.03421 21.60066 2.49496 0.50325 30.40617
4.98426 22.02004 2.69265 0.32019 30.01436
4.7878 22.00098 2.3821 0.30921 30.54702
4.51095 21.56167 2.11416 0.31569 31.50944
4.78465 22.19695 2.22813 0.35682 30.45306
4.12709 23.15173 1.7223 0.3711 30.6397
4.46934 23.71733 1.89086 0.36972 29.5778
4.93324 25.91599 2.11954 0.60199 26.49693
5.00541 23.21341 2.10083 0.55863 29.1658
5.02858 22.46874 2.11859 0.50534 29.92384
4.45875 23.5729 2.48345 0.55346 28.97488
3.99445 22.91844 2.11844 0.4859 30.50394
4.69462 22.48546 2.38744 0.53146 29.93726
5.13761 22.50599 2.65343 0.51349 29.22084
5.08851 24.13768 2.29283 0.43636 28.07739
4.5048 23.32662 2.31048 0.3983 29.48636
4.68857 22.50795 2.19639 0.35505 30.2799
4.31561 22.52949 2.30756 0.37569 30.49208
4.01471 22.09122 2.30785 0.24609 31.35143
4.54847 23.86411 2.19568 0.3021 29.10608
4.42193 22.32616 2.26469 0.31407 30.68569
4.71705 23.85783 2.85902 0.35532 28.23612
4.67531 21.26708 2.47224 0.25506 31.33767
5.39936 22.48748 2.80788 0.31751 29.02442
4.40141 23.10192 2.36821 0.36057 29.78775
4.30078 23.6083 1.99954 0.33018 29.78045
3.82083 23.30671 1.88632 0.33592 30.66106
4.71778 21.84329 2.3055 0.37423 30.77415
4.66747 23.28152 2.20409 0.45527 29.41777
4.94637 23.03658 2.1169 0.49826 29.42508
5.32403 24.07993 2.67542 0.58195 27.38328
4.86719 24.91216 2.52826 0.64745 27.08449
4.65335 23.84817 2.66133 0.55986 28.30499
5.14809 23.51545 2.52114 0.67774 28.17647
4.73344 21.36085 2.02017 0.52564 31.36988
4.27807 21.38144 1.89972 0.39693 32.05496
4.58289 22.0495 2.45106 0.47522 30.45314
5.51068 22.59944 2.41659 1.14705 28.60427
4.42319 21.79039 2.31314 0.83686 30.77985
4.9965 21.35311 2.59557 0.56863 30.55903
5.40827 21.25353 2.31176 0.64144 30.48286
4.59149 22.03692 1.96387 0.6083 30.88528
4.70325 20.97113 2.22256 0.98072 31.35517
5.74446 22.43207 2.55207 0.94943 28.52224
5.86641 21.2133 2.28957 0.81429 29.93348
4.71948 20.65101 1.8477 0.42476 32.40552
5.14952 21.1057 1.97524 0.44827 31.35413
5.78301 21.64653 2.46833 0.54571 29.60306
6.19055 21.04567 2.8504 0.63956 29.33423
4.88992 22.10059 2.00866 0.93287 30.21727
4.27532 23.28631 2.23958 0.86557 29.47506
4.22095 23.47359 2.09241 0.97017 29.41442
4.20329 21.56588 2.11063 0.6529 31.53091
3.92698 20.1171 1.68087 0.43105 33.87401
4.05323 22.12137 2.31006 0.49172 31.06285
3.95019 23.94926 2.14331 0.60376 29.45514
4.59825 22.08488 2.58809 0.60304 30.23659
4.55671 21.18513 3.05123 0.50288 30.79433
5.17784 20.85453 2.80643 0.55285 30.68007
5.3528 21.60352 2.41441 0.70973 30.00725
5.27367 21.21362 2.94349 0.85762 29.83798
4.23866 21.86526 2.18084 0.63941 31.16019
4.3803 22.2905 2.41817 0.69143 30.29721
5.58294 19.823 2.80185 0.81083 31.06495
5.1124 22.8999 2.52858 0.79615 28.75495
5.25802 23.21752 2.68988 0.8028 28.14325
4.28876 22.88784 2.20791 0.65673 30.03235
4.56216 22.70589 2.25814 0.62716 29.92238
4.53763 22.35471 2.15847 0.93145 30.17329
4.64502 21.40464 2.30656 1.05698 30.8067
4.99348 23.23122 2.92313 1.17339 27.94121
4.53193 22.73399 2.88223 1.35654 28.82634
5.29158 21.92746 2.37816 0.77433 29.73996
4.95417 24.45653 2.68891 0.91303 27.13312
5.79614 22.0609 2.5142 0.98679 28.82419
4.93399 22.4282 2.64083 0.92162 29.2192
5.576 23.70029 2.68064 1.3447 26.9714
5.8563 23.67825 2.84041 1.21976 26.65522
5.72297 23.42638 2.64926 0.9658 27.37716
4.57641 22.62587 2.49658 0.92301 29.50162
5.1872 24.19962 2.64718 1.26188 26.97236
5.20129 23.68304 2.41481 0.85501 27.99306
5.49106 22.27958 2.45997 0.89298 29.05441
5.10021 22.83651 2.28465 0.64336 29.22057
4.87568 22.98118 2.06169 0.42746 29.70863
4.98049 22.17016 2.34035 0.54699 30.03231
4.51394 23.95916 1.99002 0.58448 29.03205
4.95323 24.84331 1.96453 0.61259 27.72742
4.22406 23.31851 1.61054 0.36783 30.51577
5.06456 24.10404 2.2726 0.60747 28.02215
4.71947 24.04356 2.40353 0.45192 28.43659
4.43086 21.70186 2.12784 0.28569 31.48201
4.20697 24.33247 2.35092 0.30828 28.83516
4.69093 23.71024 2.53906 0.26384 28.83616
3.98819 21.35491 1.96375 0.20737 32.50716
4.43979 22.90537 2.18049 0.24124 30.26412
4.00106 23.04333 2.1068 0.41776 30.51821
5.13362 23.00097 3.13303 0.66979 28.21376
6.08593 23.24257 3.178 0.61346 27.07831
4.6976 23.35074 2.52508 0.40467 29.09181
4.57421 22.77919 2.19771 0.51941 30.02461
4.56342 22.12827 2.40327 0.44348 30.53155
5.28532 21.76169 2.30736 0.4884 30.25747
3.90797 21.17586 2.42068 0.41357 32.13113
4.0987 23.59327 2.17431 0.40504 29.79354
4.46885 22.46608 2.55987 0.54151 30.05343
4.31616 23.29156 2.49534 0.52065 29.47476
4.83239 23.45365 2.36171 0.51633 28.92758
4.6856 22.61855 2.33932 0.35891 30.05376
5.02969 21.97579 2.70239 0.50829 29.86191
4.52443 22.179 2.37543 0.8456 30.33582
4.374 21.75764 2.54291 1.24153 30.48739
5.14716 21.82711 2.70707 1.61055 29.26698
5.20539 22.0959 2.22839 1.6785 29.43658
5.29566 22.29825 2.7525 1.0334 28.82667
4.52519 22.89772 2.19638 0.8701 29.68732
4.0084 23.5077 2.06416 0.95292 29.6572
4.08956 23.91314 2.35141 1.1376 28.76785
4.57018 23.67191 2.18663 0.77508 28.93073
4.77372 22.76969 2.29052 0.68735 29.61626
4.69071 22.65807 2.37715 0.51705 29.81146
4.03224 23.58247 2.27194 0.60769 29.57392
4.34234 23.09332 1.92681 0.46261 30.19746
4.44125 22.74097 2.19497 0.46138 30.19048
4.03639 22.10019 2.2671 0.53727 31.11076
4.31166 22.45097 2.02174 0.40939 30.85108
4.30819 23.03442 2.29487 0.53643 29.89818
4.34387 21.87002 2.29081 0.54333 31.02678
4.31675 23.80103 2.1243 0.9851 29.01226
4.18207 22.76048 1.99182 0.65327 30.53423
5.21344 22.82292 2.56819 1.21069 28.46663
4.73897 22.36515 2.17798 0.82343 30.03177
3.72032 23.02613 2.13198 0.88752 30.3861
3.052 22.13306 1.73627 0.52759 32.61421
4.26852 23.09736 2.28284 1.10916 29.45182
4.40624 22.76015 1.89497 0.72607 30.27456
4.82358 23.58234 2.17508 1.2746 28.38234
5.9538 23.03382 2.37738 1.1042 27.82237
4.43405 22.33662 2.3113 0.70889 30.37372
4.12648 21.02636 2.26812 0.64044 32.08163
4.74356 21.43883 2.4134 0.53563 30.99812
5.0802 21.22316 2.24988 0.61826 30.96903
4.94067 21.40558 2.61033 0.67528 30.47668
4.06669 21.30771 2.00855 0.32993 32.31892
4.17832 24.13007 2.23072 0.35307 29.15922
3.46973 23.53886 2.25114 0.33046 30.44029
3.96649 21.71914 2.19761 0.40142 31.77327
4.92623 23.23971 2.37183 0.5675 28.98379
5.58935 23.916 2.19553 1.00737 27.53416
5.86934 22.17911 2.48695 0.84406 28.78981
4.51304 21.39664 2.43613 0.57915 31.17015
4.87549 20.94622 2.30487 0.41619 31.49693
5.28746 22.30611 3.0664 0.72345 28.69654
4.75897 21.5579 2.21032 0.65885 30.86874
4.33386 22.46714 2.5086 0.6567 30.09925
4.9973 22.99777 2.59591 1.06975 28.51765
4.69532 22.01947 2.34779 0.75131 30.26267
4.60178 22.47335 2.38306 0.55134 30.02451
5.77923 21.94776 2.5101 0.45159 29.34413
5.1747 23.3225 3.00719 0.52238 28.01715
4.56766 21.67164 2.6089 0.43578 30.74177
4.76148 23.70032 2.28172 0.55983 28.73442
4.59362 22.27388 2.36199 0.55765 30.26293
4.0596 23.77057 2.20131 0.49253 29.52855
4.17241 23.52803 2.05605 0.64502 29.68482
4.16891 21.02065 2.05473 0.61499 32.20866
3.92931 22.40263 1.87809 0.73667 31.16402
3.93172 22.47713 2.38776 0.63978 30.6506
4.55225 22.26305 2.34145 0.78947 30.2019
4.80347 22.14414 2.19349 0.64526 30.2962
4.54705 21.61915 2.81663 0.66515 30.44381
5.39123 23.03273 3.00969 0.81319 27.85748
5.09441 21.61267 2.95542 0.79494 29.65423
4.10712 22.42082 2.94699 0.44612 30.12935
4.57494 22.04653 2.57365 0.57213 30.32148
4.8163 23.01779 2.14204 0.69419 29.47482
4.40772 23.24698 2.22758 0.46715 29.70582
4.11311 24.45526 2.09637 0.40276 28.98469
4.54548 24.08409 2.26662 0.53322 28.65687
4.87981 23.38195 2.76654 0.56377 28.47175
5.33009 22.58771 2.60301 0.81002 28.73751
4.35596 21.4906 2.04436 0.65783 31.5052
4.51726 21.34054 2.4306 0.78319 30.99793
4.60974 21.33437 2.35238 0.79213 31.00881
4.48856 22.35998 2.26369 0.88052 30.09658
4.4039 24.10209 2.16308 0.88003 28.57
4.42413 23.37255 2.60194 1.10412 28.71264
4.59702 20.69565 1.74208 0.60761 32.41724
4.89282 23.34179 2.15409 0.82476 28.9206
5.13409 21.86397 2.07991 0.89423 30.16506
4.49194 24.45966 2.24681 1.0673 27.89668
4.45111 23.63899 2.49464 0.99686 28.55393
4.26188 23.61058 2.37771 0.78361 29.04533
4.74817 22.7959 2.38759 0.72659 29.40988
4.82571 23.62323 2.53669 0.66591 28.40941
4.80483 22.29272 2.13657 0.43172 30.354
5.48428 21.13184 2.22372 0.50182 30.71634
4.63594 22.07543 2.17201 0.45933 30.69241
4.661 25.01105 1.99705 0.6743 27.73658
4.53884 23.69242 2.60717 1.1278 28.23762
5.23457 23.0281 2.15558 0.86794 28.87523
5.63593 21.26718 2.33444 0.78716 30.07068
5.13681 23.0289 2.39956 0.88256 28.69548
5.61137 21.62017 2.65374 0.88312 29.36139
4.79407 22.74523 2.66909 1.1205 28.83831
4.53254 24.6628 2.11679 0.81917 27.98366
5.21117 23.36748 2.64706 0.78536 28.1154
4.443 22.16477 2.16786 0.63184 30.65739
4.84949 23.01938 1.98284 0.63127 29.6028
4.5062 20.88818 2.36907 0.57258 31.72765
5.13846 20.66274 2.51926 0.58693 31.15708
5.0208 22.39992 2.15833 0.51303 29.96835
4.58617 21.44179 2.03289 0.45775 31.54891
4.26765 22.75639 1.96808 0.41257 30.64665
4.23845 22.59274 2.08503 0.40619 30.7353
3.68752 23.17941 2.21579 0.29604 30.6697
4.04446 22.21704 2.77216 0.27037 30.7203
4.0213 23.92768 2.44184 0.36377 29.2901
4.24869 22.79337 2.6592 0.31333 30.01853
4.75342 23.08242 2.57893 0.3375 29.30408
4.89053 21.38443 2.65918 0.2638 30.83097
5.60107 22.1527 2.34964 0.31307 29.63476
4.99471 22.5252 2.96851 0.42279 29.17367
4.80671 21.65255 2.31855 0.32239 30.93795
5.31695 21.95163 2.7012 0.52221 29.59868
5.45846 22.04875 2.85742 0.43218 29.28012
4.92254 22.14093 2.29149 0.32334 30.36023
4.15371 23.69105 1.99038 0.28367 29.92024
4.37121 22.85159 2.31663 0.37842 30.13068
4.17802 21.22447 2.13863 0.31783 32.16919
4.23122 23.09583 2.05304 0.28433 30.38162
4.12539 22.02013 2.60722 0.27638 31.0119
4.38835 22.78005 2.31422 0.31774 30.25506
4.18875 22.66885 2.92563 0.32988 29.93523
4.29339 22.42902 2.60443 0.28384 30.43261
3.89371 20.9705 2.8156 0.19923 32.14058
5.03246 21.9208 2.90238 0.21869 29.95716
4.19799 23.17319 2.53319 0.2598 29.87855
3.81172 23.79187 2.37592 0.30797 29.74071
4.2312 23.58495 2.04143 0.38166 29.80376
3.76155 23.77412 2.39624 0.27255 29.84479
4.0408 22.50097 2.5678 0.2741 30.66544
3.42745 22.15737 1.94755 0.30211 32.20245
4.29313 23.90217 2.12787 0.48519 29.32727
4.07389 23.34063 2.20819 0.39551 30.05887
4.45254 23.26492 2.17668 0.40739 29.78477
4.08796 22.57428 2.34649 0.51072 30.58344
3.73793 23.63961 1.96274 0.36218 30.36347
4.03903 23.59349 2.2152 0.44921 29.79508
3.95296 22.8563 1.91324 0.39268 30.95198
4.26635 22.80526 2.29632 0.50418 30.20538
4.46101 21.99085 1.99495 0.42927 31.17293
4.2012 22.7321 1.95498 0.33494 30.80145
4.93417 22.377 2.01814 0.32483 30.37796
5.01816 23.88803 2.14462 0.35325 28.63509
5.22216 21.87946 2.32484 0.48519 30.12872
4.93075 21.52731 2.29473 0.44665 30.86923
4.79934 21.37134 2.11126 0.49972 31.30562
4.22658 23.29088 1.91568 0.39532 30.21746
4.55994 22.81602 2.10775 0.411 30.15472
5.09595 22.71887 2.51709 0.53296 29.2088
4.28684 25.42341 1.90479 0.46867 27.98745
4.46728 24.24132 2.62987 0.55428 28.16328
4.64174 22.8592 2.13247 0.48033 29.90836
5.01327 21.72019 2.61929 0.5406 30.14506
4.71324 22.22919 2.72163 0.505 29.88597
4.69048 21.33241 2.01507 0.3636 31.64816
4.31499 23.54848 2.16288 0.37146 29.64855
4.15381 23.68177 2.08299 0.40221 29.72964
3.98609 22.28934 2.16778 0.36656 31.22492
4.11025 21.68893 2.24558 0.45186 31.55465
4.51706 24.20889 2.0998 0.74747 28.56233
4.65727 23.57183 2.33494 0.5507 28.955
4.85625 22.98057 2.63185 0.58852 29.02892
5.09678 22.62924 2.36931 0.54246 29.44872
4.23447 22.70079 2.14668 0.40359 30.56101
4.99558 23.66757 2.2853 0.43864 28.68884
4.91724 22.28892 3.02326 0.47849 29.36313
4.49486 22.36998 2.33828 0.44629 30.39388
5.24866 21.91194 2.84371 0.65517 29.38399
4.91783 24.1539 2.86988 0.84087 27.31026
4.74436 23.15108 2.26676 0.8123 29.10889
5.0248 21.6762 2.19739 0.85636 30.32469
5.03371 20.73969 2.41985 0.80728 31.08398
4.71665 20.86959 2.23755 0.65113 31.57916
5.36334 21.75354 2.41374 0.76648 29.76295
5.00487 22.69167 2.45577 0.50918 29.36793
5.21548 23.46771 2.11461 0.90737 28.4023
4.85153 22.68068 1.77213 0.45793 30.26652
4.95455 20.42503 2.34985 0.67358 31.64589
4.21189 22.79061 2.86681 0.59368 29.59463
4.83274 23.63096 2.32224 0.69975 28.58818
5.64541 22.72941 2.26985 1.00171 28.43274
4.70787 23.12297 2.51154 1.01738 28.72671
5.17071 20.89015 2.63086 0.72578 30.62747
3.9176 21.79909 2.22769 0.56579 31.52082
4.49791 21.56295 2.22286 0.61642 31.12706
4.48879 22.04257 2.2288 0.6872 30.58617
4.86729 23.00988 2.42471 0.71366 29.04654
4.11278 22.6534 2.23132 0.63023 30.40326
4.65796 22.58591 2.35747 0.73355 29.69482
4.10669 22.0961 1.9263 0.75979 31.14537
3.97668 22.86948 1.88005 0.81668 30.53843
4.84474 21.80763 2.28373 0.90144 30.24912
4.87387 21.79328 2.43153 0.84678 30.14314
4.29347 21.05464 1.84897 0.53897 32.29454
4.57593 21.81457 2.21771 0.69088 30.74966
4.19636 23.8392 2.41598 1.02866 28.62449
4.77185 22.00336 2.35454 0.77676 30.1596
3.90729 21.46306 2.2478 0.65364 31.76185
4.85047 22.33826 2.09055 0.84369 29.95916
4.59847 21.05737 2.85343 0.66406 30.88032
4.83751 22.42849 2.53562 0.70384 29.55149
4.06508 22.1239 2.42316 0.83926 30.62301
3.76701 23.93869 2.58607 0.82926 28.9259
4.56223 24.00465 2.39258 1.26312 27.88564
4.87563 21.94458 1.94685 0.72515 30.54114
4.10073 23.46654 2.02961 0.74511 29.68236
4.69994 22.07622 2.0008 0.88067 30.40031
4.74591 21.49783 2.29705 0.80515 30.72882
4.60818 22.04617 2.21756 0.70591 30.44229
3.88331 24.14487 2.55192 0.7335 28.72689
4.03431 22.25858 2.29116 0.62645 30.82319
3.69503 22.79163 2.54665 0.76024 30.2537
4.01031 24.1905 2.78058 0.63159 28.43857
4.49617 23.50323 2.85424 0.64569 28.57016
4.99382 22.63025 2.3651 0.53551 29.52765
4.68054 19.90644 2.0949 0.2637 33.07509
4.82715 21.32021 2.14929 0.28191 31.43298
5.74516 22.23584 1.78109 0.40457 29.86809
4.90515 22.69721 2.18492 0.40654 29.83293
5.39901 22.34429 2.51575 0.35692 29.4047
4.9222 23.98116 1.98736 0.44747 28.70202
4.63014 21.49923 2.53251 0.51846 30.85012
4.84097 22.35567 2.18546 0.51575 30.14824
4.79477 23.97336 2.53428 0.48788 28.25184
4.3054 22.79929 2.29932 0.37283 30.25219
4.37425 24.2856 2.19943 0.44834 28.7265
3.82802 23.82773 2.06967 0.37224 29.92564
4.08111 21.27566 2.07527 0.45066 32.13128
4.05126 22.87324 2.38664 0.43966 30.27626
4.07925 22.21466 2.38147 0.29251 31.04921
4.61835 22.06688 2.11553 0.40451 30.83396
4.57391 22.41288 2.107 0.42817 30.53045
4.90235 23.85433 2.09655 0.5052 28.72573
4.65462 21.9058 1.84583 0.52317 31.12881
5.72126 22.45635 2.42295 0.87123 28.63269
5.02048 21.76241 2.40035 0.63332 30.25631
5.40605 20.87794 2.31403 0.6058 30.84503
4.46561 21.79663 2.34422 0.65995 30.83116
4.8944 21.91143 2.41232 0.7015 30.17097
4.55966 22.7673 3.01245 0.79448 28.96104
5.17536 23.54002 2.79748 0.68169 27.87687
4.95724 21.72724 3.04077 0.66038 29.6551
5.34566 21.67214 2.70343 0.74292 29.62282
4.96955 21.17363 2.40721 0.49664 30.98175
4.59184 22.87163 2.42741 0.6228 29.53871
5.62881 22.21685 2.53394 0.67007 28.99297
5.00204 20.80958 2.29473 0.48189 31.43125
5.21139 21.14133 2.29082 0.41796 30.95665
4.8289 21.37279 3.03472 0.43784 30.3521
5.56832 21.8539 2.49014 0.52775 29.60084
5.39184 21.39054 2.9048 0.66654 29.68199
5.40649 21.70203 3.00913 0.77114 29.15952
5.06406 22.23484 2.41596 0.86164 29.47476
4.77753 22.75488 2.40757 0.86946 29.23802
4.92304 24.18573 2.53925 0.91582 27.50641
4.66396 23.73106 2.62528 0.86164 28.17265
4.4014 21.59689 2.36422 1.07357 30.64148
4.35283 20.62679 2.34698 0.72464 31.98683
4.74762 22.7713 2.1932 0.92412 29.45125
4.40598 22.13139 2.34827 0.57366 30.5764
4.06362 22.68812 2.21896 0.53321 30.5301
3.87794 23.23926 1.97085 0.621 30.33098
4.58123 21.4955 2.17359 0.5819 31.20325
5.48423 22.71167 2.0957 0.67512 29.11655
5.83601 22.73895 2.32725 0.72227 28.48128
4.72846 21.12059 2.44311 0.48954 31.26959
4.14784 22.23802 2.08996 0.6034 30.98465
4.55016 22.21333 2.54922 0.60476 30.1451
5.15928 22.98239 2.19803 0.71577 29.03253
4.88343 21.80347 2.68849 0.69724 30.0041
5.75944 21.98831 2.82678 0.69733 28.78611
5.64004 22.65059 2.6992 0.68535 28.38138
4.42351 23.51797 2.35987 0.52018 29.2123
4.40634 21.62609 2.62526 0.5337 30.83908
4.43905 23.92421 2.17003 0.51587 28.98645
4.57576 22.92654 1.91547 0.54534 30.06905
4.22324 24.00691 2.02123 0.59927 29.20214
5.00097 22.93985 2.69842 0.61762 28.79164
4.77287 22.2444 2.42693 0.73128 29.90038
4.51409 21.21104 2.52875 0.66862 31.12781
4.93367 21.65791 2.87646 0.78121 29.85293
5.1771 21.1984 2.87389 0.94113 29.92233
5.22358 20.90868 3.09104 0.75316 30.10139
5.59554 21.17938 2.60639 0.63769 30.06761
5.10481 20.82424 2.74821 0.64071 30.7603
5.47947 21.32875 2.56898 0.68704 30.01247
4.9968 23.28954 2.33949 0.83044 28.64819
3.7494 22.91524 1.87909 0.4657 31.02255
4.41759 22.21307 1.95307 0.4611 30.98909
4.62459 23.69501 2.09577 0.69055 28.9631
3.78506 22.15669 1.89158 0.37842 31.80718
4.10485 23.07319 2.19339 0.43709 30.2266
4.69992 21.74883 2.45832 0.42443 30.69277
4.21379 23.05051 2.14059 0.40717 30.21768
4.62254 22.67835 2.74491 0.43207 29.55798
4.46354 21.32882 2.56476 0.54541 31.1586
4.86839 23.0511 2.52228 0.72858 28.91064
4.31917 23.78578 2.53667 0.62847 28.79477
5.19046 24.27053 3.15581 0.72445 26.78687
5.39677 22.30307 2.94319 0.75719 28.70257
5.28462 22.30932 3.44425 0.79615 28.24886
4.52799 20.76698 2.85609 0.57738 31.30181
5.18762 21.94316 2.75593 0.83851 29.33319
4.41654 21.05321 2.28781 0.50039 31.76079
4.72782 21.58409 2.33265 0.62768 30.74936
4.02489 21.76193 2.30582 0.43716 31.47817
4.16719 23.72304 2.47136 0.55133 29.10893
3.91596 22.3944 2.41794 0.45305 30.83378
3.82519 21.14228 2.1232 0.4304 32.49817
4.58305 21.63952 2.40025 0.44186 30.96047
5.19858 22.24755 2.47969 0.48219 29.62649
5.09709 22.15547 2.30286 0.47171 30.00209
4.23394 21.39641 1.87638 0.40955 32.10596
5.26672 22.05728 2.42121 0.80075 29.55651
4.56772 22.61733 2.30491 0.52783 30.01945
4.28383 23.38509 2.33408 0.47914 29.54637
4.35251 22.57345 2.66913 0.47118 29.95296
4.46338 21.42428 2.228 0.49228 31.42362
4.36063 20.91227 2.2697 0.37374 32.1012
4.60125 24.40724 2.01736 0.40473 28.60039
4.88332 22.39313 2.05849 0.34071 30.33888
4.71867 22.75354 2.05036 0.35995 30.13313
5.3131 22.90793 2.19413 0.40063 29.21178
5.3701 21.89367 2.37461 0.43627 29.96142
4.6763 21.24301 1.90644 0.38236 31.81485
4.35952 21.35584 2.44796 0.41148 31.44412
4.43533 22.45361 2.01729 0.36354 30.74709
4.61741 22.04657 2.88078 0.41813 30.06313
5.09105 21.21405 2.72815 0.36309 30.62524
4.51555 22.05859 2.47603 0.34718 30.61785
3.75415 21.0766 2.49465 0.34536 32.34526
4.91885 22.40986 2.456 0.43643 29.80677
4.9259 22.78763 2.77903 0.54015 28.99565
4.55305 22.41741 2.24711 0.45039 30.35812
4.04963 23.3082 2.20469 0.5599 29.92708
4.56657 23.67902 2.18401 0.61763 29.00331
4.09722 21.29863 2.09847 0.50174 32.04547
4.57029 21.85336 2.42339 0.5236 30.66496
5.21389 22.78455 2.1046 0.46204 29.47846
4.80286 23.57377 2.0561 0.49828 29.11769
3.99595 23.1529 1.62882 0.47917 30.77938
4.21725 23.39374 1.91829 0.52826 29.9921
4.52585 21.73433 2.43275 0.55464 30.7879
4.18164 23.41784 2.07897 0.65066 29.69155
4.29614 23.84142 1.96371 0.79768 29.14086
4.9209 24.00438 2.42962 0.83385 27.86207
5.17087 22.46627 2.51193 0.63491 29.25455
3.69654 23.74315 2.06448 0.63037 29.89809
4.41629 23.7755 2.5582 0.68757 28.6125
4.40821 22.4396 2.50567 0.67387 30.02187
5.05503 21.88967 2.78211 0.83156 29.50237
4.22234 22.7139 2.41787 0.69417 30.00371
4.61491 21.79023 2.31184 0.72789 30.6079
4.64068 22.93054 2.03511 0.89901 29.5481
3.85239 22.01569 2.19348 0.69318 31.28653
3.91874 22.09512 2.1877 0.40346 31.42295
4.49261 21.90102 2.33798 0.48354 30.81219
4.44631 22.69332 2.74082 0.50989 29.64409
4.8261 23.27688 2.28797 0.64589 29.02001
4.51077 23.04133 2.16123 0.60367 29.7355
4.42571 22.05354 1.87755 0.61205 31.10755
5.14603 22.25258 1.87915 0.82713 30.02091
5.10304 21.8599 2.14801 0.63164 30.31603
4.49618 23.78193 1.63809 0.46119 29.68184
4.4587 22.76681 1.93688 0.54042 30.36248
4.57918 23.42497 2.12012 0.45868 29.4804
3.71011 25.49477 2.76472 0.45295 27.65046
3.51754 23.61974 2.00773 0.46137 30.44445
4.73187 22.81977 2.79398 0.61144 29.11372
4.21369 23.27138 2.47848 0.39288 29.67489
4.09552 23.54579 2.30567 0.43418 29.66859
3.28213 23.52634 2.36904 0.28066 30.56362
3.92806 22.79985 2.01449 0.36922 30.92139
3.56806 21.53441 1.77081 0.32107 32.82994
3.84509 22.98537 2.05493 0.42069 30.72275
4.17658 23.65537 1.74706 0.42616 30.03482
4.56117 22.1321 1.88149 0.41683 31.03607
4.06897 22.92219 1.86755 0.44393 30.73393
4.25766 23.00338 2.04802 0.53121 30.20509
4.50095 22.97849 1.95774 0.60095 30.01053
4.89629 22.17695 2.10039 0.57696 30.30036
4.96886 23.2575 2.52533 0.53399 28.79217
4.44477 23.4871 2.1292 0.5056 29.47926
4.23451 23.78556 2.26924 0.58415 29.18863
4.57379 21.51229 2.02729 0.43262 31.48704
4.32123 21.98259 2.41008 0.46714 30.87532
4.77881 20.67733 2.38959 0.47202 31.74347
4.24827 22.68527 2.28767 0.44966 30.38578
4.2923 22.21352 2.5844 0.39409 30.55776
5.31996 20.79275 2.51418 0.52495 30.92984
5.05927 21.1563 2.54724 0.46519 30.87187
4.92747 22.5649 2.53624 0.43981 29.61661
5.12453 20.7909 2.57732 0.42802 31.13013
5.34587 20.85589 2.78399 0.38115 30.69016
4.35414 23.21555 2.26098 0.41144 29.82186
4.92093 22.65224 2.26981 0.49534 29.75078
5.27381 22.81455 2.55684 0.46966 29.0132
6.24428 22.16641 2.85336 0.74023 28.1346
5.63257 21.78362 2.4598 0.6912 29.57089
5.58427 22.56001 2.56559 0.66444 28.72258
5.77459 22.63497 2.374 0.94423 28.46818
5.35141 22.45765 2.27708 0.76192 29.29903
5.95478 22.27302 2.12602 0.47574 29.24049
5.23152 21.71812 2.86796 0.37773 29.84999
5.7549 21.79497 2.75032 0.51318 29.25716
5.51441 21.86248 2.71197 0.53444 29.45552
5.30924 21.7312 2.87761 0.56754 29.5953
4.93306 22.95737 2.81833 0.65567 28.71015
5.05709 20.7125 2.44023 0.51978 31.30652
4.87373 21.72641 2.57421 0.5006 30.36259
4.89986 21.55839 2.43227 0.56624 30.57322
4.58881 23.57681 2.44565 0.61339 28.81441
4.74396 23.08213 2.54232 0.72101 28.95048
5.07936 22.78389 2.0831 0.68564 29.39776
5.04862 24.13497 2.5233 0.67169 27.67651
4.81075 22.99677 2.45302 0.57119 29.1975
4.76107 23.12167 1.9588 0.56386 29.63059
5.12822 22.44419 2.07956 0.54016 29.84256
4.34854 21.74945 2.0431 0.41289 31.46657
4.29291 21.09844 2.29527 0.37318 31.95513
4.26776 21.20874 2.21716 0.43596 31.88733
3.74176 22.49527 2.13601 0.61826 31.03303
4.9005 22.66839 2.14257 0.52095 29.78376
4.87796 22.62434 2.75363 0.50745 29.26163
4.1651 22.12049 1.96083 0.52156 31.25147
