"V1" "V2" "V3" "V4" "V5"
10.38515 12.08404 8.18741 1.08401 28.28759
9.77438 13.34784 8.81237 0.87576 27.23094
9.18897 14.89437 8.67799 0.78161 26.49994
9.25964 14.41507 8.65792 0.82972 26.87483
9.46334 15.56062 8.37986 0.81528 25.85744
10.04858 14.95872 8.79936 0.79025 25.50947
9.89367 14.36931 8.16426 0.71296 26.93011
10.42099 14.43559 9.10802 0.83116 25.31787
10.11607 14.37288 8.69867 0.95854 25.93694
10.14495 14.45408 9.87733 1.07398 24.55528
10.40177 15.03808 8.97296 1.23492 24.4725
9.82629 14.17433 8.93169 0.99693 26.1427
11.79732 14.50194 7.7522 0.87099 25.16806
10.17492 13.47829 8.89586 0.58937 26.90481
9.69288 13.76983 8.74228 0.73918 27.12666
10.00194 14.57448 9.64283 0.78696 25.13568
9.81036 14.72342 8.38132 0.90164 26.3058
9.6033 13.46189 10.12474 1.04884 25.86641
9.5899 13.6092 9.58361 1.23196 26.13534
9.83454 13.61507 8.94329 1.24054 26.5078
9.42172 13.85494 9.452 1.01145 26.37143
8.74915 14.70866 7.99655 0.77438 27.81856
10.11442 14.32901 8.78357 0.89424 25.95341
9.94107 14.20821 9.39673 1.01353 25.5641
10.18559 13.54708 10.37255 1.21717 24.85621
10.48061 15.48152 8.53489 0.98268 24.64517
11.12532 13.4802 9.3118 0.90287 25.31425
10.24864 13.63344 9.82434 0.87483 25.60534
9.07042 13.73387 9.97671 0.91701 26.41227
10.88035 14.32042 9.91296 1.52058 23.65238
10.52001 13.38873 10.20224 0.90041 25.10811
10.16445 14.04196 9.29698 1.01817 25.59834
9.40325 15.46059 8.17592 0.84918 26.23453
10.29106 15.09242 9.06649 1.0891 24.64187
10.08014 13.16718 10.66062 0.8221 25.35871
10.27749 15.36153 8.93103 1.14277 24.46528
11.44758 13.44663 9.09165 1.64056 24.68946
9.97806 14.60218 10.52294 1.39502 23.76445
10.54001 14.47485 9.85366 1.2721 24.12129
10.37739 14.70897 9.01928 1.39944 24.75862
9.69216 14.06467 9.24529 1.04484 26.0661
10.49531 13.89404 9.87106 1.0075 24.87378
10.2232 14.07108 9.87928 0.99124 24.95683
9.5432 14.5574 9.26359 0.95342 25.78746
11.72111 12.9189 8.5216 1.43882 25.54902
11.02434 14.04138 8.50295 1.33192 25.26787
10.25675 14.5893 8.42647 1.2621 25.64085
11.22507 14.078 9.41599 1.14532 24.3569
10.35165 13.85093 11.33783 1.18077 23.54254
9.23563 14.12749 9.89625 1.13647 25.75995
8.97268 15.19671 8.60573 1.05061 26.26196
9.5265 13.91131 8.16505 1.03276 27.41361
10.10421 13.89569 8.56404 1.35071 26.22202
10.12828 13.76926 6.94312 1.44164 27.84855
9.32943 13.55616 8.16794 1.24361 27.80355
10.78915 12.88709 10.33298 1.3716 24.83174
11.45594 13.71078 8.84044 1.10696 25.1012
10.98892 14.72978 8.45023 1.11269 24.94206
9.49857 14.89473 10.41044 0.94364 24.45696
11.69936 12.73781 9.58633 1.10662 25.002
11.92781 13.71804 8.67177 1.222 24.57827
11.59511 13.38982 8.80996 1.26443 25.09773
9.14138 15.33615 7.42014 1.29571 26.95104
10.17489 14.388 7.56032 1.55277 26.57783
10.58891 14.97815 7.14318 2.13795 25.57312
10.37988 13.83106 7.22384 2.0586 26.78639
9.8218 14.81104 6.77342 1.95275 26.8957
10.35871 14.08683 7.53513 1.83943 26.43989
10.76657 13.08223 7.54594 1.58237 27.1828
10.89002 13.95354 7.13883 1.38158 26.7564
11.51978 13.5682 7.686 1.70529 25.71003
9.61774 13.59049 8.68082 2.07048 26.31456
9.50256 12.38198 8.9297 1.62446 27.74006
9.39195 12.30401 9.5003 1.59535 27.35019
8.70969 13.13151 9.2498 1.33446 27.67565
9.06679 12.97774 8.70272 1.42013 27.94549
9.93295 13.32666 8.78949 1.37068 26.70488
10.4154 13.43336 8.52532 1.29074 26.41522
9.12599 14.38416 7.70173 1.41085 27.44326
9.27777 14.81743 8.09612 1.4115 26.4721
10.98142 12.92092 8.55698 1.42081 26.20138
9.61834 14.05571 9.50347 1.6428 25.29499
10.19208 13.50172 9.63987 1.97351 24.9191
10.43559 12.96827 8.27212 2.29318 26.37029
9.81902 13.73925 7.68235 1.40168 27.48345
11.44436 14.95683 7.11414 1.29529 25.31664
11.47115 15.00466 7.66368 1.65877 24.47625
10.11597 14.92298 7.26497 1.24058 26.58102
11.97443 14.42476 7.4933 1.27274 24.94593
11.56771 12.21698 9.67375 1.19891 25.454
11.06255 12.39079 9.18994 0.88001 26.52683
11.70088 12.57968 8.88682 1.61735 25.39165
10.43271 14.92338 8.93678 1.70206 24.2688
10.40331 15.61979 7.416 1.63694 25.08389
9.95731 15.16539 8.09809 1.86648 25.21175
9.86031 15.20576 7.81205 1.68776 25.78608
11.09857 14.7268 7.49444 2.11577 24.93663
9.44943 15.40219 8.6175 2.59785 24.69496
10.25986 15.10434 7.61006 2.3949 25.13093
9.72399 14.59052 7.55892 1.86488 26.57702
10.10428 13.70382 7.25715 1.14053 27.90993
11.22236 13.75506 7.94581 1.57808 25.63491
9.92132 13.66059 7.8059 1.28668 27.38074
10.87868 13.53165 7.17183 1.33183 27.19086
11.09347 12.77008 8.24046 1.48507 26.56634
10.44056 13.69577 8.02362 1.77234 26.27492
9.99188 14.12085 9.14161 1.86211 25.1441
11.59512 13.89758 8.65688 2.82675 23.84292
10.27319 13.01556 9.07728 1.93767 26.1162
10.14462 13.16537 8.04131 2.37556 26.75093
9.68676 14.49757 8.45028 1.75923 25.91169
8.75423 13.87137 9.70674 1.29669 26.51446
10.27882 13.34241 10.44814 1.28991 24.83546
10.55247 13.5639 9.15563 1.15255 25.72694
11.11557 14.88756 7.21094 0.92308 25.98813
9.47471 14.96847 7.47022 0.9362 27.24844
9.53174 14.86875 8.23988 1.01003 26.44528
9.20811 16.05677 7.80151 0.91948 26.09933
10.75556 14.6783 8.5354 1.14267 25.02879
9.90482 15.37632 8.15887 1.05958 25.6333
10.59132 14.85334 9.73901 1.42559 23.60111
10.90899 15.4205 8.36019 1.68907 23.86694
11.23275 15.31776 8.30512 1.84468 23.55461
10.21021 16.07773 9.01233 1.46797 23.42725
9.9983 14.55999 8.99965 1.58773 25.0541
9.64678 15.14298 8.55882 1.36761 25.40231
10.45088 14.32117 8.43336 1.26455 25.60871
10.55444 14.47779 8.23888 1.06739 25.75265
10.67776 12.67424 8.43973 0.98393 27.29599
10.92814 14.02668 8.43206 1.30721 25.41611
11.9416 14.0594 9.00224 1.58622 23.59097
11.90528 14.3661 7.53511 1.50451 24.78457
11.02556 13.95294 7.63382 1.2336 26.21474
10.13787 13.37193 8.32364 1.05138 27.14645
11.51636 13.99879 8.36586 1.09676 25.10519
11.13918 13.87002 9.5787 1.15411 24.38372
10.99233 14.7148 8.12942 0.86334 25.39898
11.23589 14.68123 8.37185 0.93897 24.92498
10.2837 14.12184 8.19386 0.85899 26.62361
9.24142 14.8576 8.50269 0.98414 26.47656
10.62079 13.94486 9.38849 1.02617 25.14072
10.55372 14.57245 7.83407 0.89358 26.24659
10.72916 13.91652 8.49857 1.35539 25.64267
11.52616 13.63773 7.85531 1.39646 25.69105
10.5921 13.5643 8.72736 1.27534 25.94209
10.27277 13.74629 8.24132 0.94732 26.82611
9.92436 13.93303 9.54249 0.95725 25.70551
12.03504 13.6165 9.6477 1.27473 23.57552
11.46879 12.5905 9.18389 1.29165 25.58171
11.0392 12.53506 10.23168 1.41473 24.86492
10.13743 14.30382 9.29374 1.35656 24.99405
10.53006 13.48872 9.99538 1.29909 24.76971
10.59953 13.09381 9.66782 1.40929 25.35713
12.14154 13.43344 8.79993 1.64793 24.20144
10.96163 15.14772 8.17719 2.15253 23.82466
10.0713 14.3985 8.98105 1.56515 25.11545
9.89053 14.1049 7.41933 1.13184 27.52041
10.70793 13.46254 7.61502 1.34441 26.94839
10.61218 13.99666 8.54969 1.29208 25.63241
8.82154 15.44266 8.26006 1.25929 26.3149
10.29021 14.88645 8.34706 1.41211 25.24116
9.57422 14.27114 8.09808 1.21079 26.9292
9.96722 14.99025 7.51998 1.51854 26.15168
9.34185 15.39916 8.84333 1.70128 24.9135
9.63125 14.60729 7.68489 1.42709 26.73985
9.29843 14.60662 7.95666 1.25997 26.95198
10.06233 14.6635 7.11495 1.02659 27.1871
10.45867 14.49425 6.67709 0.89814 27.51736
11.36061 14.32843 7.3427 0.79756 26.22164
9.74324 15.94674 7.04851 0.87242 26.41655
9.12981 15.39263 7.12356 0.74318 27.64014
9.65483 14.2756 7.15895 0.75011 28.18592
9.44122 14.0815 7.16896 0.77055 28.55573
8.88852 14.08386 7.93525 1.10573 28.01805
9.77951 14.86194 6.83756 1.10551 27.44101
11.21478 13.56615 7.39249 0.85433 27.01086
10.20615 12.94966 8.46564 1.08575 27.33067
11.34736 13.44811 8.11546 1.13681 26.02712
11.40258 13.47762 7.97773 0.86654 26.33795
9.72921 14.95447 7.81874 0.91008 26.6529
10.8102 13.11605 7.88179 0.73418 27.49502
10.54442 13.92328 7.53835 0.66437 27.36207
10.12254 14.77508 8.78825 0.88644 25.48397
9.91135 13.07743 10.00232 0.83107 26.20615
11.07639 13.21833 9.29844 1.06414 25.41339
9.69249 14.87625 9.24742 1.08425 25.17337
9.59155 14.51098 7.94144 1.13333 26.86315
8.76392 14.99891 9.19133 1.12302 25.98813
10.1386 14.7571 8.14963 0.91246 26.07711
9.73551 13.34654 9.36278 0.94742 26.64358
9.28838 14.13286 8.31095 1.08926 27.21117
10.14559 13.51379 9.00962 1.4066 25.98454
10.69136 12.27174 10.45082 1.39483 25.29003
10.43893 13.80924 8.10297 1.41579 26.31485
9.43987 13.50013 9.02616 1.45139 26.66174
10.99537 13.26856 9.47052 1.42268 24.94208
9.42936 14.36474 8.11469 0.9652 27.15374
11.28697 13.89599 7.03207 1.17219 26.67509
9.2937 14.03086 8.69692 1.15005 26.88732
9.27988 14.39549 7.54622 1.00113 27.82006
8.71155 15.83436 6.98261 1.20608 27.32745
10.15579 14.64422 7.84943 1.44856 25.99745
10.0419 14.78992 7.30726 1.4416 26.54264
9.2015 14.94623 8.70283 1.25507 25.95804
9.90181 15.27574 8.17406 0.95389 25.74234
9.95943 15.71824 8.64087 1.13034 24.67114
9.62229 15.99713 8.04965 1.13413 25.33184
10.20556 15.2211 7.69989 1.62892 25.40842
9.70322 16.5575 8.00213 1.43865 24.44782
10.16154 14.4693 8.95269 1.43624 25.08849
10.92549 14.47013 8.30796 1.32291 25.08984
10.37354 13.41892 10.32538 1.07356 24.94089
10.03167 12.74024 10.82591 0.98341 25.53414
10.83539 13.38455 7.96944 1.11387 26.77951
11.41963 13.87556 9.0673 0.83776 24.88798
11.58709 13.40494 9.36236 1.00527 24.72252
9.56221 14.00672 9.95162 0.78359 25.7647
10.17386 13.40838 8.87855 0.47187 27.10903
8.82007 12.99991 9.98177 0.67376 27.56736
11.28985 12.55553 9.11751 0.83775 26.2759
10.83298 14.05464 9.13526 0.757 25.34031
10.22678 13.21285 10.00602 0.84164 25.80899
9.39308 14.19044 9.28553 0.82906 26.37733
10.07688 14.811 9.37687 0.9904 24.83829
9.08145 14.73316 8.5753 0.76256 26.89695
9.8892 13.73372 9.38365 0.83478 26.20778
9.15976 14.23468 8.78986 0.79641 27.05977
10.35632 14.96067 7.43634 0.72183 26.58154
11.20518 14.4005 8.31739 0.81172 25.3322
10.94767 13.82609 7.6763 1.14096 26.44484
10.67146 13.8777 8.40266 0.84241 26.24479
10.32192 12.29059 9.68608 0.99113 26.75123
9.7488 13.29265 9.68005 0.85898 26.47016
10.43632 13.22568 8.64524 0.92961 26.80197
9.70927 13.07654 9.09619 0.91451 27.2475
10.22451 12.66404 9.71204 1.19314 26.28013
10.50931 14.41878 8.53812 1.49477 25.20021
9.2829 14.47114 8.4597 0.87139 26.95531
9.86406 16.09342 8.03023 0.83104 25.25149
10.40206 15.60381 8.04206 0.82163 25.19526
9.49405 15.96584 8.56988 0.71551 25.33456
9.9146 15.8286 7.99475 0.69082 25.64179
10.75384 14.56233 7.76822 0.68797 26.29088
9.00742 15.72286 8.20924 0.57488 26.54098
9.91274 13.32771 8.90174 0.70348 27.22831
11.14499 13.868 8.68089 0.67795 25.73509
11.44142 12.81784 10.46226 0.74544 24.66409
9.72445 13.62806 10.99524 0.69899 25.06467
10.42641 12.92268 10.93182 0.7015 25.10586
11.52763 13.88716 9.05046 0.72523 24.93432
9.50827 15.07281 9.32691 0.6482 25.55655
9.7636 14.75693 9.24279 0.89333 25.51005
10.81126 13.60638 9.08938 0.78406 25.82633
10.06107 14.40098 10.07724 0.93419 24.67186
11.05952 14.23769 9.3594 1.16854 24.3664
10.20577 13.76117 8.71904 0.90321 26.49113
9.41627 13.93227 9.77395 0.90402 26.04982
10.11932 11.87281 9.68861 0.87465 27.48549
10.45278 12.99977 9.51764 0.98395 26.12937
10.46688 13.93623 9.13994 1.31 25.30891
10.21378 13.99009 8.06106 1.13401 26.73229
10.48078 13.56697 7.81314 1.30566 26.96179
10.24592 14.16605 7.64988 1.41722 26.65425
10.42526 14.40229 7.43729 1.42282 26.4694
11.17905 13.42338 7.93844 1.29557 26.26602
11.39282 13.81583 7.18649 1.45183 26.30746
11.28662 14.82058 7.36693 1.7322 25.01784
10.44747 14.1997 8.42806 1.411 25.66698
9.94728 14.19445 7.81817 1.96011 26.40297
10.98065 13.74086 8.86625 2.97299 24.18074
11.28577 13.21446 9.68706 2.46008 23.9306
10.42266 14.65441 9.08055 1.94676 24.35725
10.00703 13.0202 10.7687 1.48187 24.96023
10.19315 14.49711 8.72731 1.43439 25.31287
9.44542 14.08771 9.16995 1.45651 25.96228
9.5104 14.00754 9.2857 1.36331 25.91636
10.59608 14.47136 7.98189 1.28236 25.8149
9.86616 16.13252 8.59484 1.52528 24.14897
9.65364 15.91895 9.4849 1.45474 23.75653
9.67302 15.39942 7.89203 1.14012 25.99734
10.1205 13.5616 8.80428 1.1429 26.45571
9.98017 13.4194 9.32615 0.88982 26.49244
8.78185 15.2874 9.24766 0.85414 25.93796
10.25423 14.32479 8.79901 0.89547 25.81761
9.51937 13.37777 9.3726 0.87646 26.90261
9.76744 14.47533 8.8128 0.82852 26.19128
8.54731 14.58172 8.85586 0.95149 27.12544
9.87959 13.63435 8.11405 1.07946 27.39818
10.49413 13.06717 7.98013 1.35842 27.29278
11.07449 14.1751 7.88531 1.32005 25.73547
9.87214 13.74946 7.99564 1.08826 27.37673
9.7936 14.60105 8.59039 0.99123 26.14183
9.62094 13.61027 8.38191 0.85203 27.62187
10.83484 13.94579 9.59295 1.05436 24.69513
11.10158 14.07563 9.082 1.04234 24.81758
10.20393 14.54155 8.802 1.06674 25.46437
10.61576 14.22792 9.29004 0.93048 24.99983
11.04264 14.62263 8.21091 1.08382 25.13421
9.52392 15.09031 7.62648 1.01745 26.80108
11.24235 13.59031 8.8264 1.29432 25.11119
10.80619 13.28059 8.19461 1.61939 26.16438
10.50703 14.53736 7.69524 1.54562 25.78007
11.22629 13.32199 8.77294 1.28827 25.46354
10.10955 13.64777 7.51978 0.88609 27.86471
9.44899 13.61763 8.16385 1.23132 27.61097
10.30064 12.72684 8.99248 1.1221 26.90122
9.39712 13.92676 9.70569 1.10005 25.95268
10.07584 13.55684 8.92438 0.99427 26.52687
9.80544 14.11847 9.78751 1.28305 25.18817
10.92814 13.49054 9.3209 1.08832 25.30074
10.65358 13.37962 9.31273 1.42278 25.3875
10.12304 13.38428 9.87066 1.46255 25.34845
10.32863 13.01142 8.9638 1.50323 26.32303
11.85654 13.3401 7.86582 1.27429 25.76418
9.7152 15.21454 7.93287 1.13952 26.08406
11.50116 13.38478 8.57732 1.21047 25.42917
10.19838 13.63003 8.99889 0.98279 26.24436
9.95145 12.51398 8.94932 0.84268 27.78999
10.28715 14.17784 8.58367 0.90779 26.09814
9.11192 13.46001 9.27042 1.19129 27.0181
9.51099 13.81359 9.79791 1.25583 25.73444
11.80799 12.7242 8.61928 1.11846 25.82452
12.32179 13.37976 7.11093 0.78571 26.48381
11.06504 13.90944 7.92928 0.88414 26.28666
9.74445 13.59861 8.68474 1.03721 26.99334
9.88334 14.66873 9.38207 0.97937 25.20945
9.98906 13.87271 8.85472 1.03317 26.32127
9.98864 13.78922 9.55102 1.35009 25.42915
10.68277 13.35765 9.0251 1.41436 25.64821
10.68158 13.10798 8.6776 1.12813 26.48051
10.71995 12.59511 8.42381 1.17067 27.15449
9.80649 14.59159 7.78508 0.87362 26.97836
11.22571 12.32254 8.80734 1.06994 26.6311
11.92251 12.47393 8.06175 0.69937 26.89957
10.26977 14.26357 9.9271 0.95579 24.65882
12.73883 13.30081 8.55974 1.04451 24.46357
11.05019 14.8534 9.16032 1.20506 23.83556
12.21855 12.93882 8.48794 0.89866 25.53039
10.04493 14.18932 9.17783 0.71394 25.92179
10.63245 13.5373 8.31008 0.8538 26.69711
10.8186 13.72785 8.19897 1.00441 26.30024
9.79387 14.50302 8.17807 0.88827 26.68654
10.84643 14.38261 7.35302 0.85209 26.60549
8.81909 12.88166 8.14946 0.56657 29.6002
10.30333 12.88417 8.55103 0.76963 27.52306
10.25311 13.15619 8.13323 0.75474 27.73358
11.45149 12.64304 8.13587 1.06107 26.74692
11.46838 13.39256 8.59969 1.0998 25.49588
11.36796 13.05001 8.37375 1.1291 26.14308
10.37428 13.13142 9.96584 1.18755 25.45138
10.51882 12.8691 8.44792 0.9309 27.31969
10.05822 13.20852 9.16396 1.21649 26.49577
11.23296 13.71515 9.24271 1.05872 24.853
10.35449 13.96115 9.01151 1.30989 25.46447
10.47015 13.85193 8.30658 1.5021 26.00147
10.21922 13.03371 8.94099 1.59676 26.35948
10.23607 13.08244 8.08357 1.46637 27.19906
11.09921 13.7494 9.25113 1.39125 24.60079
11.42306 12.60126 9.17621 1.24485 25.66468
10.16953 15.14427 7.19499 1.27572 26.28538
8.90615 14.78984 7.19502 1.18777 27.99282
9.97781 14.06946 7.29683 1.14357 27.56129
8.50226 15.28069 7.38126 1.25579 27.65653
7.43763 15.1509 9.56562 1.35785 26.58311
9.80108 12.42657 9.44174 1.75789 26.67673
11.58263 13.31479 8.69789 1.44762 25.05828
10.31992 13.4386 8.86326 1.44084 26.03233
10.30382 13.7353 9.5619 1.46143 25.06808
10.17674 14.35275 8.05722 1.07187 26.41677
9.64076 14.50984 8.3196 1.12971 26.48093
10.13853 16.03426 8.21365 1.47367 24.28047
10.4052 14.31411 8.41688 1.18083 25.7654
10.18725 14.14491 8.7708 1.15276 25.85708
11.78273 14.01739 8.56462 1.13368 24.61102
11.05989 13.44389 8.65147 1.21148 25.70497
9.46935 15.26075 7.32337 1.17978 26.82899
9.37949 15.23698 8.41427 1.04667 25.9822
8.69978 15.12299 8.59656 0.97755 26.66739
9.33379 15.51655 9.15959 1.15418 24.96578
8.83611 14.35932 8.39223 0.87143 27.62244
11.38677 15.77626 8.124 1.04983 23.83203
11.7522 14.03427 8.49412 1.18693 24.65563
10.71469 14.69828 7.9668 0.70324 25.98177
11.01369 13.18728 8.96185 0.63356 26.24089
9.83869 13.38845 9.6347 0.5772 26.59161
10.39308 12.95367 8.55472 0.56455 27.56332
10.04946 12.78321 9.50513 0.53859 27.1496
8.98685 13.09445 9.14227 0.52505 28.27352
10.48966 13.65987 8.34465 0.51686 27.01496
11.00953 12.95333 9.67114 0.77863 25.63375
9.60082 14.13517 9.28076 0.60937 26.40656
11.57006 13.1473 8.00348 0.62769 26.68099
10.72388 13.69275 8.477 0.75071 26.41194
9.6891 14.59388 8.03117 0.65727 27.07843
10.54752 13.98654 8.34431 0.98135 26.19391
9.88785 13.72877 8.68166 1.18542 26.57203
10.47003 14.71968 7.68392 1.42534 25.79651
8.68963 14.63498 8.19502 1.04954 27.47388
9.07627 13.79922 8.49884 1.13254 27.52572
8.80793 14.34459 8.55606 1.01421 27.31359
9.96712 13.67438 8.95315 1.08328 26.35528
10.33561 13.5353 8.44778 1.07331 26.6463
9.87757 13.96721 8.05496 1.03717 27.10398
10.72732 14.35706 9.61227 1.07477 24.30149
9.58206 14.68998 9.34654 0.77969 25.63886
10.46186 13.70815 8.97043 0.71575 26.18761
11.13054 13.17481 8.72287 0.70553 26.30495
10.16439 13.72667 9.16823 0.79361 26.1974
10.01673 14.57923 8.43617 0.70919 26.297
10.6926 13.41636 8.37539 0.53302 27.00377
11.31548 14.04778 7.72281 0.59811 26.35398
10.31297 13.66059 8.97935 0.55952 26.52034
10.60242 13.07431 8.96705 0.67048 26.73502
9.96836 14.85384 8.5795 0.71009 25.92845
9.20105 15.09334 8.03207 0.67478 27.0278
9.99479 15.86472 7.56781 0.69563 25.92151
8.46303 15.73341 8.67176 0.70026 26.46134
8.47287 16.98013 8.30343 0.66732 25.61141
9.9671 14.4401 9.30011 0.65911 25.67108
9.71603 14.64972 8.91932 0.77215 25.99075
10.0799 14.42795 8.04246 0.95046 26.52876
10.82037 13.55034 8.07131 0.74184 26.84067
9.70807 14.26692 8.45744 0.83951 26.7499
12.20984 13.28341 8.52133 0.97171 25.05706
10.82753 14.2424 8.33786 0.94818 25.70313
11.27919 13.61907 8.41162 0.98185 25.75754
10.86841 12.58371 7.19232 0.79888 28.57566
10.3158 13.02449 8.23632 0.87556 27.55845
9.84516 12.98886 9.82451 0.94032 26.4172
10.98755 15.30606 8.08589 1.29292 24.36458
10.85331 13.90598 7.89515 1.30263 26.07613
10.51132 15.06454 7.99207 1.23976 25.26193
10.65684 14.14139 8.39252 1.29836 25.59636
9.94228 14.46867 8.46687 0.85782 26.32293
10.09446 15.93504 8.14325 0.85212 25.02665
10.68259 13.10349 7.35208 1.0077 27.88068
10.71293 14.44179 7.8622 0.98175 26.03901
10.1557 14.88504 8.39026 1.09446 25.52214
10.70035 13.67435 7.81401 0.94198 26.91498
10.65991 13.14106 7.97816 0.98124 27.27185
10.38359 12.9064 8.57951 1.13371 27.04845
10.69893 14.64302 7.96847 1.25551 25.49938
9.49658 15.2023 8.01849 0.82894 26.48671
10.34687 14.51375 8.06931 1.02182 26.11321
11.23939 14.56051 7.55573 1.15364 25.57252
10.87084 14.88977 7.65728 1.09452 25.56519
10.65583 13.18065 8.80582 1.04907 26.37279
9.48282 13.91318 8.81148 0.91043 26.9279
9.58805 13.09635 9.66542 0.92083 26.78966
9.98849 13.87541 10.76244 0.76796 24.68249
10.96975 13.68164 10.29828 0.91747 24.21967
9.71924 14.13891 9.97986 0.7199 25.47414
10.41969 13.98662 9.30442 1.13799 25.20473
10.82286 13.18987 8.777 1.57064 25.7076
11.03591 14.06507 9.59871 1.26234 24.12291
10.17636 13.54809 9.82772 0.92987 25.57167
11.62502 12.69988 9.81838 1.01886 24.91706
10.4455 13.58234 8.8492 1.05354 26.13107
9.78109 13.78001 9.44228 1.07378 25.98383
9.90275 14.52792 9.17396 1.25212 25.24856
9.1092 13.98737 9.54587 1.30356 26.14598
9.85174 14.27816 8.48865 1.1289 26.3436
10.54407 13.23402 9.7107 1.18113 25.43117
11.34983 12.79748 8.86649 1.49543 25.64444
11.47966 13.20868 9.88225 0.97421 24.60079
11.29272 14.37716 9.00136 0.94747 24.51257
10.64416 13.83629 8.26992 0.86971 26.43249
10.53394 13.55934 8.49671 0.94098 26.52617
10.48714 15.10487 7.16821 1.14846 26.15282
10.78568 15.15418 7.48729 1.10508 25.5608
10.66275 15.43011 8.09754 1.40038 24.50102
11.13344 14.57879 7.47699 1.55455 25.3939
11.53539 13.76999 8.06904 1.61275 25.22781
10.20484 14.5361 8.86236 1.64243 24.91723
9.87392 14.56422 8.20009 1.68202 25.77341
10.69826 13.60136 8.85126 1.7244 25.25929
10.75892 12.85419 9.90246 1.53156 25.04995
11.06959 14.24114 8.41236 1.26998 25.10507
10.47293 14.52765 8.92102 1.23864 24.94889
11.82198 14.08914 7.71476 1.10199 25.37454
9.98519 13.89144 8.65308 1.00966 26.53467
9.25677 13.32532 8.76107 0.58589 28.10101
10.65614 14.69149 8.65991 0.71723 25.32003
10.42778 14.33933 8.39106 0.79605 26.09106
9.61751 14.80092 10.47568 0.80581 24.36578
9.7371 13.1278 9.49271 0.67995 26.99132
11.1765 13.65397 9.90636 0.87483 24.48879
9.44722 14.76718 8.58999 0.98745 26.25281
10.39191 15.0445 7.78923 0.96719 25.86465
9.99585 14.74559 7.63392 0.91737 26.73367
10.78648 13.11323 8.64561 0.99023 26.50339
10.80009 13.44776 8.21914 1.03082 26.5528
10.84397 14.10148 7.86169 1.19535 26.05725
10.84833 13.78934 9.13221 1.26714 25.03378
9.56191 14.55479 8.62337 1.51589 25.81554
9.16025 14.63077 9.2789 1.20307 25.78343
10.63945 13.87772 8.87766 1.42958 25.24967
10.59122 12.95035 7.74856 1.32843 27.41226
9.97234 13.76086 7.61508 1.01175 27.68184
10.09593 13.05135 8.90697 1.07703 26.89355
11.79738 13.88645 8.55948 3.05889 23.70841
10.05195 13.71477 7.99876 1.74139 26.8881
10.6957 13.36554 9.10762 1.46904 25.66985
11.23113 13.59863 8.54849 1.86055 25.2093
10.10789 14.16131 7.48894 1.64309 26.92759
10.43274 13.2165 7.80732 2.66189 26.7517
12.12552 14.06113 8.74375 2.52948 23.29357
12.36948 13.68169 7.7721 2.30806 24.35999
11.47721 12.97704 7.22547 1.48234 27.14829
11.69175 12.13185 7.20921 1.23837 27.88243
12.1949 12.21277 8.84663 1.23685 25.64863
11.67646 11.7361 9.93739 1.4164 25.40404
11.57387 13.49234 7.82235 2.44698 25.17788
10.79371 14.54962 8.25871 2.31431 24.64705
10.15942 15.23486 8.1788 2.69615 24.3933
10.5955 13.97854 7.99908 1.99616 25.72239
9.92953 13.98436 7.17582 1.54825 27.55048
9.78283 14.0906 8.86565 1.5406 25.94118
9.55749 15.40585 8.53501 1.76576 25.12254
10.08421 13.57992 9.71148 1.52979 25.46047
10.30038 12.34272 10.50148 1.29677 25.87954
10.8285 11.8517 9.79574 1.34985 26.39813
11.14403 12.57162 9.10369 1.768 25.6892
10.80206 12.04462 10.01932 2.18558 25.37001
10.28301 13.55695 9.03715 2.12863 25.37855
10.09711 13.85844 9.41226 2.36638 24.67572
11.41939 11.59936 9.83112 2.3468 25.14841
10.6406 14.23085 8.9615 2.13918 24.36445
10.82533 13.80405 9.35279 1.90117 24.4404
10.20919 14.22689 7.83201 1.92713 26.09215
9.72621 13.9669 8.77614 1.6988 26.07741
10.68149 14.02276 7.28271 2.59423 25.93388
9.98812 13.34972 8.11045 2.73015 26.48382
9.94602 14.39429 9.97831 2.78576 23.63008
9.59668 13.94953 9.98402 3.3565 24.16317
11.4579 13.3463 8.16439 2.04409 25.39651
10.03852 14.88822 9.84115 2.07056 23.54497
11.68758 13.5555 9.59843 2.45303 23.31024
10.73671 13.74766 10.57852 2.42124 23.18085
11.80389 14.20761 9.91351 3.05742 21.92512
11.37201 13.73501 10.03333 2.36776 23.09445
11.35004 13.64023 8.5854 1.7919 24.96577
9.79268 13.70724 8.6475 2.10353 26.14664
10.30393 14.09371 8.97196 2.31353 24.83506
11.08027 14.05392 8.79708 1.58207 24.84644
11.23676 12.77146 8.84606 1.84868 25.80039
11.19455 12.7751 8.35991 1.45932 26.48689
11.74886 14.11298 8.03195 1.07465 25.25909
11.02484 13.57245 8.60922 1.35017 25.69804
10.32938 15.28192 7.9142 1.4336 25.2897
10.69496 15.35099 7.43472 1.25532 25.46612
10.12452 15.3118 6.77604 0.89043 27.00227
10.8431 14.16591 8.56539 1.19426 25.36133
10.63468 14.46227 8.64828 0.95601 25.42162
10.99272 13.23861 7.70846 0.7728 27.37243
10.23763 15.20051 8.30066 0.80842 25.56811
11.15488 14.09529 9.27335 0.7189 24.90511
10.53064 14.00655 7.85091 0.68954 27.04523
10.61088 14.43457 8.49532 0.70426 25.90874
9.89971 14.85401 8.04328 1.1994 26.34703
10.37352 13.00927 10.75104 1.37371 24.84665
12.05874 13.37656 11.12056 1.37463 22.58541
10.47955 14.12042 9.86477 0.98453 24.76571
10.32887 14.40169 8.55432 1.42448 25.62467
10.91571 13.92473 8.22816 1.50421 25.7862
11.87505 14.06858 7.98364 1.43654 25.01997
10.02632 13.53355 8.7131 1.31822 26.6517
10.01894 15.21612 7.89693 1.07697 26.00343
10.19842 13.93267 8.78136 1.34588 26.01528
9.9639 14.96242 8.49811 1.31305 25.57891
10.93823 13.9483 8.60584 1.24728 25.54694
9.98476 13.48352 9.3095 0.96601 26.45109
10.69972 12.65995 9.87747 1.2926 25.7381
10.16544 14.00946 9.11413 2.21729 25.30232
9.38741 13.66048 9.54233 2.90416 25.60225
10.34926 13.50981 9.4254 3.01633 24.76369
11.58369 14.09206 8.23733 3.40096 23.98908
11.58005 13.33182 8.68225 2.02868 24.8736
10.244 14.38589 7.89036 1.59318 26.27444
9.92369 15.02919 7.8044 1.62185 26.01393
10.05211 14.56544 8.14217 1.82514 25.87067
10.71261 14.53409 7.71641 1.63253 25.76326
11.42369 13.82812 8.63261 1.69688 24.89174
11.72494 13.40877 8.41128 1.1135 25.52564
9.83301 14.44296 8.07558 1.1702 26.63239
10.03349 13.92691 7.59043 1.07711 27.43101
10.26842 13.90085 8.27777 1.14492 26.4924
9.69624 13.50409 8.64273 1.54479 26.81793
10.71335 13.81784 7.91175 1.24268 26.50298
10.21487 14.30677 8.35758 1.49676 25.88672
10.5845 13.68163 8.18716 1.63069 26.22559
10.07538 15.74308 8.21049 2.80381 23.98151
9.80528 15.01285 7.58268 1.95515 26.14195
11.07211 13.47406 9.24897 2.57158 24.29022
11.38804 13.67166 8.14764 2.02296 25.18717
9.29681 14.55943 8.21687 2.18763 26.23112
8.72342 15.08959 7.54382 1.65245 27.29669
10.82802 14.3477 8.22967 2.5322 24.69225
10.85384 14.32126 7.41422 1.42452 26.1407
11.15806 14.45174 7.87646 2.33276 24.74674
13.61204 13.16104 8.19436 2.41962 23.353
10.05986 13.68407 9.69562 1.57199 25.48308
9.79059 13.6109 8.90441 1.67075 26.53199
11.3755 13.19462 9.33671 1.48983 25.11145
11.57856 12.94144 8.38048 1.42051 26.09063
10.44977 13.31662 9.77537 1.48252 25.30465
9.5873 14.02263 8.44443 0.93806 27.15517
10.15827 14.92455 8.13823 0.96412 25.96608
9.05358 15.01256 7.84911 0.87175 27.30419
9.90303 14.23198 8.2554 1.07624 26.74422
11.32716 14.10174 8.34689 1.61303 24.91037
11.78257 14.49748 7.8748 2.58957 23.91467
12.88442 13.004 8.80248 2.38303 23.49089
10.37325 13.16433 9.27005 2.03501 25.63674
10.90968 13.03326 8.77856 1.44394 26.06731
11.15889 13.03016 10.75731 2.07363 23.34491
11.12226 13.49918 8.57873 2.15539 24.94608
9.74626 13.70797 9.45007 1.83179 25.57139
10.80976 13.11639 9.62329 2.53934 24.47744
9.76407 13.33239 9.52492 1.80197 25.87989
10.41914 13.33127 8.93489 1.12881 26.28936
12.19491 12.52258 8.7254 1.00172 25.67558
10.5497 13.78783 10.74827 1.11431 23.96868
10.5724 13.04531 9.7565 1.21586 25.52966
10.64397 14.67299 8.63044 1.36958 24.81074
9.80901 13.81707 8.86925 1.3181 26.35983
9.68794 14.97533 8.63549 1.23738 25.66346
9.77074 15.10891 8.54408 1.57236 25.35551
9.76621 13.48368 8.14693 1.81894 27.14151
9.45803 14.71824 7.63944 2.25215 26.47749
9.21907 14.46062 9.29898 2.35397 25.23306
9.82352 13.94193 9.57579 2.49712 24.86016
10.63359 13.55544 8.54663 1.49546 26.0485
9.87054 12.72756 9.94396 1.69897 26.13299
11.69607 13.24487 9.75839 1.7371 23.94371
11.22856 12.93691 9.66173 1.5876 24.98993
9.62257 13.98993 10.28313 0.87217 25.45058
10.57476 13.60445 9.33525 1.26694 25.56776
10.74976 14.45707 8.86826 1.60182 24.81901
9.79435 13.87684 8.34698 0.99386 27.16504
9.54923 15.22364 8.34656 0.91974 26.11762
9.86924 14.78239 8.29616 1.12811 26.11227
10.12934 14.23641 10.10299 1.16477 24.55701
11.33924 13.3602 9.21068 1.99171 24.35984
9.86791 13.40498 8.59611 1.61067 26.72628
10.08233 13.61301 9.19083 1.83597 25.5863
10.36494 13.30924 9.60851 1.7893 25.32206
10.36779 13.63342 8.57013 1.76167 25.96035
10.05415 14.56053 8.56329 1.64252 25.42932
9.86343 13.5297 9.41184 1.87019 25.72707
11.14172 12.8307 7.06005 1.48674 27.67979
10.99866 13.74403 8.83136 1.95956 24.833
12.03412 13.08353 7.89482 1.92902 25.45529
10.6227 15.03435 8.6987 2.3429 23.73933
9.73747 14.9008 9.5253 2.22082 24.00338
9.86284 14.89218 8.87446 1.66643 24.89362
10.07793 13.87878 8.86602 1.60294 25.77756
10.00887 14.4916 8.83717 1.26074 25.51252
10.43172 14.23663 8.08676 0.87899 26.42814
12.24774 13.55681 8.1719 1.26552 25.00624
10.2684 14.00321 8.29476 0.98466 26.56326
10.61428 15.66675 8.07028 1.26502 24.56641
10.27442 14.35307 9.18436 2.22224 24.49103
12.03574 13.8336 8.12546 1.94089 24.58472
11.72542 12.53462 8.6228 1.7166 25.71945
11.47551 13.81567 8.71757 1.85495 24.55058
12.20761 12.95791 9.35968 2.18701 23.85328
10.15251 13.61971 9.37781 2.1279 25.1507
10.50011 15.8726 7.80783 1.51231 24.6098
11.18545 14.3728 9.53621 1.65172 23.67167
10.81587 13.48279 8.49564 1.4283 25.98962
10.79124 15.20097 7.6536 1.35622 25.24589
10.41623 13.41503 8.6312 1.34107 26.42901
10.87018 12.51749 9.30928 1.05965 26.42636
11.36395 13.52486 8.15374 0.9939 26.13631
10.76223 13.53838 8.0616 0.9367 26.89322
10.37183 14.16117 8.34279 0.93198 26.37679
10.18505 14.14076 8.12885 0.81945 26.90559
8.95977 14.8154 8.52991 0.69447 27.15444
9.32017 13.76197 9.92927 0.60247 26.49531
9.68147 15.43875 8.65497 0.85043 25.54633
9.52978 14.07904 8.82569 0.83775 26.84645
10.57154 14.364 8.81982 0.76657 25.62861
11.04238 13.6538 10.37935 0.71103 24.38354
12.33769 14.19002 9.16669 0.84196 23.69268
10.6532 14.68647 12.03667 1.12459 21.95164
10.53562 14.01004 9.24632 0.86515 25.48638
10.59867 13.60064 9.9154 1.09842 24.9881
11.6486 13.53571 9.8023 1.00881 24.23956
10.728 14.47611 8.79589 0.89137 25.26023
9.71046 15.92083 8.04114 0.89319 25.60397
9.90451 14.82424 8.43636 1.03409 25.97943
9.59744 13.78 8.53352 0.79063 27.40648
10.03432 15.54929 8.11081 0.6174 25.80798
9.23735 14.57805 9.9113 0.66191 25.73937
10.27939 14.56647 8.85107 0.73891 25.70508
9.56134 13.93646 9.76526 0.83721 26.04844
10.0818 14.34104 9.26496 0.791 25.66614
9.22547 13.08972 10.37672 0.63898 26.76807
9.97042 13.22994 10.3587 0.5475 25.99045
9.87745 13.96733 9.94998 0.80827 25.55569
9.36104 14.80599 8.77722 0.86884 26.26853
10.02382 14.98174 7.62238 1.10243 26.4057
9.11588 15.44538 8.49838 0.76657 26.31494
9.9645 14.1766 8.81709 0.83721 26.39538
9.34465 14.90858 7.72762 0.97392 27.19104
10.62629 15.12048 8.30042 1.44512 24.95205
10.05325 14.75521 8.86091 1.17624 25.43836
11.14738 14.35493 9.14638 1.32177 24.37846
9.80981 14.26823 9.61678 1.70759 25.0528
9.81559 14.89875 8.19318 1.10891 26.22774
10.03101 15.0715 8.44911 1.32114 25.45069
9.59433 15.28303 7.36373 1.09496 26.87305
10.00944 14.21499 8.66987 1.43585 25.93396
10.58052 13.6602 7.64872 1.17651 27.09962
9.78868 14.65236 7.68032 1.03836 26.9377
11.43708 14.35394 7.47636 1.04845 25.82691
10.34167 14.70362 8.04725 0.809 26.18008
10.89936 13.3335 8.37354 1.13137 26.36143
11.09841 13.60844 8.87295 1.19599 25.45702
11.62173 13.5907 8.31912 1.44911 25.32852
10.36253 14.92679 8.0074 1.14503 25.72742
10.75798 14.47795 8.08742 1.12961 25.69625
11.59841 13.82945 9.30857 1.43477 24.02567
11.36872 16.28737 7.46997 1.21489 23.82533
10.23232 14.5068 9.36713 1.35259 24.66091
9.90161 14.38733 7.77502 1.24965 26.73847
10.83761 12.99811 9.14753 1.37976 25.76293
10.34376 14.02684 9.37915 1.36582 25.07961
11.05214 13.61381 7.68034 1.03064 26.79555
10.49495 14.89682 8.78371 1.1152 24.89621
10.11008 15.02839 8.23907 1.20672 25.59315
9.53898 14.37744 8.47355 1.1185 26.64332
10.17933 13.55325 8.88014 1.57386 26.09289
10.43684 15.12013 8.56522 2.34929 24.03986
10.47524 14.87879 8.73517 1.58855 24.57766
11.26328 13.88796 9.3136 1.75522 24.13474
11.97034 13.73428 8.375 1.48459 24.74863
9.59559 14.15921 8.30908 1.07611 26.99709
11.01203 14.27064 8.30708 1.15656 25.45612
10.50237 13.29371 9.93807 1.34257 25.17653
10.62825 13.86765 9.12696 1.46419 25.12088
11.02492 12.50639 9.61976 1.73486 25.27258
10.1422 13.93715 9.1576 1.93449 25.0436
10.18068 14.26905 8.12466 2.10001 25.58321
10.65503 13.00148 7.99243 2.12571 26.47045
10.38512 12.90045 8.60447 1.99001 26.41325
10.07631 12.90545 8.2137 1.55711 27.42267
10.22185 13.514 8.16243 1.44529 26.75826
10.03792 13.87314 8.99889 1.17854 25.98545
10.97748 14.52877 7.5541 2.03786 25.13314
10.9858 14.34571 6.80799 1.24484 26.69167
10.7121 12.56815 8.49052 1.78651 26.60505
9.212 14.12627 10.46839 1.59662 24.80121
10.8866 14.54833 8.98594 1.83442 23.97313
12.16216 13.15092 7.89685 2.14095 24.8074
11.00935 14.25473 8.33915 2.21089 24.37414
11.29733 12.6071 8.75708 1.42763 26.00914
10.09009 14.31496 8.20301 1.39903 26.09682
10.71531 13.73131 8.05513 1.3547 26.23874
10.89949 13.77699 8.25285 1.60589 25.59517
11.37783 13.96149 8.97274 1.58018 24.31277
9.63105 14.78491 8.86067 1.43143 25.40023
9.46581 13.11489 8.81679 1.41837 27.2503
9.44778 13.52478 8.10082 1.88849 27.15808
9.59771 14.3438 7.29231 1.90335 27.09892
10.35718 13.51346 8.23617 2.02099 26.12849
10.71687 12.99112 8.56652 2.09201 25.91913
10.68897 13.78488 6.97361 1.61735 27.08857
10.53803 13.11128 8.00276 1.68498 26.82474
9.61789 14.49776 8.73366 2.34704 25.08242
10.73245 13.15467 8.72258 1.9002 25.6712
9.49374 13.7986 8.15427 1.71117 26.96636
10.41694 13.60633 7.74627 2.03671 26.43368
10.33076 12.62498 9.86452 1.74743 25.6338
10.90387 13.42985 8.91547 1.84846 25.07302
9.69427 14.11393 9.03304 2.18272 25.21977
8.96069 14.70324 10.13632 1.87176 24.46007
10.01076 14.54108 8.96146 2.66273 24.06225
11.12005 13.5876 7.39621 1.57945 26.38238
9.55752 14.83743 8.08566 1.61831 25.95886
10.45226 13.60502 7.33689 1.98938 26.76066
10.96497 13.1088 8.67334 1.76742 25.68461
10.71901 13.61998 7.78462 1.30388 26.61371
9.06483 14.80269 9.05395 1.34599 25.81409
10.03627 13.53148 8.69536 1.30798 26.50821
9.55933 14.13663 9.26569 1.57438 25.58994
9.7879 15.38199 9.8363 1.32549 23.80268
10.17236 14.09362 9.96602 1.32275 24.62002
11.37268 13.88998 8.63176 1.1969 25.06332
11.8538 12.85766 7.93623 0.76059 26.70033
10.80208 13.13572 8.01696 0.63137 27.45449
12.77957 13.92015 7.00187 0.9693 25.42774
11.1374 13.84479 7.96153 0.95675 26.17434
11.36933 13.0413 9.01067 0.76331 25.87267
11.10187 14.80919 7.88477 0.91993 25.37041
10.7266 12.47575 9.10105 1.21251 26.56452
11.05427 13.96394 8.35188 1.36929 25.39465
10.9042 13.69697 9.22795 1.20397 25.05903
10.06911 14.5315 8.99223 1.03646 25.48021
9.8834 15.08888 8.43214 0.97794 25.6674
9.72945 14.96955 8.21555 0.93466 26.1913
9.76051 13.27591 7.88399 1.19638 27.92045
8.98413 13.89815 8.80512 1.00312 27.35294
9.94857 13.4172 8.9496 0.72041 27.017
10.56921 13.52314 8.06988 1.03352 26.91632
10.64393 13.41107 8.22586 1.14549 26.71779
11.02411 14.6172 8.15065 1.15509 25.23636
11.33633 13.58186 7.35897 1.4557 26.47208
11.80565 13.40329 7.99721 1.97634 25.11101
11.48854 13.8132 7.94234 1.4797 25.49423
11.56352 13.21397 8.01384 1.52133 25.84341
9.88371 14.16184 8.85746 1.46207 25.90353
10.48922 14.12521 8.51782 1.41909 25.70172
9.37414 13.43172 10.5467 1.60473 25.27484
11.11036 13.1211 9.41644 1.37466 25.12553
10.792 12.17226 9.7548 1.27671 26.12371
11.04787 12.73012 9.30968 1.59943 25.56398
10.57362 12.33293 8.81172 1.11432 27.25674
10.48671 13.53112 8.99883 1.53717 25.60899
10.89416 12.47655 9.03818 1.36375 26.31461
11.0793 12.02203 8.15119 1.2043 27.61826
12.03756 12.4788 7.29361 1.19663 27.06822
10.86704 12.24035 9.9729 1.02139 25.97891
11.91234 13.225 8.87395 1.27157 24.85767
11.07232 12.13447 10.26221 1.29565 25.37002
10.91843 12.2851 10.33937 1.56555 25.01976
10.4654 13.47528 8.98444 1.75352 25.44169
9.9136 13.24403 8.77447 1.60805 26.5423
10.03882 14.59849 8.70358 1.58544 25.19287
9.66212 14.48702 8.70136 1.4882 25.75086
9.52832 13.11443 8.12504 1.92728 27.46656
10.04325 12.92023 7.85654 1.57889 27.70672
10.88445 13.97645 7.21295 1.71874 26.37244
10.13684 13.86963 7.40767 1.16298 27.50265
9.19383 14.41417 7.54675 1.07436 27.85672
9.09002 14.99146 7.7574 1.25367 27.00186
9.42401 13.38303 7.78158 1.13674 28.36805
11.50496 13.35339 7.5188 1.31449 26.4877
12.14582 13.60506 8.51188 1.39058 24.61789
10.93869 13.21623 8.13891 1.0435 26.84009
10.19591 14.60552 7.53276 1.29134 26.57397
9.52276 13.60175 8.45666 1.16697 27.38502
10.70478 14.19279 7.76714 1.45003 26.08511
10.18534 13.26825 8.89634 1.54123 26.30769
11.74886 12.59978 9.35844 1.34954 25.08174
11.07054 13.4965 10.15402 1.38091 24.03193
9.76336 14.79613 9.09625 1.14511 25.30652
9.4133 12.43224 10.05939 1.18115 26.99589
10.33974 15.17875 8.16291 1.07048 25.3302
10.49086 14.36996 8.13567 1.11066 25.9762
10.24281 15.06923 8.36054 1.18682 25.25686
10.66777 13.42899 9.75327 1.05839 25.1835
10.56676 13.34727 8.6122 1.30801 26.29627
9.61797 12.74279 9.33847 1.25138 27.16404
10.35099 13.49634 9.37912 1.6033 25.40695
10.27879 12.97531 10.45584 1.71057 24.84938
10.43823 12.54654 10.17529 1.28581 25.71814
11.57442 12.76401 9.34682 1.30286 25.2243
10.5312 12.77242 9.86274 1.23441 25.77496
10.99456 12.80031 8.90448 1.34633 26.15597
10.87367 13.87205 8.36105 1.61393 25.5635
9.66853 15.03441 7.54672 0.96754 26.89447
10.36786 13.4722 7.79267 0.83114 27.60602
10.27132 14.17557 8.48971 1.1893 25.99828
9.1924 14.64604 7.65345 0.82212 27.74089
9.30337 15.01396 8.62479 0.95327 26.19602
10.08972 13.53134 9.3444 0.84727 26.2623
9.87568 15.3802 8.62911 0.87437 25.33907
10.01863 13.93017 9.8499 0.84297 25.46348
10.21983 13.07791 9.29263 1.29426 26.29681
10.8071 13.8551 8.60241 1.5058 25.41089
10.04421 14.56108 9.56434 1.23372 24.75881
11.01978 14.04335 10.638 1.21097 23.3173
10.96243 13.07035 9.3521 1.45455 25.3721
10.28494 12.71941 10.88255 1.53661 24.78979
9.90145 12.41926 9.2698 1.1565 27.33249
10.69651 13.31327 9.03988 1.55249 25.52405
10.08269 13.98199 8.46327 1.18277 26.35296
11.01653 13.43361 8.02232 1.16553 26.42486
9.63725 13.67937 8.19198 0.80205 27.71052
9.36465 14.62193 8.60004 0.96049 26.48889
9.49186 14.0333 8.29792 0.99892 27.21349
9.2388 13.59143 8.19261 1.09436 27.93491
9.99999 13.06873 9.20941 1.04371 26.73524
10.95442 14.11623 8.98601 1.09165 24.92849
11.29024 13.71641 7.79095 1.03798 26.22872
9.99957 14.07117 7.39284 1.05415 27.54357
10.81653 13.72014 8.82462 1.80207 25.06042
9.79 14.16155 8.52368 1.24764 26.3478
9.62564 14.07816 8.51673 1.02845 26.79507
9.8614 13.54768 9.36851 1.04055 26.22372
10.90234 13.52419 8.15181 1.26367 26.23019
10.61247 13.07499 8.24316 0.94296 27.17759
10.24489 15.24445 7.59851 0.79838 26.15191
10.67242 13.24595 8.05383 0.74801 27.3148
10.53262 14.32759 8.08423 0.78535 26.31177
11.78548 13.81262 8.37568 1.01608 25.08654
12.16647 13.30765 8.24889 1.14699 25.23466
10.70625 14.67768 7.53748 1.24084 25.92865
9.11422 13.30936 9.14385 1.04177 27.43132
9.95334 14.71172 7.99448 1.06913 26.33248
10.36923 13.89439 9.4507 1.23409 25.15642
10.67856 13.04328 9.60093 1.09316 25.6755
10.59383 13.22578 8.4748 1.07683 26.68518
8.89799 13.9318 9.26318 1.13591 26.83894
11.03786 13.43958 8.74164 1.23395 25.63583
10.45052 14.0943 9.68013 1.34913 24.49925
10.33848 13.81854 9.07912 1.41548 25.45114
9.22793 15.12856 9.2588 1.64315 24.92732
10.61456 14.56596 8.95839 1.67001 24.34133
9.8916 13.78766 8.79158 1.50804 26.21029
10.25041 13.18274 9.34052 1.2907 26.06674
12.10065 14.08452 7.72944 1.12541 25.07576
11.21091 14.46437 7.82641 1.16856 25.46385
10.34898 15.81235 7.03175 1.30849 25.63594
11.00383 14.87537 7.6537 1.07798 25.52526
10.54066 13.02973 9.12286 1.05014 26.35005
10.01577 14.37347 8.08107 0.91925 26.65313
10.67214 15.08534 7.36125 1.08748 25.87773
11.21961 14.16873 8.76854 1.11065 24.84275
11.57344 13.44361 9.20875 1.07514 24.83926
9.01322 16.33478 8.48799 1.2595 25.01555
9.81988 14.46893 9.63708 1.24583 24.98669
10.08457 14.31258 9.41403 1.48315 24.89492
11.34046 12.76298 9.41204 1.62851 25.02917
10.03602 14.11579 9.82392 1.42052 24.75651
10.52476 13.23133 9.71927 1.60554 25.0664
10.93659 13.77745 8.20134 1.80407 25.38589
9.40787 13.76906 9.13632 1.70311 26.11735
10.21154 13.9891 8.9339 0.899 26.08048
10.6481 13.17933 8.9711 0.94706 26.31981
9.71224 13.85507 10.43024 0.90596 25.19485
10.02035 13.82439 8.49567 1.06603 26.67853
10.22402 14.30177 7.81085 1.17789 26.59179
10.59528 14.2343 7.58821 1.28266 26.47694
10.33941 14.41394 7.9609 1.66423 25.86514
11.07336 13.25685 8.34738 1.4515 26.0102
10.92804 15.84196 7.02782 1.17134 25.19383
10.80782 14.58392 7.76635 1.39845 25.6148
10.83554 14.69071 8.48356 1.22342 24.97499
8.38933 16.43632 10.36834 0.96165 23.99649
9.29386 15.75008 7.76387 1.13922 26.17081
10.21699 13.69465 10.3295 1.41279 24.50058
10.15477 14.07326 8.72699 0.95941 26.15745
10.0968 14.96702 8.48896 1.06738 25.53223
8.98654 14.94434 9.13613 0.78117 26.24782
10.33229 14.30172 7.57376 0.95221 26.9414
9.57209 13.43622 7.40311 0.83079 28.83418
9.38951 14.47287 8.09639 0.82555 27.27689
10.44017 14.91565 6.9438 0.93352 26.86771
10.9443 13.74708 8.08721 0.885 26.44963
9.97691 14.39611 7.93328 0.94829 26.85917
10.3952 14.5855 7.8052 1.22909 26.14668
10.58367 14.03582 7.78492 1.44734 26.31218
11.21226 13.59867 7.8213 1.33338 26.17856
11.2291 14.51564 8.75248 1.3736 24.38006
10.54042 14.95887 7.94044 1.34564 25.3707
10.10172 15.30149 8.5419 1.36093 24.87726
10.49009 13.52747 8.02572 1.04599 27.01731
10.35334 13.70809 9.24326 1.32952 25.55198
11.45121 12.8273 8.75512 1.37367 25.82144
9.87941 13.78149 8.47509 1.16801 26.8705
10.01348 13.73224 8.87646 1.15987 26.38367
11.57673 12.7686 8.76022 1.57765 25.63159
11.3448 13.31162 9.34973 1.48309 24.92488
10.94007 14.70237 9.3111 1.47925 23.96356
11.09522 12.86744 8.56624 1.37502 26.33695
11.68764 12.41516 9.31153 1.15329 25.69202
10.58031 14.683 8.1342 1.17781 25.66253
11.15156 14.33627 7.9579 1.42215 25.41394
11.99228 14.06985 9.08255 1.5474 23.76486
12.37261 13.02165 9.03017 1.93594 24.00716
11.99673 13.03962 8.38684 2.17835 24.91254
11.07202 12.59978 8.67596 1.67741 26.2195
11.69717 13.72505 8.02975 2.38397 24.78662
11.48614 13.46503 7.2927 1.89274 26.33821
13.13846 12.95119 7.22673 1.43808 25.53467
11.41668 12.96917 9.65189 1.13944 25.00551
11.96292 13.33515 9.67248 1.48003 23.7981
11.66852 12.81546 9.63235 1.48958 24.65474
11.11061 13.28025 10.40725 1.67112 23.85561
9.90053 13.96197 10.234 1.53792 24.54581
11.24801 13.08843 8.95023 1.44839 25.42056
11.17355 13.62547 9.11287 1.35287 24.88657
10.25476 13.4257 8.45624 1.35063 26.6052
9.96507 14.38356 8.92951 1.52316 25.30025
10.38353 14.23039 8.60003 1.84088 25.06607
11.22636 14.38221 7.36189 1.59291 25.50966
11.16184 14.49312 8.58936 1.5349 24.3376
11.48469 13.68541 8.96405 1.40589 24.5711
11.34779 15.1704 8.40824 1.58419 23.65958
10.97818 14.22929 8.49123 1.42622 25.01319
10.02519 14.43419 8.61562 1.05979 25.95379
10.38593 13.05522 9.5989 1.02757 26.01602
10.37991 13.1539 8.65375 1.20432 26.69313
8.67846 13.66478 8.78317 1.48573 27.46321
10.45618 13.91034 8.03121 1.17395 26.47886
10.28785 13.3801 10.0896 1.04662 25.27259
10.22438 14.41916 7.47229 1.34761 26.6175
