"V1" "V2" "V3" "V4" "V5"
5.676 17.7099 2.81141 0.40359 33.41909
5.73406 17.52427 3.12405 0.39353 33.24026
5.33292 18.58622 2.90335 0.3647 32.82445
5.31356 18.74848 2.74397 0.38695 32.81859
4.92491 18.13238 2.83047 0.36559 33.7597
5.19745 18.77124 2.78907 0.3878 32.8716
5.04407 18.79549 2.80311 0.4317 32.94964
5.24939 18.49261 3.08597 0.41143 32.77978
5.21283 18.24513 3.0388 0.37773 33.14027
5.38828 18.60155 2.99402 0.42908 32.6085
5.23905 18.56495 2.82652 0.3672 33.02171
5.83245 18.12699 3.18727 0.37539 32.49787
5.80887 18.15405 3.12981 0.33123 32.58985
5.58046 18.70231 3.09133 0.34393 32.29812
5.63865 17.27206 3.21835 0.33322 33.55522
5.59206 17.83358 3.08906 0.40325 33.11349
5.64666 18.03605 3.23708 0.40683 32.70102
6.15736 18.3729 3.15771 0.42976 31.90834
5.9174 17.94108 3.07932 0.39247 32.69027
5.71071 18.94679 3.15692 0.44213 31.7749
5.78795 18.31657 3.26431 0.42119 32.24017
5.83388 18.13417 2.99758 0.36898 32.68419
5.36571 18.55441 3.09819 0.39766 32.60833
5.57668 17.69631 3.34515 0.39439 33.01058
6.02253 17.67277 3.51413 0.45904 32.36236
6.01997 17.76077 3.42772 0.34504 32.46207
5.70391 18.52977 2.78005 0.31456 32.6808
5.61779 18.07427 3.27681 0.35226 32.70318
5.67393 18.43657 2.81892 0.39286 32.69314
5.07908 18.55972 2.86387 0.37396 33.13946
5.54774 18.44618 2.75728 0.38057 32.88287
5.37824 18.32249 2.66243 0.37591 33.27345
5.3924 18.09414 2.89915 0.36631 33.25964
5.68957 17.83298 3.06302 0.39993 33.03006
5.41655 18.64848 2.84928 0.39409 32.70176
5.54348 18.38416 3.0835 0.36346 32.63769
5.76921 18.85059 3.10923 0.431 31.85927
5.53772 18.20646 2.98996 0.40455 32.87849
5.66384 18.27121 3.05057 0.39682 32.63827
5.31378 18.57613 2.87376 0.37544 32.87654
5.48162 18.30879 2.93149 0.35342 32.93558
5.53736 18.0952 3.01138 0.34845 33.02016
5.57025 18.32067 2.82524 0.40769 32.88939
5.76595 18.6919 2.95937 0.45595 32.14503
5.60633 18.53292 3.1016 0.37014 32.40233
5.43142 18.16199 2.95844 0.34061 33.11699
5.52607 18.04623 3.07456 0.30964 33.05433
5.54037 18.57663 2.9488 0.3226 32.6238
5.27173 19.41679 2.94836 0.32228 32.05347
5.60727 18.12686 3.10037 0.32075 32.85384
5.52281 18.14167 3.09557 0.31268 32.93407
5.58283 18.32772 3.26518 0.30498 32.52624
5.54473 17.67051 3.04339 0.31976 33.43303
5.669 17.8842 3.09988 0.35533 33.00429
5.28211 18.40626 3.08081 0.37916 32.86595
5.4294 17.58449 3.06954 0.33048 33.5975
5.47877 17.61104 2.93649 0.37005 33.61636
5.30611 18.10216 2.93003 0.36908 33.30479
5.4615 18.16866 3.11576 0.33912 32.92893
5.09391 18.63726 2.77892 0.31786 33.17945
5.00408 18.76186 2.81184 0.30984 33.12178
5.32706 18.72208 3.08241 0.31658 32.56461
5.62385 18.42461 3.14668 0.41083 32.41442
5.92197 18.40713 3.05903 0.40548 32.2303
6.06389 17.86527 3.11322 0.41592 32.56317
5.93715 18.24617 3.11151 0.39734 32.32573
5.67582 17.4744 3.05411 0.37094 33.43759
5.88483 17.65496 3.02999 0.41977 33.03306
5.42794 17.92262 3.1664 0.43575 33.06409
5.08447 18.30376 3.10106 0.39942 33.12397
5.15725 18.00565 3.08599 0.41835 33.35113
5.61539 18.4201 3.4999 0.46991 32.02628
5.90051 17.25272 3.4685 0.35835 33.03428
5.75775 17.61661 3.33216 0.34217 32.96294
5.46264 18.17416 3.08822 0.32912 32.95678
5.51033 18.08426 2.99797 0.38896 33.03932
5.50139 17.01784 3.04541 0.30886 34.13525
5.49391 18.05591 3.00816 0.35918 33.09138
5.7182 17.79154 3.08791 0.37529 33.03564
5.62604 18.07512 3.25207 0.41271 32.64498
5.04634 18.38204 2.93471 0.38164 33.26183
5.37542 18.16415 3.04685 0.35738 33.06143
5.68727 18.43864 3.04466 0.44981 32.3948
5.41418 18.38811 3.00125 0.3739 32.83262
5.54224 18.40696 3.0896 0.42626 32.54714
5.34657 18.33356 3.27071 0.42719 32.63303
5.29297 17.88892 3.16282 0.3747 33.29547
5.38834 18.46648 2.73318 0.37135 33.0534
5.11038 17.88475 2.95214 0.32508 33.73499
5.13302 18.19191 2.81516 0.37436 33.4938
5.74517 18.17465 2.9641 0.36568 32.75952
5.17744 18.61241 2.87389 0.3601 32.98425
5.72967 18.77418 2.91284 0.45029 32.14771
5.55191 18.37316 2.87295 0.37204 32.83962
5.42971 17.85735 3.19875 0.40821 33.12302
5.54596 17.77573 3.17619 0.43368 33.08689
5.62079 17.48907 3.00896 0.3852 33.51176
5.14385 17.8272 2.78864 0.36593 33.89038
5.34102 18.1162 2.65704 0.3791 33.52166
5.29057 18.41929 2.87536 0.39413 33.03416
5.28419 18.47457 3.00749 0.34958 32.8927
5.39025 18.27876 2.97755 0.35967 33.0015
5.57225 17.6794 3.11713 0.39219 33.24467
5.69284 17.58485 3.26998 0.43403 33.02661
5.68626 17.60909 3.35104 0.40641 32.95581
5.38763 17.91109 3.18132 0.41319 33.11892
5.63961 18.1503 3.18205 0.40709 32.63924
5.22018 18.29781 3.16495 0.38751 32.9438
5.12575 17.56567 3.25897 0.36568 33.69662
5.54583 17.48884 3.11551 0.42306 33.45431
5.56799 18.57244 3.06274 0.49179 32.33574
5.29375 18.336 2.72881 0.45383 33.20702
5.17979 18.24712 2.951 0.39807 33.23762
5.72851 18.15923 3.11256 0.43222 32.5823
5.61011 17.89528 3.21939 0.37029 32.91805
5.66653 17.81696 3.11676 0.38783 33.02832
5.45181 17.99551 2.94548 0.41999 33.20476
5.97107 17.87219 3.2303 0.41908 32.52666
5.59154 17.99325 3.51748 0.44182 32.47579
5.99199 17.35877 3.6599 0.41245 32.59253
5.72648 17.80998 3.21209 0.40208 32.86521
5.6619 18.18153 3.25124 0.44522 32.47832
5.13636 18.34808 3.13685 0.42411 32.97071
5.17516 19.17534 2.87287 0.45275 32.35031
5.4417 18.82273 3.17681 0.42274 32.1592
5.6201 18.06854 3.18448 0.36986 32.76853
5.52472 17.51854 3.04564 0.34396 33.57774
5.39948 18.18231 2.86703 0.33854 33.22461
5.24659 18.13013 3.0255 0.3388 33.27264
5.48084 17.12263 3.00736 0.31143 34.08828
5.4525 17.76314 2.88966 0.35578 33.55248
5.55889 18.51789 2.9803 0.41419 32.54573
5.64817 18.47078 2.87968 0.38741 32.63152
5.66253 18.06632 3.0219 0.35223 32.91007
5.85863 17.9483 3.05783 0.40704 32.74896
5.18281 18.82935 3.09778 0.38824 32.51845
5.00624 18.81664 3.11621 0.39008 32.68261
5.56674 18.06575 3.1409 0.40098 32.83739
5.38276 18.3697 3.10865 0.36725 32.78058
5.44753 18.33554 3.22576 0.38267 32.61701
5.75243 17.78889 3.17353 0.39224 32.90163
5.39021 18.15544 3.12359 0.43296 32.91268
5.96685 18.00973 3.04079 0.47601 32.5273
5.76626 17.94229 3.03861 0.42192 32.84599
5.37115 18.17729 3.05603 0.37794 33.02855
5.47501 17.90877 3.05026 0.34534 33.23202
5.33187 17.91903 3.04082 0.36798 33.35181
5.65619 17.78759 3.02959 0.37559 33.16331
5.64786 17.43574 3.23821 0.40403 33.29077
5.47574 17.24476 3.06704 0.3464 33.87395
5.45495 18.63054 3.00635 0.37448 32.54456
5.39727 18.234 2.94991 0.33641 33.09084
5.39895 17.45025 3.25387 0.35436 33.55309
5.21046 18.52826 3.2598 0.38177 32.63315
5.08209 17.97393 3.17927 0.2869 33.48377
5.87154 17.93664 3.28789 0.32703 32.58948
6.02139 18.0969 3.55023 0.36175 31.98665
5.47483 17.78052 3.28228 0.30574 33.16378
5.54443 17.87071 2.9745 0.32292 33.29576
6.0013 18.01168 3.28951 0.35464 32.36257
5.65407 18.10131 3.26824 0.45868 32.54432
5.47491 17.79764 2.99157 0.37718 33.37296
5.54411 18.73819 3.18803 0.43669 32.11505
5.72469 18.69177 3.13551 0.41204 32.06045
5.35323 18.38789 3.0319 0.30044 32.93574
5.21388 18.7547 3.21562 0.34793 32.48338
5.47546 18.07106 2.99393 0.29181 33.17941
5.43971 18.47701 2.93756 0.30086 32.85581
5.33273 18.17043 3.0611 0.25617 33.18793
5.25027 18.12699 3.03574 0.27444 33.31621
5.56277 17.51813 2.96702 0.30979 33.64864
5.56014 17.77228 3.18967 0.33547 33.14996
5.59889 18.06385 3.27669 0.35053 32.71809
5.53066 17.97612 3.22667 0.33967 32.93474
5.49806 18.15845 2.95026 0.33218 33.0655
5.16329 18.41243 3.07107 0.29533 33.06366
5.58676 17.7245 3.3304 0.31827 33.04789
5.81756 18.26397 3.37522 0.35809 32.19548
6.06058 18.30059 3.23978 0.33685 32.0759
5.75214 18.1262 3.30935 0.3489 32.48048
5.1891 17.51796 3.14086 0.28069 33.8827
5.38974 17.79016 3.36004 0.32143 33.14988
5.25334 18.39311 3.2764 0.30699 32.77992
5.69907 17.63161 3.34814 0.33469 32.99224
5.58213 17.90765 3.10763 0.37948 33.03369
5.56821 17.40818 3.11278 0.34722 33.5752
5.56098 17.51243 3.04473 0.32341 33.56885
5.56422 17.26795 3.22718 0.29884 33.65035
5.90389 17.52967 3.33844 0.30841 32.92546
5.84693 18.36006 3.38568 0.37318 32.04461
5.44141 17.78796 3.44099 0.33955 32.99658
5.48786 18.0593 3.27645 0.37951 32.8079
5.86089 17.80274 3.26101 0.37619 32.71305
5.39032 18.36542 3.0998 0.35733 32.80013
5.70319 18.30379 3.13654 0.40345 32.46893
5.79175 17.78651 3.03011 0.43815 32.97261
5.47742 18.04468 3.04527 0.4405 33.00827
5.81327 17.4256 2.99188 0.4313 33.3571
5.76781 16.90468 3.18676 0.36034 33.79361
5.74515 18.03834 3.17939 0.37992 32.67285
5.76583 17.45677 3.26298 0.41957 33.11131
5.80628 17.99261 3.15862 0.46256 32.5959
5.27934 17.8428 3.23877 0.44575 33.2076
5.26303 17.1192 3.24756 0.38249 33.99396
5.35142 17.33265 3.30845 0.3292 33.68357
5.61157 18.20025 3.27156 0.32101 32.60193
5.53478 18.54722 3.25011 0.33017 32.34491
5.46214 18.53064 3.30096 0.36632 32.35305
5.63897 18.02958 3.06041 0.35486 32.92323
5.51856 17.7455 3.30481 0.31712 33.11864
5.73788 18.50132 3.25981 0.44727 32.06298
5.81038 18.62791 3.27485 0.43656 31.86275
5.89137 17.94211 3.32464 0.43773 32.41802
5.44344 18.55563 3.03702 0.47702 32.50031
5.83405 18.4384 3.05898 0.46359 32.21684
5.85186 17.9636 3.21299 0.39925 32.57965
6.05323 18.16931 3.14523 0.39957 32.24143
5.79932 18.07873 2.97219 0.38425 32.77224
5.4907 18.65939 2.8301 0.47118 32.55693
5.41718 18.7398 2.72934 0.44249 32.67737
5.40144 19.02805 3.04777 0.41903 32.11284
5.43375 17.84404 3.08786 0.33369 33.30659
5.70778 17.26125 3.33743 0.42345 33.27864
5.34598 18.10575 3.01992 0.42569 33.11157
5.30275 18.58715 2.8695 0.47798 32.7727
5.58541 18.21175 2.90736 0.52273 32.7844
5.63448 18.03992 2.99624 0.52228 32.81925
5.49228 18.24012 3.06324 0.5287 32.68548
5.73926 18.44251 3.04341 0.48629 32.29891
5.3024 18.21057 2.87958 0.43118 33.1818
5.44812 18.48564 3.0992 0.47337 32.50069
5.66774 18.70159 2.94665 0.47851 32.2139
5.41758 18.39927 2.94335 0.41677 32.83289
5.40565 18.38551 3.17034 0.44216 32.60573
5.22671 18.78609 3.09806 0.42918 32.47091
5.4098 18.93937 3.11215 0.42952 32.1202
5.35259 18.73442 2.96857 0.40225 32.55288
5.60297 17.87621 2.98781 0.36181 33.17791
5.66101 18.27864 3.25043 0.35268 32.46508
5.59143 18.24042 2.91928 0.35981 32.897
5.42394 18.55648 2.86573 0.39415 32.76913
5.23965 18.51084 2.94294 0.40043 32.91694
5.19652 18.59996 3.06452 0.41878 32.72876
5.10966 18.46243 2.8992 0.34742 33.18921
5.49369 17.54779 3.16766 0.3821 33.42023
5.27515 18.47542 2.99615 0.36562 32.9044
5.45563 18.29031 2.87798 0.33787 33.05049
5.19303 18.14403 2.88493 0.34675 33.44382
5.2224 18.79284 2.69451 0.37604 32.92786
5.15956 18.08026 2.99326 0.37244 33.407
5.24462 18.81099 2.92005 0.36379 32.67515
5.33508 18.85912 2.71068 0.39777 32.7176
5.70306 18.04707 2.77909 0.36563 33.11964
5.67322 18.30097 3.11175 0.37084 32.55702
5.25759 18.37221 3.25066 0.39405 32.73939
5.18553 18.07222 3.11195 0.37901 33.26039
4.99407 18.97263 3.0036 0.38298 32.655
5.07639 19.26917 2.85647 0.36204 32.44582
5.40905 18.37328 3.05538 0.36717 32.80477
5.24622 18.13442 2.966 0.37235 33.29266
5.57903 18.19532 3.11822 0.42039 32.71073
5.39628 18.01403 3.22872 0.36168 33.01245
5.50351 18.57335 3.10854 0.37488 32.45091
5.44152 19.04746 3.07242 0.40532 32.0464
5.28195 18.84384 2.97766 0.37694 32.53376
5.72717 18.15763 3.06251 0.39038 32.6801
5.65456 17.19223 3.13039 0.37609 33.66045
5.67585 17.58474 3.1734 0.39292 33.18769
5.48592 18.51171 3.14813 0.39912 32.4678
5.47313 18.0542 3.11913 0.4178 32.95156
5.46712 18.4972 3.11651 0.43636 32.50412
5.33798 18.1538 3.11536 0.39893 33.01414
5.66464 17.91373 3.31694 0.42438 32.70215
5.58895 17.74161 3.185 0.42204 33.08084
5.4464 18.71381 2.94711 0.37778 32.52529
5.63693 18.50002 3.09504 0.3942 32.38154
5.44346 18.15829 2.72265 0.34282 33.34159
5.71677 17.81313 2.91198 0.39076 33.18067
5.58545 18.13037 3.24094 0.38475 32.66769
5.58006 18.44773 3.07109 0.35562 32.55278
5.71359 17.92254 3.41574 0.3926 32.56576
5.69977 17.76007 3.29063 0.39616 32.86624
5.59602 17.22834 2.94731 0.33053 33.90506
5.69298 17.90925 3.10252 0.43707 32.87335
5.69847 18.19852 3.16296 0.48226 32.47052
5.26961 18.10862 2.94211 0.38975 33.29686
5.45226 18.08245 2.92391 0.47464 33.07459
5.47726 17.40715 3.202 0.51111 33.41822
5.49751 17.70018 3.17844 0.50289 33.13526
5.4476 17.66063 3.20123 0.50405 33.2055
5.80908 17.91897 3.11831 0.48781 32.68487
5.6613 18.06437 2.98633 0.49512 32.8154
5.82796 17.72069 2.88776 0.53617 33.05491
5.27455 18.3848 2.9669 0.465 32.92256
5.61584 18.20844 3.09838 0.44962 32.63992
5.53705 18.69442 3.18907 0.53229 32.06233
5.69857 18.84211 3.2004 0.562 31.71345
5.48916 18.59905 2.88114 0.46394 32.58167
5.44989 18.13208 3.34807 0.4418 32.64453
5.64821 18.12795 3.1433 0.46633 32.62805
5.77767 17.66799 3.03083 0.41438 33.12245
5.43717 18.39405 2.93099 0.40099 32.84545
5.52023 18.3103 2.87147 0.4229 32.88319
5.63448 18.15937 2.86705 0.41777 32.92908
5.39723 18.13458 2.93318 0.44823 33.09482
5.43621 18.00588 2.82006 0.42751 33.31633
5.39433 18.16591 2.83886 0.52449 33.08696
5.38251 17.65075 3.05943 0.4908 33.42669
5.26575 18.19394 2.87406 0.50757 33.1816
5.20141 18.88936 2.89372 0.45757 32.57159
5.52902 18.54844 2.96787 0.4501 32.51659
5.51592 17.911 2.82398 0.45445 33.30676
5.53113 17.86765 2.87012 0.44744 33.2964
5.79931 18.54297 2.84666 0.44662 32.37943
5.19113 18.21442 2.83973 0.36633 33.39513
5.31781 17.73631 2.83826 0.37259 33.74237
5.31506 17.71018 3.05212 0.37556 33.55206
5.18591 18.08223 2.98263 0.41088 33.34869
5.18717 18.02622 2.83228 0.40111 33.55911
5.33945 17.65548 3.20698 0.35564 33.44689
5.29167 17.86237 2.80382 0.4229 33.62834
5.29086 18.25994 2.85546 0.4333 33.16847
5.26576 18.23621 2.87837 0.43473 33.19408
5.23785 18.39313 2.66739 0.45705 33.25332
5.23862 17.9567 2.70753 0.37858 33.72462
5.49898 18.15096 3.01568 0.42103 32.92589
5.51378 18.20227 2.95145 0.44394 32.89632
5.11433 18.31775 2.74069 0.38706 33.4454
5.21244 18.02177 2.70955 0.37503 33.68701
5.71962 18.12092 3.05348 0.38906 32.72446
5.01227 18.29151 2.96034 0.40885 33.33558
5.01399 18.91511 2.76827 0.40856 32.90086
5.36731 17.71153 3.13813 0.42136 33.37148
5.35806 18.54806 3.11042 0.39186 32.60159
5.34332 18.34356 3.12 0.41105 32.78957
5.71701 18.38634 3.03262 0.35356 32.51851
5.52413 18.21707 3.14903 0.37903 32.74202
5.65048 18.26983 3.13682 0.37533 32.58134
5.54285 17.78991 3.20009 0.35591 33.12102
5.77261 18.07286 3.42135 0.36229 32.38038
5.6379 17.80569 3.54031 0.36422 32.66343
5.55505 18.49184 3.25955 0.2938 32.40801
5.76193 18.42817 3.0583 0.30674 32.45258
5.68253 17.7375 2.9896 0.26028 33.33641
5.66861 17.85913 3.15304 0.30374 33.0204
5.88081 17.69399 3.14623 0.28107 33.00351
5.63587 17.56575 3.21622 0.30976 33.27868
5.78136 17.66128 3.25319 0.35477 32.95693
5.92527 17.39496 3.22393 0.33147 33.13424
5.44538 17.91235 3.08503 0.31214 33.2508
5.18437 18.10887 2.92306 0.31133 33.48042
4.88922 18.16611 3.06494 0.29754 33.59085
5.24294 17.65497 3.34906 0.34169 33.41617
5.08041 18.32663 3.255 0.38291 32.96046
4.93648 19.20887 2.78147 0.37317 32.70851
5.50995 18.67742 3.14308 0.43316 32.24875
4.97103 18.12102 2.7801 0.35876 33.77342
5.12405 18.40774 2.89268 0.39656 33.18273
5.38272 18.21754 3.06102 0.40133 32.94431
5.47504 17.64352 2.89542 0.36022 33.631
5.29957 17.36071 2.85603 0.37835 34.11251
5.4665 17.95745 2.87492 0.37123 33.33623
5.34995 17.79949 2.79865 0.37591 33.68447
5.69872 17.89053 2.95637 0.33986 33.12242
5.63466 17.50806 3.06338 0.35586 33.44575
5.52317 18.82164 2.86962 0.3364 32.45882
5.26609 18.37023 2.89419 0.32819 33.14986
5.50069 18.40284 3.10011 0.34947 32.65529
5.56453 18.05131 2.9205 0.36378 33.10807
5.53869 18.18478 3.01293 0.32555 32.94519
5.9231 17.95789 3.04097 0.34445 32.73946
5.86583 17.9944 3.24784 0.38441 32.51371
5.75254 18.36965 3.03792 0.40745 32.44107
5.47096 18.8569 3.04635 0.46631 32.1684
5.4327 17.85996 3.00701 0.39354 33.31329
5.13701 18.32003 3.00062 0.37424 33.17355
5.13683 18.09292 3.07163 0.34018 33.36351
5.233 17.99669 2.98462 0.38492 33.40944
5.37021 18.60122 2.88047 0.38519 32.77399
5.46309 18.73081 2.86325 0.37777 32.5765
5.29169 18.17758 3.02902 0.34263 33.16745
5.43546 18.47036 2.96287 0.37193 32.77102
5.4806 18.48553 3.08533 0.30879 32.64666
5.31858 18.14348 2.9343 0.30953 33.29912
5.37693 17.94621 2.91121 0.29942 33.47097
5.55254 18.28724 2.96551 0.3454 32.85716
5.48521 18.39601 3.02761 0.34375 32.75492
5.49522 18.27919 2.91417 0.31723 33.00217
5.65085 18.91347 3.0125 0.33609 32.09332
5.51423 18.13399 3.04148 0.3283 32.98694
5.62233 18.03812 3.05197 0.30149 32.99032
5.86972 17.73953 3.16569 0.31461 32.91432
5.64164 18.01915 3.26999 0.32875 32.74535
6.01736 18.46755 3.05133 0.41496 32.05737
5.34128 17.89891 3.00281 0.34409 33.41748
5.82687 17.67237 2.98071 0.33602 33.18808
5.79535 17.55727 3.16454 0.30861 33.18024
5.57925 17.57123 3.3155 0.32457 33.21585
5.25778 17.20166 3.17146 0.28772 34.08459
5.62725 18.13274 3.06739 0.30209 32.87688
5.66694 18.60774 3.05243 0.35768 32.3218
5.25141 18.2597 2.92116 0.33222 33.23981
5.1563 18.07233 2.86245 0.33967 33.5741
5.40173 18.25388 2.7486 0.31978 33.27914
5.49119 17.49485 2.89251 0.32543 33.79859
5.48081 17.80922 3.15846 0.38766 33.16782
5.3093 18.14543 3.03017 0.37073 33.1474
5.2602 17.38604 3.20479 0.32935 33.82228
5.55885 16.8537 3.18665 0.32318 34.08079
5.97512 17.94364 3.39242 0.35395 32.33822
5.62009 18.32363 3.15844 0.33998 32.56172
6.12123 18.07024 3.13344 0.33956 32.33824
5.57575 17.80821 3.16512 0.32418 33.12977
5.12448 18.01839 2.94419 0.29878 33.61656
5.21995 18.26006 2.98411 0.33535 33.20308
5.08979 18.25511 2.98891 0.29964 33.36989
5.53199 18.00226 3.07593 0.32629 33.06659
5.42667 18.1095 2.95144 0.3413 33.17479
5.35158 18.34541 2.94292 0.31585 33.04728
4.90155 17.44234 2.86236 0.29275 34.50414
5.29631 18.07561 2.85855 0.34751 33.42592
5.36905 17.93961 3.17224 0.36899 33.1546
5.37245 18.29132 3.2377 0.36873 32.73344
5.34163 18.4848 3.04229 0.37075 32.7631
5.21828 18.19177 3.12703 0.40024 33.06703
5.50268 18.02609 2.96884 0.41944 33.08754
5.33828 18.55865 2.92291 0.40375 32.77986
5.33003 17.64674 3.01686 0.37105 33.63712
5.7611 17.67245 3.00308 0.36174 33.20433
5.78108 17.59155 3.02742 0.37908 33.22411
5.72464 17.51726 3.35815 0.42153 32.98206
5.87974 17.9104 3.19273 0.46336 32.56123
5.68794 18.53356 3.06337 0.49314 32.22973
5.76535 18.12887 3.21186 0.44424 32.45595
6.07023 17.34408 3.38675 0.43507 32.76877
5.8519 17.11279 3.16316 0.45013 33.4283
5.60714 18.11472 2.74221 0.45919 33.08264
5.77897 18.04034 2.9272 0.51829 32.74435
5.6806 18.35911 2.85437 0.48451 32.62805
5.59214 17.33928 3.07682 0.4414 33.55532
5.38546 18.18871 2.91849 0.4517 33.0612
5.42815 17.81879 3.00941 0.44381 33.30654
5.50417 18.58267 2.99779 0.50733 32.41753
5.42602 17.95259 2.75229 0.43023 33.44593
5.21567 18.25943 2.80323 0.43357 33.29283
5.36338 18.51045 2.88372 0.40859 32.83763
4.99935 17.91259 2.80863 0.36869 33.91509
4.92733 18.36098 2.94199 0.34651 33.42738
5.45645 18.02431 3.0545 0.32388 33.14494
5.37101 17.83139 3.08416 0.34218 33.37619
5.26593 18.57863 2.95213 0.3609 32.84644
5.29067 18.23113 2.93035 0.30129 33.24824
5.46144 18.18221 3.09751 0.35699 32.90621
5.41632 18.10942 3.25233 0.34018 32.88559
5.63188 17.95322 3.17821 0.33204 32.90808
5.76065 17.36134 3.24382 0.35456 33.28298
5.84423 17.06479 3.05793 0.36225 33.67459
5.50758 18.04697 2.93374 0.42005 33.09784
5.61835 17.6208 3.13639 0.36665 33.26183
5.71868 17.88269 3.30085 0.38946 32.71567
5.64205 17.48242 3.26066 0.34795 33.27485
5.59925 18.10196 3.19048 0.34415 32.77047
5.31147 17.88563 2.96299 0.29591 33.54816
5.36666 17.63298 3.03154 0.29544 33.6788
5.60072 17.8539 3.1702 0.3112 33.07179
5.40616 18.35704 3.03089 0.31576 32.89478
5.16775 17.7753 3.05601 0.28844 33.71643
5.3167 18.08269 3.23162 0.3348 33.03948
5.46732 18.01363 2.96486 0.35146 33.20727
5.4984 18.35707 3.08238 0.38681 32.68235
5.50158 18.14354 3.13232 0.39912 32.82939
5.37413 17.57414 3.1149 0.36312 33.57864
5.38324 17.80278 3.1081 0.39532 33.31646
5.54017 18.00301 3.31211 0.41765 32.73338
5.77252 17.8005 3.12753 0.35308 32.9514
5.82835 17.94118 3.21596 0.37112 32.65023
5.62407 17.58741 3.10252 0.33401 33.35823
5.50239 18.80903 3.15476 0.38059 32.16098
5.79616 18.35604 3.17499 0.38771 32.29182
5.76087 17.45093 3.36186 0.3779 33.05721
5.20146 17.91919 3.2889 0.40301 33.19453
5.959 17.4569 3.26501 0.44603 32.88075
5.63371 17.81308 2.97649 0.41174 33.16817
5.77911 17.76445 3.27379 0.46717 32.7198
5.67337 18.39098 3.26497 0.44897 32.22823
5.43358 18.43542 2.78468 0.37612 32.97492
5.65907 18.16246 3.11439 0.40058 32.67498
5.28551 19.21047 2.95462 0.43773 32.12644
5.10613 19.30394 3.01615 0.41375 32.17128
5.37145 19.40383 3.11875 0.4757 31.64304
5.44305 19.14566 2.92185 0.49332 32.00654
5.09966 18.62135 2.89577 0.39701 32.99527
5.8605 17.22245 3.33595 0.36615 33.22067
5.56294 17.18867 3.3951 0.31785 33.5399
5.35006 18.59441 3.12743 0.27824 32.65469
5.51849 18.21633 2.98294 0.34246 32.9496
5.64717 17.9215 3.05551 0.39769 32.9881
5.47891 18.68789 3.13143 0.43291 32.27853
5.73951 18.25918 3.11867 0.45576 32.43794
5.6076 18.71054 2.9852 0.45406 32.25121
5.573 17.82393 3.07433 0.34935 33.20165
5.31865 17.9232 3.14908 0.3576 33.26862
5.37127 17.92434 3.14442 0.36234 33.21495
5.72756 17.17753 3.08086 0.37679 33.65404
5.34873 17.71858 3.00779 0.38576 33.56073
5.59658 18.10234 2.99044 0.47344 32.87373
5.29584 17.95347 3.04348 0.37242 33.3539
5.57703 18.43214 3.1969 0.42169 32.39174
5.65392 18.28019 2.92422 0.36818 32.78909
5.53087 18.3368 2.83296 0.37348 32.93596
5.37042 18.96159 2.87806 0.41637 32.38597
5.6594 18.11456 3.04621 0.41223 32.7836
5.43265 17.9301 3.01329 0.40224 33.23537
5.40783 17.9196 3.15706 0.34597 33.18235
5.29213 18.6279 3.12115 0.39471 32.58489
5.49263 18.53265 3.13212 0.37973 32.48168
5.50734 17.92392 3.08944 0.35795 33.13819
5.47185 17.77013 3.23918 0.32945 33.19953
5.53838 18.33536 2.93038 0.37509 32.83778
5.74999 17.73046 2.97369 0.39612 33.16857
5.17071 18.17296 3.05668 0.37328 33.24075
5.21614 18.63705 2.9948 0.35985 32.80687
5.17446 18.69029 2.85194 0.37269 32.93089
5.16479 18.68655 2.82595 0.35094 32.99281
5.19 18.20347 3.11462 0.33879 33.17063
5.3527 18.42188 3.13185 0.32546 32.77877
5.44713 18.16246 2.96044 0.32706 33.11542
5.28672 18.39805 2.85409 0.36772 33.10485
5.43454 18.67574 3.0266 0.40666 32.46996
5.52957 18.59549 3.18243 0.47334 32.23343
5.53205 18.21412 3.06211 0.41688 32.78724
5.84027 17.78053 3.47843 0.40983 32.50411
5.54369 17.67317 3.22532 0.44902 33.12694
5.59448 17.06856 3.30047 0.41197 33.63715
5.77315 17.60822 3.4124 0.52144 32.7051
5.57595 18.20453 3.42728 0.46237 32.34881
5.44899 18.42466 3.0249 0.40323 32.70871
5.56696 18.12361 2.98186 0.38035 32.95842
5.81399 18.11439 3.01183 0.38481 32.68611
5.59376 17.86745 3.18387 0.35744 33.00791
5.80976 18.03603 3.18473 0.4044 32.58362
5.61123 18.42471 3.1914 0.41872 32.36929
5.62931 18.12963 3.29196 0.42105 32.5458
5.77376 17.92143 3.36188 0.39151 32.56687
5.46605 18.15513 3.05752 0.35923 32.97809
5.48122 18.01782 2.87564 0.3738 33.26712
5.33304 18.58449 2.89123 0.38148 32.82208
5.17585 18.69812 2.90971 0.39234 32.83165
5.33283 18.49354 3.04288 0.38742 32.75388
5.40573 17.77814 3.05967 0.36388 33.40165
5.45816 17.98737 3.19451 0.34495 33.02803
5.33907 18.73694 3.0127 0.36026 32.56501
5.45253 17.71974 3.09874 0.35888 33.38252
5.28584 18.0777 3.19117 0.35722 33.10252
5.57139 18.18494 3.40713 0.31452 32.5354
5.68899 17.72321 3.22288 0.27354 33.09852
5.56905 18.61136 3.14846 0.28967 32.38861
5.87424 18.4365 3.04883 0.34802 32.30674
5.82823 17.80487 3.01941 0.31198 33.04684
5.57946 18.32001 3.00461 0.31244 32.79717
5.36113 18.03757 3.05328 0.33217 33.22608
5.73761 18.20587 3.19007 0.36848 32.51063
5.95997 17.80372 3.16959 0.39352 32.6831
5.33429 18.28215 2.96149 0.35653 33.07788
5.29432 18.13306 3.13625 0.31863 33.12759
5.72993 17.45281 3.20471 0.37943 33.25015
5.49929 17.99507 3.3764 0.33735 32.80686
5.66249 18.19597 3.10291 0.36955 32.68825
5.59703 17.77538 3.24651 0.37003 33.02994
5.60847 17.82594 3.3406 0.37441 32.86828
5.68997 17.7567 3.04251 0.39959 33.13334
5.71433 18.42666 3.03914 0.45389 32.40121
5.91289 17.64449 3.03337 0.47191 32.96438
6.17297 17.56786 3.26036 0.61621 32.44415
6.00193 18.34274 2.89414 0.55619 32.24979
5.87925 18.20479 2.99196 0.6077 32.36671
5.63606 18.3988 2.94764 0.55948 32.50035
5.54804 18.14227 3.22734 0.50641 32.6002
5.48618 17.62759 3.20991 0.46435 33.23536
5.48816 18.01813 3.16824 0.59861 32.77189
5.50299 17.48952 3.25334 0.53646 33.25882
5.1083 18.16436 3.06429 0.47574 33.21707
5.2143 18.97343 2.95713 0.61393 32.2845
5.07769 18.79734 3.07353 0.56055 32.51714
5.51433 17.67343 3.07877 0.49208 33.26101
5.36324 17.99797 2.85111 0.40983 33.38693
5.4545 18.08145 3.14483 0.45892 32.87482
5.37747 18.22802 2.95594 0.50666 32.95139
5.52702 18.02215 2.92718 0.5337 33.01656
5.67985 18.05384 3.00724 0.63455 32.65953
5.42805 17.68929 2.90306 0.58116 33.43442
5.46708 17.92069 2.98365 0.64088 33.02996
5.49957 17.68051 2.98252 0.5042 33.35197
5.33269 18.78055 2.83179 0.58673 32.49944
5.46842 18.11373 2.94281 0.50926 32.9894
5.57363 17.58633 3.0756 0.48307 33.30256
5.76991 18.37465 3.01519 0.51024 32.35127
5.27764 18.16382 2.88988 0.58521 33.1188
5.51746 18.60912 2.86545 0.5951 32.4375
5.24247 18.47584 2.98007 0.55306 32.76706
5.30321 18.42657 3.1635 0.52583 32.60174
5.42889 18.37118 2.9759 0.57021 32.67706
5.2825 18.75455 2.83839 0.6815 32.49784
5.23166 18.04728 2.76091 0.55862 33.44187
5.43634 18.45773 2.96561 0.58136 32.59951
5.46506 18.27041 3.03676 0.45382 32.79531
5.58958 18.00663 3.18278 0.44956 32.78651
5.23706 18.4268 3.03225 0.45639 32.86476
5.37033 18.61279 2.97523 0.47081 32.59644
5.51514 18.1736 3.07667 0.50962 32.75788
5.64637 17.78158 3.09313 0.43022 33.06495
5.38703 17.5722 2.90782 0.47447 33.68506
5.33931 18.11357 2.97597 0.50652 33.09144
5.27267 18.36247 2.79447 0.47896 33.11911
5.36679 18.67369 2.73761 0.50251 32.74151
5.69773 18.18675 2.94833 0.59484 32.59229
5.44596 18.54072 2.84614 0.54446 32.64583
5.39261 18.01687 3.09452 0.50908 33.00156
5.19219 18.36923 3.15997 0.5831 32.72081
5.34674 17.38228 3.07925 0.47953 33.73619
5.72499 17.56775 3.17175 0.49012 33.06161
5.57689 18.47834 2.94547 0.48265 32.53293
5.78219 18.45473 2.84671 0.47173 32.46077
5.37066 18.38206 3.06495 0.47978 32.71679
5.33484 18.41653 2.84581 0.42977 32.98246
5.44179 17.93769 2.98787 0.44568 33.19703
5.60577 18.20256 3.09929 0.46884 32.63278
5.82949 18.3214 2.92402 0.5104 32.42921
5.78996 18.57751 3.0305 0.49966 32.11935
5.36442 18.49682 2.79861 0.46088 32.90204
5.65663 18.63137 2.85924 0.47993 32.40616
5.88892 18.21158 3.00135 0.57953 32.36633
5.53445 18.46513 2.95089 0.603 32.49368
5.5923 18.04241 3.23474 0.57219 32.60371
5.7439 17.90363 3.32694 0.49983 32.55689
5.65964 18.36718 3.07967 0.62025 32.33065
5.75469 17.42309 3.33375 0.49654 33.02183
5.85474 17.77949 3.37055 0.59383 32.45774
5.53787 18.42686 3.04181 0.60038 32.44878
5.78677 18.25844 3.22836 0.47671 32.2801
5.42615 18.6283 3.06532 0.45395 32.4493
5.37515 18.09187 3.06585 0.43856 33.04747
5.45287 18.06144 2.83002 0.39927 33.26822
5.70164 17.82551 3.07023 0.37927 33.03219
5.96119 17.9181 3.17162 0.39691 32.57135
5.72163 18.21525 3.18177 0.38634 32.51168
5.68488 18.3349 3.04934 0.40072 32.54762
5.47774 18.27446 3.04989 0.39784 32.81397
5.50966 18.22024 2.8359 0.41026 33.04043
5.61675 18.82765 3.02768 0.49571 32.068
5.40573 18.0261 2.8453 0.33914 33.39494
5.56359 17.79538 3.05146 0.32036 33.27928
5.29542 18.27306 2.86634 0.38564 33.19613
5.06674 17.99919 2.90317 0.39767 33.64502
5.49712 18.28262 3.01351 0.38996 32.83033
5.23764 18.61305 3.0363 0.39005 32.73355
5.58972 18.2759 2.92495 0.35404 32.86437
5.73128 17.52865 3.01914 0.34818 33.38014
5.81085 18.16642 2.98368 0.37426 32.67066
5.73788 17.46454 3.13914 0.40848 33.26111
5.0447 18.3412 2.9789 0.40984 33.23565
5.20802 18.34979 2.63585 0.37737 33.4378
5.03162 17.5894 3.16967 0.4055 33.81755
5.17442 17.36064 2.9567 0.40266 34.12143
5.65443 17.55478 3.1353 0.40154 33.2658
5.28635 17.40789 3.27979 0.38138 33.65514
5.45786 17.70333 3.08747 0.42071 33.34296
5.35898 17.45631 3.13759 0.44286 33.61909
5.74045 17.86101 3.04801 0.45299 32.90883
5.84518 18.27135 3.05957 0.42045 32.42046
5.26644 18.2104 2.89334 0.4023 33.23799
5.56118 17.69677 2.83508 0.40765 33.50924
5.61242 16.78225 3.10787 0.43514 34.07077
5.60736 17.89126 3.00972 0.49455 33.00875
5.41215 17.71978 3.00792 0.4584 33.4079
5.61429 17.35814 3.06171 0.5699 33.41219
5.08335 17.86433 2.88147 0.49461 33.68379
5.05123 18.26394 3.07363 0.51808 33.10881
5.26958 18.17081 3.27594 0.42514 32.87337
5.29799 18.31355 2.95806 0.36347 33.07491
5.14426 18.26449 3.13447 0.35806 33.10597
5.75524 18.72735 2.98786 0.3821 32.15807
5.65764 18.33645 2.96056 0.42098 32.64043
5.46057 18.09063 2.93601 0.37757 33.14325
5.62741 17.71309 3.05332 0.3774 33.2349
5.92089 17.76796 2.88595 0.39892 33.03446
5.58635 17.92079 2.82643 0.36761 33.30565
5.50034 18.20975 2.84867 0.44261 33.01008
5.50895 17.81032 3.14475 0.43836 33.10757
5.78963 18.14546 3.03192 0.40952 32.63445
5.32799 18.07342 2.87329 0.35506 33.37809
5.46099 18.39993 2.97726 0.40148 32.77058
5.35369 18.11248 3.10519 0.38029 33.05818
5.12602 18.54185 3.18224 0.38463 32.77662
5.41564 18.0293 3.25061 0.36286 32.95608
5.56848 18.41657 2.94786 0.34018 32.73934
5.67332 18.20982 3.20849 0.36057 32.56039
5.38264 18.18692 3.24331 0.3756 32.82695
5.1689 18.68516 3.16002 0.31329 32.68183
5.5748 18.36413 3.05535 0.31043 32.70469
5.30471 18.65752 2.97068 0.35172 32.72862
5.22646 18.33792 3.0716 0.33403 33.03593
5.24682 18.87337 2.99629 0.32703 32.56499
5.54867 17.7029 3.31554 0.2962 33.144
5.74012 18.13359 3.14022 0.30251 32.69801
5.55535 17.74482 3.13799 0.31298 33.25896
5.41508 17.85241 3.08457 0.36905 33.29211
5.53695 18.24523 3.05782 0.40647 32.76563
5.54942 18.31161 3.06734 0.42932 32.65706
5.8237 18.72135 3.27181 0.4481 31.76209
5.64071 18.17166 3.27928 0.4588 32.46501
5.46427 18.10173 3.4301 0.42122 32.59815
5.79065 18.09361 3.41181 0.40865 32.31347
5.62753 18.29901 3.30972 0.32106 32.45054
5.87697 18.33943 3.27285 0.30215 32.21761
5.5796 18.75702 3.06933 0.28483 32.31325
5.7566 18.53076 3.329 0.30547 32.08475
6.20677 18.95263 2.89645 0.37494 31.57864
5.58421 18.67004 2.94974 0.35836 32.44512
5.9335 18.46743 3.02411 0.37921 32.20851
5.38975 18.03168 2.85199 0.3733 33.36775
5.46683 18.21303 3.02706 0.32021 32.98118
5.40028 17.90408 2.81907 0.33981 33.55085
6.03546 17.68376 3.0562 0.36567 32.87138
5.79619 17.66242 3.024 0.35894 33.17123
5.37608 17.81264 3.11923 0.34554 33.35453
5.89447 17.1724 3.21483 0.28184 33.44072
5.71557 17.48957 3.10472 0.31969 33.37728
5.97452 17.45699 3.30266 0.37067 32.90728
5.82934 17.85277 3.17429 0.39348 32.76366
5.60826 18.56342 3.07674 0.37973 32.38047
5.58706 18.76471 3.19813 0.40213 32.05633
5.33934 18.39325 3.05358 0.40357 32.81697
5.27768 17.87757 3.06202 0.37056 33.41764
5.41912 18.26929 2.75382 0.42067 33.1451
5.09666 18.53536 2.95014 0.43141 32.99386
5.17691 18.20716 3.12598 0.40537 33.09474
5.39343 17.60942 3.07492 0.40414 33.52658
5.2999 17.74839 2.92592 0.38055 33.65553
5.85801 17.7359 2.88422 0.40187 33.13024
6.07795 18.21669 3.24631 0.4165 32.05787
5.64391 18.53503 3.09794 0.38252 32.34836
5.54346 18.23926 3.12809 0.37032 32.72436
5.29632 18.62902 2.98277 0.35517 32.74283
5.54664 18.27737 3.13278 0.35448 32.69841
5.39648 18.1074 3.05383 0.35962 33.09037
5.56466 18.60038 3.13813 0.42458 32.2874
5.38188 18.01547 2.98951 0.39824 33.22561
5.60242 17.90839 3.03755 0.45295 33.01101
5.32535 18.29087 3.17212 0.35877 32.85878
5.13761 18.20174 3.28992 0.3868 32.9925
5.21674 17.7586 2.93169 0.30287 33.79434
5.13512 18.10264 2.81181 0.32135 33.63364
5.15863 18.5028 2.82935 0.32142 33.19354
4.83799 18.54475 2.88664 0.30107 33.43469
5.22462 17.58251 3.1146 0.33317 33.75054
5.29567 18.45694 3.15396 0.36099 32.73699
5.56315 18.24046 3.42779 0.41725 32.35956
5.214 18.35595 3.23365 0.3757 32.82818
5.71083 17.97136 3.32348 0.37846 32.62358
5.52196 18.47416 3.20739 0.39078 32.41442
5.46708 18.17863 3.22476 0.39825 32.7421
5.34641 18.78973 3.02395 0.44711 32.40055
5.75716 18.28845 2.90175 0.37953 32.67956
5.67678 18.15681 2.79383 0.36851 33.01109
5.35717 18.41282 2.8941 0.41606 32.92741
5.66303 18.27287 3.12672 0.47746 32.47022
5.78883 18.1337 3.07057 0.43002 32.58565
5.37663 18.18411 2.99502 0.38207 33.06811
5.88624 17.08246 3.17819 0.39255 33.46848
5.77315 17.93285 2.95884 0.43197 32.91512
5.63696 17.99956 3.04132 0.47177 32.86565
5.24478 17.85307 2.98606 0.43255 33.49067
5.30841 17.6302 3.06707 0.43404 33.56889
5.38788 17.3214 2.99155 0.4102 33.89893
5.33385 17.60673 3.04743 0.3647 33.65261
5.69686 18.39994 3.32439 0.41367 32.17377
5.63637 18.52365 3.14538 0.40179 32.2994
5.44872 18.39676 2.93689 0.3668 32.85945
5.58352 17.97767 3.14009 0.36221 32.94641
5.8405 18.15181 3.22405 0.37709 32.41297
5.61643 18.27706 3.11844 0.41688 32.5821
5.55409 18.40363 3.15299 0.44899 32.45297
5.06784 18.46595 3.2374 0.41051 32.8246
5.26184 17.74074 3.33946 0.3605 33.30268
5.28581 18.16274 3.11253 0.362 33.08476
5.23166 18.19228 3.11291 0.3872 33.0836
5.6551 17.39943 3.35736 0.39277 33.20507
5.35214 17.98369 3.06237 0.32447 33.29016
5.57728 17.84746 2.98275 0.31335 33.28984
5.63626 17.90195 3.15655 0.3237 32.99419
5.81137 17.1648 3.04256 0.28919 33.70121
5.75633 17.60167 3.03967 0.31896 33.29689
5.50749 17.91679 3.02175 0.31636 33.24951
5.47464 17.256 3.05583 0.27014 33.95071
5.46346 18.00311 3.00241 0.34565 33.1952
5.3239 18.04747 2.94351 0.33323 33.35994
5.35159 18.21671 2.85164 0.33476 33.2541
5.43409 18.0797 2.95186 0.3618 33.18125
5.49007 18.54642 2.71924 0.38133 32.87348
5.53218 17.74878 2.88118 0.38248 33.46202
5.74487 18.06552 3.10676 0.45435 32.64061
5.53853 18.0005 2.85669 0.39543 33.21779
5.32573 18.13644 2.97784 0.38576 33.18232
5.84434 17.5037 3.14271 0.42419 33.09688
5.77254 17.86973 3.14221 0.38767 32.8422
5.83409 17.83707 3.21686 0.35836 32.76791
5.72826 17.43675 3.23729 0.33909 33.27115
5.84741 18.03182 3.11661 0.35201 32.6682
6.32164 17.1964 3.39586 0.35483 32.74268
6.04815 17.03942 3.54279 0.36374 33.0197
5.70983 17.12284 3.14132 0.32415 33.70823
5.65145 17.90827 2.9227 0.37991 33.15657
5.67441 18.20645 3.0158 0.43262 32.68425
5.39773 18.3957 2.75607 0.42001 33.04376
5.36104 17.68106 3.06348 0.38334 33.52113
5.14077 17.75437 2.96002 0.34277 33.80968
5.47519 17.59153 2.99666 0.35062 33.59866
5.29722 17.99263 2.97047 0.30006 33.44898
5.31486 17.90403 3.20893 0.28672 33.29205
5.74868 18.21395 3.00309 0.30585 32.74151
5.53766 18.71525 3.19809 0.35183 32.20911
5.4133 18.32421 3.28034 0.30564 32.68296
5.57841 18.11526 3.21595 0.33838 32.7606
5.66137 18.03966 3.12394 0.39235 32.79055
5.41632 18.38449 3.18253 0.42103 32.60355
5.36715 18.22174 3.12531 0.43551 32.85634
5.63702 18.16298 2.94689 0.42963 32.83021
5.73509 18.22399 2.93645 0.40865 32.70392
5.52492 17.7556 3.00447 0.38309 33.33996
5.49224 17.16477 3.31032 0.40208 33.63765
5.51938 18.26117 3.09145 0.38668 32.75039
5.27835 17.45409 3.14138 0.35246 33.7804
5.50658 17.52019 3.11094 0.40202 33.47014
5.45361 18.24953 3.26086 0.45478 32.59315
5.22031 18.23598 3.03051 0.3884 33.13477
5.28744 18.56747 3.1855 0.39541 32.57141
5.6424 18.6891 3.06602 0.38968 32.23062
5.43902 18.25359 3.26538 0.3907 32.66357
5.34217 17.5828 2.97107 0.32216 33.7909
5.23917 17.74528 3.10491 0.32264 33.59762
5.29694 17.95582 3.1531 0.35965 33.24227
5.66258 18.10149 3.25657 0.37692 32.61049
5.57916 18.174 3.32991 0.43396 32.49688
5.54852 17.75626 3.03246 0.39267 33.28029
5.46849 17.92126 3.25611 0.40197 32.95971
5.66118 18.45468 3.11162 0.39776 32.38251
6.24066 17.57522 3.1637 0.42083 32.60671
5.82847 17.91856 3.00049 0.40775 32.85244
5.34615 18.06652 2.91081 0.41688 33.26659
5.88511 17.19495 2.75121 0.39852 33.77865
5.45991 17.90084 2.98201 0.46242 33.20918
5.11928 17.71856 3.21356 0.46167 33.50046
5.44689 17.82284 3.16672 0.47869 33.10475
5.3663 18.90624 3.01715 0.50319 32.2303
5.64205 17.96024 2.99715 0.45908 32.9621
5.34872 18.55145 2.83976 0.42001 32.85229
5.99 18.59298 3.18764 0.3927 31.85174
5.46585 17.7659 2.95267 0.33375 33.49352
5.89722 17.87036 2.95899 0.35892 32.92825
5.37023 18.23395 2.85243 0.30877 33.24207
5.28541 17.82802 2.93498 0.35768 33.60163
5.14651 18.35625 2.81075 0.38208 33.3124
5.36816 18.30113 3.03227 0.42613 32.8808
5.64745 18.02747 2.92896 0.44445 32.96268
5.06951 18.19668 2.88053 0.41461 33.4466
5.32298 17.80505 3.07303 0.42972 33.3781
5.70215 17.99701 2.87259 0.39879 33.03618
5.97517 17.03581 2.98322 0.34623 33.66385
5.65032 17.78363 3.1151 0.42899 33.02915
5.5525 16.86051 3.18607 0.34421 34.06405
5.58568 17.84477 3.06061 0.37053 33.15054
5.69874 17.68058 3.05208 0.37267 33.20289
5.54949 17.73918 3.36944 0.37236 32.98344
6.04304 17.68091 3.47287 0.41079 32.41172
5.26174 18.23035 3.26316 0.40877 32.8469
5.38371 17.76867 3.17142 0.3636 33.31986
5.49346 17.76747 3.18655 0.43553 33.12726
5.57726 17.97787 3.04963 0.40734 32.99469
5.50063 17.68545 3.10832 0.4521 33.26501
5.62265 17.51488 3.13187 0.38306 33.35422
5.73315 17.89022 3.21541 0.4286 32.74357
5.38514 18.03967 3.23247 0.37004 32.98028
5.52577 18.02025 3.03671 0.39897 33.03062
5.39714 18.04368 2.89415 0.37683 33.29829
5.52395 17.76909 3.14035 0.32232 33.25009
5.55137 17.98081 3.08731 0.31049 33.07638
5.89682 17.72181 3.1864 0.34089 32.86473
5.6432 17.865 3.09861 0.33702 33.06882
5.88465 17.69095 3.27719 0.30477 32.85095
5.5046 18.39411 3.19433 0.32751 32.58859
5.28676 18.04868 3.26851 0.28193 33.11962
5.54177 17.47536 3.21976 0.30487 33.46928
5.55242 18.10284 3.0784 0.32764 32.94975
5.63353 18.26155 2.89983 0.30731 32.90562
5.68281 18.15874 3.00066 0.30228 32.86227
5.18775 18.76137 3.01677 0.34815 32.6938
5.19278 19.34345 2.92679 0.36666 32.17799
5.08811 17.96298 2.89686 0.28907 33.76938
5.41785 17.89318 2.89505 0.26365 33.53647
5.87365 17.64965 2.94094 0.31431 33.23252
5.65493 18.51669 2.90589 0.33583 32.59404
5.10975 17.88681 3.14665 0.28647 33.57666
5.35729 18.36019 2.9662 0.30229 33.02051
5.38469 18.03028 2.89856 0.27165 33.41802
5.3856 18.0028 3.09604 0.31142 33.21025
5.37095 18.03368 2.94154 0.31586 33.34293
5.86179 17.95132 3.11552 0.35955 32.71736
5.61678 18.32894 2.97332 0.34679 32.74253
5.86312 18.1831 3.12454 0.3711 32.47103
5.46402 18.0149 3.26342 0.3089 32.95592
5.30524 17.67591 3.3199 0.33812 33.36985
5.14272 17.49069 3.3381 0.29712 33.73806
5.46373 17.60131 3.25568 0.34063 33.35132
5.44133 17.71805 3.18254 0.34668 33.32114
5.42063 17.52291 3.06341 0.36224 33.63724
5.3433 17.96202 3.10651 0.44798 33.15143
5.34665 18.52151 3.21131 0.42041 32.51076
5.65887 17.81083 3.1157 0.40406 33.01844
5.72723 17.38968 3.07807 0.41228 33.40164
5.58329 17.8269 3.26222 0.44144 32.8946
5.71597 17.6864 3.21019 0.42169 32.97273
5.54754 17.81286 3.25961 0.37145 33.01401
5.86749 18.60649 3.15733 0.43535 31.94709
5.59828 17.7962 3.12542 0.45175 33.03916
5.42813 18.11277 3.1525 0.46436 32.8542
5.1592 18.59037 3.03535 0.5149 32.71223
5.5291 18.3867 3.1351 0.49862 32.46493
5.62619 18.09605 3.06398 0.46721 32.75429
5.97794 17.6241 3.06684 0.42332 32.91953
5.37597 17.42061 3.16356 0.45476 33.59801
5.63793 17.70457 3.02177 0.46173 33.18862
5.60886 17.43462 2.95147 0.44036 33.57652
6.14759 17.63216 3.09635 0.50952 32.63308
5.49898 17.73953 3.31082 0.48253 32.981
5.69786 17.84173 3.10952 0.50037 32.87126
5.71689 17.95175 3.06161 0.48449 32.79951
5.73929 18.06215 3.16983 0.45975 32.57959
5.85374 18.10057 3.23319 0.43739 32.38799
5.34281 18.23758 2.98838 0.45498 32.98766
5.3628 18.40115 2.91672 0.42864 32.90058
5.42255 18.59594 2.95396 0.43886 32.60156
5.55686 18.30386 3.04005 0.55635 32.56196
5.57071 18.88853 2.9887 0.4618 32.10711
5.13448 18.18403 3.09209 0.45786 33.14284
5.33187 18.10072 3.03536 0.53476 33.02519
5.50557 18.62237 3.14113 0.49836 32.25309
5.51265 17.62702 3.01016 0.53383 33.3474
5.26454 18.31162 2.9337 0.53346 32.98637
5.28797 18.28074 3.00994 0.51932 32.91887
5.59969 17.76849 3.12026 0.5061 33.02455
5.82378 17.59761 3.01317 0.49305 33.08708
5.51489 17.89735 3.05318 0.38545 33.15582
5.52653 17.98543 3.19904 0.41301 32.88447
5.16363 18.80153 2.96208 0.42645 32.6545
5.36325 18.23258 3.07876 0.48135 32.85519
5.49334 17.70374 3.21546 0.47032 33.13123
5.60834 17.99656 3.08507 0.48647 32.83484
5.27652 17.67433 3.01791 0.43955 33.60131
5.34078 18.35999 3.05149 0.49114 32.77031
5.34515 18.04532 3.01557 0.53821 33.07172
5.51834 18.08397 3.07362 0.62306 32.72195
5.30683 18.50468 3.03209 0.53128 32.64164
5.78225 18.30819 3.31369 0.50398 32.11039
5.72319 17.37909 3.27328 0.43157 33.20503
5.59219 17.95628 3.14798 0.50682 32.81024
5.6631 17.66893 3.2758 0.43172 32.96966
5.62755 17.7152 3.10745 0.43934 33.11891
5.75411 18.49351 3.06448 0.41788 32.28005
5.91609 17.59028 3.2676 0.41974 32.81753
5.36448 17.88842 3.32897 0.43833 32.99395
5.59457 17.14861 3.24803 0.39981 33.62409
5.94517 17.57203 3.11554 0.44032 32.94566
5.71409 17.87132 3.19561 0.46075 32.78518
6.20329 18.38788 3.03817 0.49967 31.89762
5.92195 18.47013 3.1613 0.54226 31.92935
5.91932 17.87434 3.28742 0.49216 32.4458
5.82244 18.33521 3.15107 0.43428 32.26969
5.35285 18.27152 3.26594 0.38103 32.73606
5.45721 17.92021 3.16086 0.33489 33.135
5.52408 18.5317 3.201 0.3488 32.41071
5.4496 17.46318 3.10261 0.35232 33.64169
5.59389 17.62274 2.99997 0.34946 33.4426
5.60643 17.49017 3.00543 0.34341 33.5646
5.19067 18.19307 3.11134 0.35065 33.1606
5.49274 18.05112 3.06768 0.36153 33.0345
5.5959 18.38732 3.11187 0.31903 32.59203
5.62701 18.01611 3.3792 0.33425 32.6495
5.37487 18.41715 2.97765 0.32828 32.90818
5.31359 18.34002 3.16583 0.35158 32.83523
5.665 17.62022 3.36932 0.32457 33.02566
5.86063 18.41335 3.06098 0.33238 32.34087
6.06151 17.95605 3.1918 0.36274 32.43769
5.83606 18.24477 2.99715 0.37545 32.55583
5.71751 18.2046 2.76856 0.30685 33.00975
5.75886 18.12585 2.91882 0.3064 32.89823
5.75528 18.47437 2.90649 0.31715 32.55619
5.94769 18.463 3.06659 0.34397 32.18583
5.80412 18.34386 3.26385 0.43107 32.16969
5.38939 18.29735 3.20743 0.45929 32.65944
