"V1" "V2" "V3" "V4" "V5"
4.3275 24.64824 1.01174 0.49357 29.57901
4.36044 24.49616 1.01361 0.43791 29.74652
4.35067 24.76034 1.02183 0.45766 29.45868
4.14335 24.58937 0.96306 0.49182 29.8572
4.03918 24.57339 0.98308 0.48675 29.97704
4.32684 24.68502 1.02707 0.46786 29.55008
4.25524 24.58993 1.05617 0.53697 29.63521
4.01827 24.21894 1.04792 0.50594 30.27617
3.98178 24.54343 1.03785 0.46372 30.02768
4.14261 24.62695 1.07554 0.48976 29.72443
4.0818 24.40702 1.09795 0.46837 30.0055
4.45843 23.97836 1.15166 0.46142 30.00245
4.16985 24.30446 1.11789 0.40781 30.04048
4.42551 24.73546 1.07931 0.46794 29.34207
4.43523 24.45899 1.06521 0.47654 29.62646
4.47043 24.50824 1.06414 0.56985 29.49069
4.13753 24.50547 1.10902 0.50551 29.81375
4.2709 24.6917 1.10303 0.53358 29.46008
4.10764 24.66011 1.09472 0.53379 29.66348
3.90605 24.54372 1.01947 0.52082 30.07726
4.10969 24.74723 1.09033 0.50641 29.62475
4.10343 24.60346 1.12774 0.43296 29.78068
4.03925 24.83864 1.17124 0.51046 29.50712
4.28591 24.94924 1.14582 0.52995 29.16368
4.19332 24.45932 1.17429 0.4861 29.75867
4.10833 24.24673 1.07046 0.40376 30.21401
4.30972 24.2937 1.12526 0.41026 29.89832
4.34675 24.61202 1.1465 0.44559 29.5227
4.26353 24.49843 1.05283 0.4848 29.75698
4.20842 24.30481 1.08763 0.45033 30.0072
4.13684 24.71637 1.03633 0.45006 29.71116
4.06604 24.43143 1.00596 0.45769 30.09389
4.07505 24.73899 1.0909 0.47149 29.68164
4.35433 24.98165 1.09953 0.44015 29.18263
4.18153 24.67925 1.08625 0.39639 29.69087
4.15737 24.66934 1.10162 0.39304 29.71681
4.26826 24.43112 1.12387 0.44907 29.77795
4.14658 24.69012 1.14733 0.51322 29.56551
4.24756 24.62545 1.10478 0.48749 29.59905
4.28296 24.68118 1.08886 0.52025 29.48805
4.09533 24.85034 1.04891 0.4905 29.56459
4.2603 24.74665 1.0991 0.45902 29.48421
4.01809 24.79985 1.04478 0.49948 29.67965
4.09815 24.93847 1.05078 0.53736 29.42254
4.33883 25.10511 0.99938 0.51925 29.08562
4.08678 24.75639 0.99399 0.45755 29.74139
4.28664 24.6625 1.07418 0.48785 29.53337
4.19566 24.84981 1.0812 0.44263 29.4725
4.12673 24.96195 1.07495 0.42486 29.45253
4.14174 24.5759 1.10092 0.46811 29.75106
4.01141 24.49665 1.0311 0.41284 30.06722
3.88295 25.17277 1.05776 0.40277 29.50731
3.94743 24.40539 1.07244 0.45088 30.15949
4.03776 25.13014 1.00482 0.52607 29.34345
3.98667 24.79539 1.00658 0.51851 29.73402
4.01052 24.83342 1.07725 0.50164 29.62385
4.11384 24.07889 1.08746 0.5001 30.26952
4.03645 24.48478 1.09672 0.50891 29.91675
4.044 24.68485 1.10765 0.45304 29.7528
3.91808 24.69967 1.0179 0.42639 29.96594
4.00662 24.80163 1.03659 0.44526 29.74768
4.26173 24.40227 1.11214 0.43599 29.82913
4.25205 24.09188 1.06323 0.48927 30.15255
4.16609 24.42932 1.06399 0.50473 29.89015
4.23464 24.24666 1.05855 0.48174 30.02634
4.43425 24.37188 1.06747 0.49184 29.68797
4.42986 24.19528 1.10555 0.48663 29.83486
4.54499 24.39126 1.13162 0.57857 29.43145
4.30977 24.44076 1.18204 0.51061 29.61158
4.33727 24.4157 1.18099 0.4664 29.63936
4.20057 24.20335 1.13215 0.53748 29.9871
4.03827 24.10036 1.16177 0.51077 30.24812
4.36276 23.96044 1.15619 0.47357 30.09254
4.05679 24.57085 1.09692 0.4464 29.86955
4.03228 24.79699 1.07138 0.43616 29.70243
4.01476 24.59882 1.06792 0.47081 29.90704
3.87865 24.60869 1.0498 0.41695 30.08279
4.07652 24.43634 1.10174 0.42923 29.9869
4.07764 24.51035 1.06045 0.45429 29.92673
4.17161 24.32224 1.08067 0.48993 29.97409
3.98288 24.75153 1.04655 0.49976 29.7489
3.87749 25.3753 1.02232 0.45664 29.29669
4.08292 24.73896 1.04228 0.51756 29.65692
4.04976 24.71877 1.10009 0.50303 29.66482
3.99512 24.98938 1.05924 0.46288 29.52238
3.98327 24.98746 1.08814 0.49181 29.48076
4.04589 24.65366 1.05785 0.49918 29.78567
4.0763 24.5935 1.007 0.44901 29.9113
4.02799 24.5236 1.06425 0.42226 29.99366
4.07724 24.63538 1.12778 0.46306 29.72602
4.2503 24.57838 1.08635 0.4444 29.66536
4.11808 24.73184 1.00729 0.43652 29.72851
4.21906 24.71306 1.07237 0.45647 29.57276
4.20788 24.66656 1.10141 0.42692 29.62371
4.08191 24.66137 1.06294 0.48636 29.75439
4.08807 24.2696 1.07254 0.49192 30.12323
4.11524 24.39742 1.07872 0.52633 29.92771
3.86737 24.58746 1.0371 0.50221 30.05609
3.97801 24.44968 1.02579 0.48313 30.10534
4.13239 24.80846 1.10638 0.52979 29.4645
4.07872 25.14834 1.11442 0.46745 29.22078
4.06503 24.85767 1.05884 0.51006 29.5413
3.99307 24.96363 1.11655 0.5298 29.42724
4.10517 24.54621 1.11293 0.54985 29.72677
4.04688 24.6543 1.10875 0.43834 29.78356
4.03523 24.47545 1.10765 0.50016 29.92601
4.28375 24.4862 1.16613 0.46543 29.6571
4.04158 24.74534 1.09537 0.45015 29.71445
3.99545 24.74999 1.14532 0.49707 29.66488
4.0714 24.68964 1.11427 0.59162 29.62778
3.98038 24.29468 1.16463 0.582 30.05688
4.03003 24.42785 1.07951 0.54911 29.97802
3.98149 24.15618 1.16775 0.47836 30.26132
4.15779 24.4026 1.17608 0.47374 29.83369
4.158 24.47795 1.184 0.43115 29.79408
4.05321 24.59249 1.13375 0.42881 29.84184
3.97486 24.48355 1.07018 0.48438 30.04743
4.20089 24.38597 1.12508 0.45983 29.87676
4.15237 24.20991 1.17708 0.47675 30.03259
4.02419 24.39314 1.17195 0.52656 29.92997
4.06282 24.95634 1.09562 0.4947 29.43301
4.05975 24.6163 1.12253 0.52261 29.72599
4.01873 24.83576 1.13444 0.52137 29.53686
4.10576 25.19854 1.08513 0.57616 29.10325
4.22361 24.49244 1.16986 0.50449 29.66105
4.36028 24.10014 1.15465 0.45441 29.96019
4.085 24.33646 1.08821 0.48129 30.04262
3.86309 24.68153 1.05871 0.47726 29.95452
4.14682 24.92177 1.11772 0.54038 29.32308
4.08438 24.64626 1.07834 0.50643 29.72017
4.11571 24.41936 1.05366 0.50046 29.94839
3.96175 24.58345 1.05621 0.50058 29.9312
3.97716 24.54096 1.02438 0.47038 30.01752
4.06701 24.3945 1.12017 0.4784 29.97246
4.14674 24.31543 1.08414 0.51368 29.98124
3.92611 24.27636 1.06702 0.47994 30.28224
4.04025 24.36938 1.12491 0.48943 30.00519
3.99972 24.38766 1.12281 0.48279 30.03915
4.10092 24.46386 1.12144 0.44726 29.89394
4.20926 24.29325 1.15518 0.45086 29.92082
4.18317 24.17746 1.14007 0.47256 30.05398
4.16174 24.58228 1.14558 0.51861 29.63183
4.31004 24.48149 1.12469 0.53613 29.59468
4.15173 24.49251 1.11724 0.53802 29.74575
4.03983 24.48517 1.08334 0.51189 29.92061
4.01143 24.69399 1.07707 0.43564 29.81306
4.03333 24.54802 1.08139 0.45486 29.91879
4.05989 24.67032 1.08891 0.48409 29.73627
4.14055 24.33146 1.12331 0.56041 29.90712
4.12084 24.1014 1.08896 0.49916 30.23119
4.19316 24.74678 1.07324 0.48002 29.54844
4.17484 24.66121 1.11489 0.46237 29.62084
4.16533 24.2653 1.16511 0.4542 29.99131
4.08633 24.63605 1.1224 0.44124 29.7545
3.96303 24.27504 1.1244 0.39528 30.2708
4.2661 24.53408 1.10875 0.45479 29.68336
4.2148 24.75507 1.12411 0.42057 29.52577
4.13212 25.06598 1.09115 0.38034 29.36249
4.14893 24.47042 1.1193 0.46023 29.8381
4.23625 24.73131 1.07459 0.49294 29.51558
4.1885 24.98969 1.07331 0.5881 29.23346
4.02551 25.02856 1.05 0.52259 29.42766
4.21247 24.62858 1.16063 0.546 29.5109
4.27837 24.71509 1.13262 0.52717 29.41309
4.15112 24.71296 1.10785 0.42673 29.6405
4.05947 24.77577 1.15534 0.4856 29.57886
4.2681 24.6075 1.12051 0.51867 29.54187
4.16627 25.26204 1.09851 0.52906 28.99769
4.07712 24.98665 1.11904 0.47604 29.37909
3.98026 24.85217 1.08767 0.42179 29.6772
4.13107 24.61497 1.12707 0.47209 29.68743
4.22177 24.08492 1.14951 0.43263 30.1387
4.00349 24.60588 1.05532 0.44887 29.91161
4.10907 24.94714 1.11264 0.45484 29.40655
4.09377 24.61591 1.097 0.46636 29.74634
4.08649 24.8533 1.0638 0.45681 29.56603
4.17544 24.58254 1.11716 0.44212 29.71763
4.34056 24.55104 1.18208 0.4601 29.49698
4.34309 24.57326 1.07579 0.42107 29.62206
4.27309 24.22386 1.13362 0.45477 29.95886
4.20222 24.20854 1.17638 0.50228 29.96779
4.06856 24.81096 1.08768 0.49468 29.59124
4.08919 24.83259 1.11166 0.47924 29.53305
4.12721 24.45538 1.05986 0.42587 29.96022
4.28212 24.93327 1.10972 0.59718 29.14219
4.26267 24.72392 1.11759 0.59419 29.36704
4.0186 24.69235 1.14044 0.57946 29.62263
4.07353 24.58447 1.10674 0.49502 29.77872
3.99727 24.54847 1.09339 0.4026 29.9765
4.08755 24.91826 1.15791 0.47475 29.39356
4.1645 24.46503 1.14491 0.47219 29.78241
3.99025 24.67619 1.12205 0.52065 29.73144
4.05312 24.68403 1.13303 0.50747 29.67463
3.93104 25.07659 1.08086 0.50389 29.46152
4.06189 24.33628 1.09586 0.56469 29.99613
4.18906 24.53677 1.14402 0.6108 29.5841
4.11558 24.1402 1.11747 0.57361 30.10124
4.17722 24.37906 1.17389 0.59906 29.736
4.23213 24.45607 1.12618 0.52624 29.71672
4.08021 24.56775 1.09058 0.54976 29.76864
4.29918 24.57841 1.1347 0.57685 29.48285
4.29062 24.48185 1.09967 0.54732 29.63612
4.1983 24.71403 1.14905 0.51065 29.48213
4.18707 24.29159 1.10981 0.47584 29.97017
4.46629 24.34014 1.14455 0.43591 29.64035
4.39364 24.50662 1.16914 0.43775 29.52503
4.1894 24.53435 1.10506 0.45612 29.74573
4.25063 24.34939 1.1738 0.50878 29.76859
4.16114 24.53269 1.07522 0.47629 29.79261
4.06025 24.57067 1.11998 0.44032 29.83894
4.1575 24.67466 1.08788 0.54297 29.58162
4.05196 24.83478 1.06963 0.5607 29.52836
4.07407 24.64323 1.1223 0.68619 29.5521
3.98545 24.6986 1.06828 0.62245 29.67749
4.2044 24.69134 1.05796 0.56464 29.5217
4.2484 24.59508 1.09542 0.48641 29.60788
4.33074 24.48344 1.09557 0.50314 29.61867
4.21015 24.24226 1.06292 0.43993 30.07211
4.15428 24.27248 1.04128 0.53862 30.02624
4.03499 24.70725 1.03239 0.48948 29.76742
4.01212 24.67099 1.06939 0.49965 29.78419
4.00074 24.56446 1.10143 0.43662 29.93099
4.04668 24.37183 1.1469 0.46778 30.00398
3.90292 24.79233 0.99351 0.46903 29.87999
4.01334 24.63487 1.04936 0.49426 29.8493
4.02823 24.67895 1.03207 0.56747 29.7375
4.17574 24.35391 1.0637 0.53066 29.91777
4.12504 24.63497 1.01496 0.58164 29.68583
4.11106 24.71366 1.04315 0.47753 29.68336
4.04408 24.81568 1.06597 0.47283 29.62667
4.28831 24.57548 1.15524 0.5064 29.50316
4.34589 24.50375 1.07097 0.4807 29.62785
4.25141 24.61305 1.10659 0.44921 29.61203
4.21844 24.41859 1.11495 0.45982 29.82197
4.18154 24.54193 1.12192 0.48169 29.71095
4.17424 24.53118 1.20282 0.46541 29.65885
4.06525 24.61972 1.12021 0.51334 29.7267
4.06867 24.61767 1.10984 0.506 29.7286
4.13622 24.69085 1.14688 0.51304 29.54665
4.31777 24.52136 1.10301 0.49731 29.59019
4.15937 24.42014 1.09927 0.48439 29.86764
4.00287 24.79312 1.06127 0.53487 29.64535
4.15817 24.35872 1.07263 0.47515 29.96151
4.17468 24.4814 1.0038 0.42681 29.94013
4.11127 24.47258 1.05599 0.43534 29.9607
4.19002 24.54533 1.12094 0.44738 29.74256
4.11614 24.74598 1.09425 0.50505 29.5857
4.16169 24.24573 1.07552 0.49712 30.0682
3.99779 24.79812 1.00483 0.48141 29.75938
4.0729 24.59649 1.07534 0.50924 29.79473
3.98371 25.127 1.09544 0.48099 29.36874
4.13573 24.68163 1.05053 0.54353 29.64662
4.27042 24.80301 1.09336 0.48271 29.39792
4.10728 24.68763 1.07714 0.43451 29.73676
4.12744 25.06713 1.08111 0.49676 29.2827
4.10555 25.00932 1.0681 0.46236 29.39367
4.0496 24.88735 1.01413 0.45618 29.6228
4.17534 24.59982 1.0384 0.44105 29.78547
4.14906 24.44419 1.10539 0.46758 29.87445
4.10749 24.69603 1.12189 0.53969 29.59451
4.3222 24.58407 1.10742 0.53765 29.52637
4.35999 24.80323 1.10443 0.52619 29.26498
4.01194 24.60744 1.11504 0.49118 29.81651
4.20057 24.87068 1.14013 0.53172 29.31686
4.38047 25.21169 1.14954 0.5844 28.74269
4.34229 24.51505 1.19678 0.57232 29.44781
4.34138 23.94677 1.14029 0.60769 30.03458
4.09681 24.32787 1.11059 0.59943 29.92812
4.10645 24.90865 1.0664 0.63682 29.34071
4.25239 24.54252 1.12524 0.70433 29.45825
4.2737 24.8903 1.08162 0.69924 29.15386
4.21301 24.86305 1.13301 0.66774 29.22907
4.32576 24.84156 1.09069 0.67059 29.17323
4.29117 24.76183 1.01483 0.69704 29.33551
4.29948 25.04424 1.05733 0.56623 29.08372
4.20543 24.86452 1.07158 0.59217 29.30967
4.33065 24.57021 1.05675 0.62805 29.46453
4.37021 24.72774 1.06592 0.6707 29.23524
4.23902 24.75628 1.11638 0.51999 29.41152
4.29216 24.67257 1.09887 0.51356 29.45702
4.27641 24.62482 1.12976 0.55224 29.45985
4.25339 24.65576 1.1228 0.56107 29.45781
4.14311 24.4503 1.07682 0.48827 29.87885
4.19138 24.27723 1.11059 0.53987 29.92811
4.08239 24.64508 1.10856 0.60342 29.60717
4.07431 24.5364 1.09323 0.52679 29.80115
3.92579 24.41002 1.11234 0.66249 29.94294
4.18246 24.09644 1.06483 0.72317 30.01532
4.09907 24.39181 1.0556 0.66377 29.86637
4.26147 24.39087 1.09992 0.64503 29.68569
4.19635 24.37619 1.05707 0.55734 29.87891
4.12931 24.60537 0.99591 0.58506 29.7648
4.13937 24.56633 1.03125 0.57465 29.76293
3.99023 24.6741 1.01145 0.52246 29.85618
4.05884 24.29431 1.04131 0.52387 30.13702
4.07088 24.56461 1.09747 0.61237 29.71947
4.06832 24.85533 1.11185 0.58332 29.43629
4.0291 25.05281 1.10065 0.58143 29.29385
4.25216 24.42035 1.18637 0.55449 29.64299
4.19254 24.78609 1.08583 0.51659 29.45904
4.06145 24.39846 1.0915 0.51562 29.9762
4.04734 24.79038 1.06497 0.52238 29.61273
4.04278 24.73685 1.07358 0.58865 29.59693
4.13143 24.16998 1.11262 0.51509 30.10285
4.03754 24.58224 1.07545 0.6 29.74901
3.86417 24.49048 1.0538 0.54484 30.07577
4.01405 24.85511 1.04522 0.64437 29.48513
4.09851 24.62975 1.1029 0.62587 29.58758
4.16118 24.77273 1.08841 0.74011 29.32785
3.97651 24.64982 1.10195 0.57195 29.74779
4.1754 24.42376 1.06071 0.59748 29.78838
4.19942 24.18158 1.06108 0.63007 29.98309
4.09064 24.4822 1.10098 0.61816 29.76461
4.02466 24.33013 1.06764 0.56064 30.06016
3.98464 24.65724 1.09517 0.52827 29.77074
3.97214 24.10389 1.07089 0.53978 30.35299
4.10216 24.57972 1.06391 0.52964 29.7616
4.12567 24.38975 1.10432 0.60924 29.83001
4.09162 24.58509 1.0823 0.56376 29.71579
4.09564 24.04379 1.08914 0.49355 30.30729
4.22956 24.41213 1.10559 0.63905 29.6754
4.0919 24.53718 1.07547 0.6237 29.71463
4.01844 24.51127 1.03768 0.52371 29.94374
4.16873 24.56554 1.03248 0.51265 29.7512
4.07828 24.71646 1.03377 0.42948 29.7695
4.34627 24.27071 1.14219 0.51676 29.7668
4.21871 24.3694 1.06691 0.4845 29.89008
3.99799 24.79658 1.05375 0.46335 29.71096
4.28184 24.83461 1.10865 0.4948 29.31899
4.13269 24.81244 1.10485 0.48526 29.5
3.95068 24.56564 1.07981 0.49589 29.94492
4.27101 24.53228 1.08319 0.52149 29.62534
4.19274 24.41029 1.11437 0.53495 29.79179
4.1695 24.8997 1.13791 0.48417 29.34817
4.06494 24.65288 1.15335 0.42733 29.72586
4.21791 24.76328 1.05537 0.42754 29.56618
4.10891 24.57338 1.1652 0.45773 29.73513
4.22231 24.44691 1.16383 0.44065 29.76941
4.24238 24.29146 1.16134 0.44663 29.89268
4.21189 24.2752 1.14893 0.38478 30.0029
4.39581 24.42861 1.18611 0.46052 29.56789
4.31521 24.52854 1.08926 0.35329 29.73749
4.22793 24.90131 1.02728 0.35618 29.51638
4.13916 24.88232 1.08173 0.30077 29.6187
4.07393 24.81038 1.10178 0.33835 29.69639
4.2246 24.93704 1.16269 0.38415 29.31299
4.14711 24.50533 1.07277 0.40675 29.89597
4.31791 24.53666 1.11094 0.45199 29.61098
4.47396 24.42468 1.13066 0.40563 29.60077
4.16649 24.64853 1.15305 0.4025 29.65484
4.11674 24.32418 1.11169 0.40546 30.07944
4.20605 24.58933 1.16226 0.45913 29.63274
4.21847 24.8061 1.20971 0.44396 29.35717
4.08129 24.71106 1.15935 0.4074 29.66499
3.93626 25.00012 1.05093 0.38722 29.65079
3.953 25.11452 1.0792 0.42234 29.45952
3.93836 25.13277 1.0898 0.46168 29.40512
3.76045 25.10065 1.05734 0.42795 29.66983
4.03431 24.61689 1.09675 0.44042 29.83588
4.22799 24.33412 1.12865 0.4198 29.91295
4.32513 24.07672 1.07205 0.46988 30.09023
4.18877 24.65885 1.0297 0.43131 29.71454
4.22573 24.40431 1.01092 0.47765 29.91777
4.15455 24.51117 1.0795 0.43266 29.85319
4.2119 24.53639 1.15946 0.45163 29.67307
4.20371 24.88397 1.11177 0.39669 29.43414
4.27799 24.71081 1.07697 0.4162 29.55658
4.02204 24.76072 1.10143 0.39162 29.7564
4.06983 24.71119 1.07763 0.44776 29.72993
4.11379 24.77598 1.05513 0.4096 29.67623
4.04574 24.63203 1.0748 0.38601 29.8811
4.1984 24.5878 1.10572 0.42681 29.70572
4.18966 24.66744 1.07864 0.38875 29.70417
4.23029 24.24354 1.16204 0.39727 29.98865
4.2812 24.0241 1.14542 0.42947 30.14428
4.10176 24.50678 1.11307 0.4251 29.87325
3.96501 24.81151 1.13682 0.37698 29.72658
3.9582 24.48589 1.13028 0.42385 30.02576
3.98171 24.49889 1.0914 0.4153 30.03778
4.22757 24.60142 1.06162 0.42696 29.72069
4.19264 24.58084 1.13721 0.41063 29.70981
4.19339 24.60641 1.07819 0.41211 29.74103
4.35965 24.16092 1.13508 0.34438 30.02331
3.9719 24.29973 1.10093 0.37059 30.2749
3.99372 24.567 1.07543 0.35606 30.0281
4.17067 24.62056 1.10274 0.4075 29.72503
4.05864 24.55421 1.06919 0.34687 29.98908
4.1444 24.63271 1.1121 0.35954 29.77094
4.17926 24.79431 1.06973 0.35299 29.62032
3.96738 24.58608 1.06545 0.37248 30.02264
4.00152 24.21845 1.09892 0.33621 30.35696
4.09297 24.43197 1.03876 0.3472 30.10006
4.00993 24.61332 1.08654 0.38277 29.92295
4.22295 24.45725 1.03086 0.37689 29.93188
4.07661 24.2647 1.05491 0.39838 30.21933
4.07604 24.34891 0.98155 0.41927 30.18701
4.20494 24.26144 1.0784 0.3727 30.09931
4.30354 24.85369 1.11414 0.43488 29.3163
4.01366 24.59408 1.10713 0.38109 29.92062
4.10438 24.58997 1.10476 0.38811 29.82979
4.06315 24.7883 1.06059 0.37729 29.72914
3.91094 24.76038 1.03665 0.36886 29.93805
3.82561 24.79432 1.08738 0.39901 29.91261
3.93489 24.5917 1.02318 0.37747 30.08467
3.90799 24.24219 1.06006 0.38731 30.4122
3.90764 24.53022 1.02146 0.38932 30.16488
4.08228 24.71591 1.06078 0.40478 29.75448
4.18141 24.44766 1.21462 0.41526 29.75823
4.21006 24.32731 1.13059 0.38365 29.96394
4.22899 24.64827 1.08836 0.37259 29.6722
4.28144 24.7538 1.0793 0.41916 29.48348
4.20485 24.63571 1.07322 0.38195 29.71592
4.04811 24.38555 1.01913 0.39176 30.16921
3.99342 24.91376 1.03845 0.3633 29.70947
4.03212 24.75771 1.06589 0.42027 29.73605
4.05847 24.8739 1.04343 0.41094 29.62968
3.9545 24.47564 1.01069 0.39828 30.17188
4.11279 24.82469 1.066 0.43954 29.57063
4.18618 24.84953 1.02977 0.40471 29.54119
4.16922 24.586 1.0355 0.37027 29.85512
4.00754 24.72453 1.05366 0.41773 29.81059
4.00553 24.98655 1.04879 0.40586 29.56928
4.05968 25.06953 1.07653 0.44334 29.36715
4.11913 24.95882 1.12738 0.43493 29.37033
3.98999 24.56919 1.05933 0.4891 29.91105
4.04548 24.68441 1.088 0.48992 29.71178
3.94535 24.71451 1.11611 0.44218 29.79281
3.84251 24.48297 1.0714 0.40782 30.20384
3.89182 24.94132 1.03654 0.40347 29.73722
4.0036 24.94116 1.00583 0.44327 29.61933
4.08413 24.51734 1.08591 0.47276 29.85211
4.06008 24.32499 1.06204 0.45881 30.1105
4.03915 24.77662 1.06966 0.47658 29.65765
4.08302 24.31299 1.08928 0.42144 30.11286
4.23945 24.72357 1.12767 0.48839 29.44701
4.01776 24.25576 1.02097 0.4581 30.27096
4.21481 24.50091 1.01671 0.50617 29.78712
4.21738 24.54545 0.97428 0.49548 29.79643
4.08309 24.73243 1.00061 0.44956 29.75483
4.00965 24.5671 1.01664 0.42498 30.00858
4.0587 24.61135 1.06355 0.40727 29.88008
4.06901 24.6285 1.0406 0.41577 29.8683
4.19391 24.9646 1.04157 0.4439 29.38517
4.13253 24.59225 1.00702 0.42587 29.86954
3.86788 24.83758 0.99792 0.42705 29.88907
4.01354 24.87642 1.03812 0.41158 29.67851
4.08081 24.74443 1.09807 0.44438 29.66499
3.97421 24.9847 1.0989 0.42377 29.54241
3.92264 24.79196 1.09913 0.36042 29.8452
4.00596 24.74107 1.0525 0.3657 29.85476
4.07156 25.01064 1.08675 0.38499 29.46667
3.99728 24.70479 1.12606 0.31771 29.8677
4.1785 24.64312 1.15499 0.3672 29.67536
4.13354 24.25502 1.08079 0.35967 30.18633
4.14066 24.23004 1.10907 0.35154 30.18287
4.21865 24.40198 1.14939 0.36167 29.88333
4.16863 24.54871 1.1017 0.35439 29.84639
4.06875 24.55753 1.08623 0.36811 29.94365
3.99297 24.61862 1.11706 0.36156 29.92647
4.41305 24.2905 1.15027 0.39492 29.77479
4.29082 24.66237 1.13064 0.38799 29.56195
4.22334 24.82195 1.13038 0.38064 29.46808
4.00193 24.99712 1.11701 0.37884 29.53021
4.03786 24.99821 1.09355 0.41441 29.48182
4.10735 24.78647 1.11052 0.38574 29.63667
4.21731 24.51868 1.12989 0.37969 29.77486
4.29836 24.49281 1.08373 0.37413 29.77253
4.08624 24.93762 1.03954 0.39835 29.56288
4.17302 24.79442 1.0248 0.41617 29.61024
4.11559 24.8963 1.0614 0.45528 29.49532
4.09882 24.78181 1.01504 0.4461 29.68178
4.04877 25.10134 1.11054 0.47894 29.28547
4.1103 24.97538 1.10487 0.45592 29.37558
4.22508 24.56671 1.18754 0.45779 29.58544
4.16434 24.53645 1.09404 0.41852 29.80409
4.15045 24.85918 1.08795 0.45475 29.47205
4.13503 24.59715 1.11624 0.44897 29.72579
4.21568 24.74728 1.10518 0.43999 29.51099
4.30343 24.7628 1.0849 0.46994 29.39848
4.22585 24.22076 1.16439 0.46191 29.95273
4.25479 24.06088 1.09073 0.49405 30.12625
4.40478 24.00853 1.13208 0.48256 29.99731
4.12694 24.57694 1.10188 0.44957 29.76095
4.13622 24.55794 1.09785 0.48372 29.7419
4.17841 24.42679 1.06456 0.42997 29.91908
4.27759 24.34415 1.05517 0.39573 29.9444
4.43879 24.44401 1.14729 0.42922 29.57165
4.4349 24.81846 1.0979 0.43516 29.24987
4.38284 24.8348 1.03337 0.42529 29.35737
4.19097 24.95461 1.01987 0.42432 29.43698
4.09816 24.96183 1.0505 0.42512 29.48848
4.0697 24.90185 1.06641 0.39667 29.59203
4.28906 24.47124 1.0764 0.37366 29.8079
4.0752 24.42928 1.09501 0.38012 30.04019
4.03371 24.78891 1.06464 0.35188 29.77515
4.16573 24.7015 1.05429 0.46311 29.63998
4.09267 24.77943 1.04042 0.54898 29.57051
3.98636 25.06602 0.97001 0.53531 29.46843
4.16836 24.3804 1.03508 0.51449 29.93035
3.8765 24.5823 1.0658 0.46845 30.02646
3.99465 24.69012 1.07525 0.5786 29.73121
4.00736 24.49905 1.1548 0.58984 29.81018
4.26463 24.52874 1.14162 0.57524 29.55063
4.29939 24.44273 1.1175 0.55128 29.64615
4.27509 24.41883 1.0566 0.55927 29.75933
4.1834 24.71883 1.08102 0.66336 29.45872
4.38617 24.623 1.1309 0.58541 29.34728
4.25683 24.51757 1.1234 0.54768 29.60753
4.14486 24.92521 1.07511 0.54056 29.38079
4.25363 24.68412 1.09798 0.4893 29.51962
4.25642 24.58136 1.08596 0.46687 29.65302
4.24254 24.77316 1.11214 0.52384 29.40473
3.94415 24.52629 1.0523 0.5296 30.00053
4.04534 24.63108 1.1175 0.49456 29.75847
4.05838 24.42064 1.11246 0.53202 29.93428
4.069 24.53078 1.11105 0.46694 29.87321
4.21126 24.61383 1.09219 0.5601 29.58391
4.09829 24.12515 1.09038 0.50542 30.22526
4.14879 24.17811 1.09021 0.52108 30.12115
4.2795 24.4233 1.05497 0.57591 29.74439
3.97984 24.3624 1.08899 0.51053 30.11578
4.09626 24.85882 1.0742 0.47181 29.54973
4.05801 24.65387 1.01761 0.48739 29.84186
4.23431 24.72131 1.04542 0.53545 29.53405
4.06558 24.88668 1.00464 0.53447 29.5711
3.98685 24.5012 1.03096 0.4462 30.06601
4.13073 24.69757 1.05076 0.56037 29.60755
4.02723 24.88031 1.06346 0.50065 29.56081
3.91285 24.60277 1.09692 0.46761 29.95046
4.01643 24.74299 1.13535 0.50231 29.63523
4.05436 24.75062 1.1462 0.54659 29.54634
4.05264 24.25809 1.19447 0.50811 30.0276
3.92535 24.31034 1.14165 0.59439 30.0882
3.96295 24.38158 1.19546 0.55217 29.96258
3.99178 24.82708 1.15302 0.60878 29.48824
4.24984 24.5259 1.09835 0.51833 29.66673
4.0663 24.66463 1.07989 0.47589 29.7537
4.16057 24.72209 1.0572 0.46277 29.63646
4.14257 24.83859 1.01681 0.42432 29.61455
4.05603 25.21512 1.10945 0.44401 29.2208
4.2577 25.15236 1.14746 0.49161 29.00789
4.16486 24.55679 1.14687 0.44673 29.72742
4.07551 24.54079 1.14328 0.50398 29.79344
4.22218 24.22437 1.10519 0.5096 29.99445
4.0957 24.40301 1.0751 0.50675 29.97369
4.18305 24.81999 1.04675 0.5462 29.46906
4.12426 24.95549 1.06622 0.49547 29.4053
4.09644 24.32822 1.07182 0.43348 30.09504
4.17635 24.33331 1.12602 0.4768 29.9227
4.16173 25.00187 1.09027 0.44836 29.33802
4.18861 24.87412 1.15313 0.45354 29.37602
4.0282 24.70347 1.08267 0.43794 29.78694
4.20876 24.46401 1.09159 0.48307 29.79568
4.06368 24.49783 1.13798 0.49293 29.85101
4.12396 24.76955 1.13685 0.42889 29.57958
4.28453 24.46598 1.1142 0.37412 29.78496
4.22561 24.66913 1.06415 0.35536 29.7084
4.09896 24.33082 1.08509 0.40276 30.11359
4.12455 24.11516 1.05179 0.4041 30.33088
4.14797 24.66506 1.11268 0.46593 29.65587
4.24647 24.58225 1.1165 0.48058 29.62179
4.24823 24.44695 1.15039 0.46895 29.72601
4.15249 24.31218 1.15102 0.46999 29.94442
4.01142 24.71183 1.08332 0.46967 29.76217
4.01387 24.61141 1.19175 0.47491 29.7444
4.06826 24.65135 1.1988 0.54997 29.59068
3.93746 24.71424 1.16679 0.49796 29.72845
4.04561 24.65641 1.127 0.4991 29.72193
3.9747 24.32835 1.10284 0.49585 30.14965
4.03648 24.17951 1.22453 0.4683 30.13445
4.08681 24.49674 1.14228 0.50864 29.82379
4.11014 24.18818 1.07124 0.51088 30.18478
4.06882 24.29488 1.05272 0.49082 30.13621
4.13999 24.49816 1.05169 0.67758 29.73851
4.04775 24.51918 1.04816 0.60715 29.84929
4.34423 24.48007 1.12773 0.67818 29.45586
4.25323 24.40539 1.09449 0.58171 29.72325
4.27193 24.57812 1.20919 0.58774 29.39992
4.29959 24.56131 1.10364 0.61873 29.48295
4.09347 24.97623 1.13457 0.68174 29.21885
3.95157 24.55109 1.11964 0.6018 29.85584
3.93291 24.80027 1.1038 0.54354 29.67906
3.99694 25.1098 1.05853 0.62356 29.28273
3.9733 24.81454 1.04785 0.58384 29.63572
4.09287 24.74299 1.09757 0.54649 29.57752
4.11829 25.03071 0.99824 0.48033 29.40679
3.91553 25.04714 1.06098 0.53603 29.49011
3.85915 25.1515 0.98906 0.52884 29.5182
4.00649 25.01875 1.05487 0.53437 29.45108
4.1108 25.05285 1.08963 0.62343 29.20387
4.21959 24.7276 1.13022 0.55459 29.4498
4.12569 24.78394 1.12147 0.62327 29.43935
4.09163 24.37043 1.11518 0.46873 30.00447
4.06722 24.70682 1.08012 0.51349 29.69388
4.00023 24.56331 1.13799 0.48276 29.86427
4.20111 24.26389 1.15582 0.51634 29.90719
4.16372 24.68898 1.13874 0.5318 29.52204
4.00729 24.39697 1.08367 0.62087 29.95894
3.95615 24.55642 1.03351 0.57732 29.92393
3.86784 24.59024 1.04651 0.61638 29.92829
3.95849 24.88614 1.05267 0.59566 29.56219
3.9593 24.80731 0.97665 0.62317 29.68155
3.9937 24.59276 1.03447 0.78938 29.68756
4.12749 24.5643 1.06878 0.80048 29.53899
4.03875 24.61351 1.01207 0.75096 29.66922
4.05051 24.7696 1.023 0.67693 29.53689
4.00086 24.62239 1.04795 0.56313 29.80879
3.91171 24.71009 1.10396 0.51855 29.79204
3.92247 24.31217 1.11244 0.50206 30.19077
4.20318 24.09584 1.16408 0.64057 29.96283
4.04771 24.35516 1.0677 0.49573 30.07341
4.15507 24.05803 1.13229 0.56516 30.1519
4.15784 24.59349 1.1364 0.516 29.64514
4.05639 24.46717 1.10265 0.46522 29.96023
4.15193 24.58125 1.07413 0.45102 29.78935
4.16821 24.71764 1.10716 0.52638 29.53091
4.13429 24.54177 1.05908 0.50319 29.81936
4.27905 25.09184 1.0835 0.50381 29.08367
4.21319 25.01246 1.07698 0.57191 29.18931
4.26334 24.68028 1.07958 0.55436 29.49274
4.37726 24.79637 1.10849 0.52409 29.24733
4.18376 24.76465 1.02233 0.49915 29.57146
4.34889 24.16184 1.07308 0.48781 29.96738
4.16386 25.01545 1.09056 0.49116 29.27866
4.10668 24.99686 1.07877 0.49096 29.3579
4.1847 24.71167 1.09049 0.47177 29.57471
4.14676 24.74372 1.11664 0.50648 29.52266
4.01032 24.86919 1.08186 0.53681 29.54594
4.13372 24.26837 1.06835 0.53246 30.04293
4.08755 24.32668 1.02244 0.48989 30.12913
4.15084 24.61076 1.01416 0.48542 29.80081
4.23511 24.65094 0.98591 0.55541 29.66048
4.06771 24.51881 1.03943 0.66906 29.8225
4.11308 24.64709 1.11706 0.63232 29.58745
4.02488 24.70027 1.15111 0.55583 29.62961
4.08018 24.47259 1.14495 0.63202 29.75803
4.23094 24.60718 1.12822 0.54832 29.546
4.24333 25.05056 1.10398 0.71267 28.99471
4.13723 24.49879 1.03317 0.7492 29.69225
4.26935 24.73505 1.06476 0.584 29.41777
4.18008 24.94976 1.05398 0.58417 29.29364
4.18753 24.72282 1.03992 0.60967 29.50415
4.08593 24.64103 1.05262 0.5148 29.74408
4.15552 24.42638 1.10895 0.49866 29.83909
4.20841 24.6447 1.09422 0.59808 29.51998
4.08016 24.58297 1.08638 0.52171 29.77181
4.02358 24.44127 1.11665 0.49678 29.96389
4.1348 24.57098 1.10447 0.5192 29.71802
4.1551 24.68813 1.07479 0.58396 29.55286
4.30603 25.00051 1.1296 0.65533 28.99389
4.12764 24.49426 1.07169 0.45807 29.89112
4.16956 24.92193 1.10924 0.5387 29.32197
3.91069 25.10464 1.07046 0.55351 29.42866
4.04286 24.45628 1.09146 0.54029 29.91875
4.17151 24.76941 1.11165 0.51541 29.48233
3.92945 24.93571 1.0855 0.47542 29.61256
4.12344 24.98429 1.05556 0.47356 29.39996
4.15356 24.28004 1.15243 0.49276 29.9557
4.01245 24.70513 1.08635 0.46299 29.75714
3.90472 24.62366 1.06968 0.55594 29.88723
3.88501 24.58712 1.05271 0.53325 29.98563
3.81864 24.81915 0.97261 0.51809 29.91489
3.7854 24.80695 1.05063 0.6534 29.77891
3.93487 24.54636 1.04377 0.65495 29.89832
4.0773 25.12903 1.0045 0.62152 29.22791
4.08773 25.0938 1.06314 0.5638 29.25028
4.2104 24.42776 1.12801 0.56807 29.71619
4.26116 24.24949 1.16505 0.62877 29.76046
4.14175 24.50178 1.14073 0.60636 29.6634
4.13971 24.69845 1.08483 0.60128 29.54371
3.98577 24.75489 1.01271 0.51659 29.77157
4.20998 24.20596 1.0187 0.5429 30.06787
4.09503 24.12997 1.06942 0.58941 30.1652
4.12023 24.27138 1.07866 0.60898 29.9677
4.04204 24.50297 1.05977 0.51916 29.90645
4.07469 24.42911 1.06937 0.6296 29.85457
3.93882 24.61904 1.04249 0.58543 29.85449
4.03366 24.48052 1.10662 0.58324 29.85022
4.0585 24.58459 1.13155 0.49007 29.78166
3.91627 24.42474 1.1071 0.42385 30.15688
3.92933 24.43907 1.07834 0.43387 30.14339
4.25555 24.94701 1.07321 0.48395 29.27861
4.16973 24.48174 1.06734 0.57452 29.76681
4.00355 24.596 0.99713 0.49143 29.94387
4.11984 24.52905 1.03415 0.46753 29.8776
4.15174 24.32588 1.08542 0.50486 29.96536
4.34035 24.51813 1.04253 0.50487 29.63121
4.27033 24.64158 1.05578 0.64413 29.45455
4.35666 24.43012 1.09566 0.58005 29.59738
4.26554 24.64885 1.07691 0.52991 29.52053
4.20131 24.55137 1.11729 0.46045 29.70414
4.21932 24.65262 1.15866 0.4596 29.54752
4.2135 24.45589 1.15343 0.42552 29.78704
4.13172 24.37428 1.09235 0.47557 29.9708
4.07117 24.32287 1.14833 0.48116 30.0268
4.18262 24.67745 1.0931 0.47869 29.6222
4.09727 24.9268 1.12644 0.48856 29.40411
4.11102 24.98294 1.14025 0.52292 29.30121
3.87763 24.92847 1.09619 0.41159 29.72077
4.16445 24.4786 1.07634 0.41267 29.9015
3.80632 24.8753 1.04515 0.39921 29.9043
3.73697 24.97217 1.04641 0.39349 29.87452
3.87377 25.03757 1.08198 0.39979 29.63401
4.00973 24.5137 1.13129 0.37421 30.00393
4.10796 24.59727 1.10484 0.41427 29.82331
3.98986 24.61446 1.10312 0.42052 29.91074
4.08808 24.67433 1.11858 0.49038 29.68172
4.01466 24.86327 1.07797 0.48862 29.59504
3.89856 24.70529 1.06614 0.4692 29.89651
4.13754 24.72389 1.07211 0.50934 29.61083
4.00769 24.71796 1.08904 0.53039 29.70381
4.15287 24.66658 1.10531 0.55025 29.57927
4.0714 24.69144 1.04558 0.53815 29.707
4.04134 24.64214 1.07761 0.45352 29.81211
4.07488 24.75881 1.13361 0.44561 29.61645
4.01914 24.4933 1.06383 0.39966 30.04076
4.26766 24.4032 1.13581 0.41804 29.79794
4.33576 24.45596 1.14411 0.4501 29.63984
3.95756 24.27457 1.07811 0.40525 30.30742
4.13094 24.72571 1.07044 0.44824 29.65747
3.96998 24.73617 1.11964 0.45976 29.75441
4.06885 24.46487 1.06683 0.44216 29.98278
4.17845 25.03655 1.10739 0.54211 29.19383
4.1882 24.92673 1.11271 0.52677 29.29292
4.25771 24.54219 1.09175 0.52048 29.63432
4.09457 24.46969 1.10931 0.48494 29.8758
4.18326 24.69746 1.06677 0.44213 29.63408
3.90244 24.38325 1.0814 0.46074 30.2025
3.90148 24.64998 1.08753 0.48838 29.91235
4.08176 24.72826 1.06962 0.59261 29.59154
3.98737 24.6639 1.01929 0.50446 29.86024
4.08311 24.48638 1.03571 0.45496 29.97193
4.00087 24.28899 1.08942 0.51999 30.1386
3.93899 24.9791 1.01526 0.56729 29.53921
4.06545 24.83223 1.01036 0.58898 29.54619
4.05903 24.93511 1.02317 0.56892 29.44795
3.93603 24.70302 1.02119 0.49924 29.87405
4.12839 24.23192 1.09798 0.50935 30.06595
4.14508 24.57357 1.02841 0.54595 29.75571
4.20755 24.33449 1.09622 0.51488 29.89133
4.35373 24.45771 1.1286 0.5224 29.58877
4.14134 24.73302 1.05858 0.47142 29.62452
4.37661 24.4359 1.09868 0.45373 29.65806
4.24923 24.76586 1.12357 0.44442 29.44224
4.18576 24.75599 1.0735 0.49232 29.53004
4.0085 24.31614 1.08084 0.52023 30.10518
4.27254 24.46461 1.11558 0.54477 29.63811
4.19931 24.24458 1.16974 0.533 29.88213
4.31254 24.16234 1.10483 0.52407 29.92995
4.04512 24.58075 1.05683 0.42596 29.90884
4.01307 24.74262 1.05714 0.50805 29.70833
4.01741 24.58933 1.0137 0.42317 29.97558
3.97222 24.48617 1.0764 0.43631 30.0499
4.00023 24.49521 1.0491 0.4159 30.06152
3.92084 24.6168 1.02044 0.39672 30.06642
4.09416 24.20543 1.07175 0.40036 30.24694
3.9875 24.48363 1.14427 0.40977 29.99198
4.20933 24.51631 1.14225 0.48362 29.67423
4.05515 24.25078 1.12901 0.43447 30.15285
4.16696 24.99077 1.15347 0.47183 29.24215
3.9497 24.87797 1.1433 0.44825 29.60115
4.14351 24.67255 1.08798 0.46182 29.66119
4.15169 24.49307 1.02177 0.51171 29.84556
3.98905 24.66824 1.01767 0.44297 29.902
3.97907 24.82298 1.00827 0.43311 29.77611
4.0808 24.51202 1.04205 0.47438 29.91295
4.17699 23.99782 1.06674 0.4744 30.30654
4.3091 24.06756 1.15569 0.4381 30.05301
4.15027 24.03335 1.1401 0.44947 30.24756
4.36918 24.27916 1.16955 0.57676 29.64416
4.12094 24.34203 1.11451 0.53903 29.91608
4.27099 24.52014 1.09892 0.56785 29.58644
3.99254 24.78533 1.08112 0.56979 29.5986
4.00546 24.37107 1.08729 0.57363 29.99366
4.17971 24.68216 1.14347 0.51915 29.50954
4.01781 24.63206 1.10091 0.44038 29.83048
3.9609 24.82553 1.0867 0.44176 29.70414
4.09917 25.10663 1.0496 0.42068 29.3412
4.31723 25.24395 1.0905 0.4716 28.90779
4.15438 24.93022 1.05528 0.48281 29.41185
4.16719 24.60179 1.03677 0.423 29.78996
4.07868 24.76591 1.02722 0.4557 29.70055
3.93006 25.1691 1.02917 0.45315 29.4475
4.15137 24.5816 1.06279 0.40677 29.81633
4.12718 24.75488 1.12188 0.37196 29.64102
4.1325 24.65123 1.07408 0.39907 29.77278
3.95406 24.48152 1.05286 0.38208 30.14847
4.17513 24.23307 1.17008 0.41524 30.03696
4.26599 24.52728 1.1073 0.39176 29.74851
4.28828 24.91574 1.10185 0.40673 29.32763
4.04528 24.53582 1.13191 0.38859 29.93208
4.22503 24.61094 1.12938 0.39421 29.67178
4.25302 24.95442 1.0578 0.46323 29.31813
4.13281 24.74102 1.08448 0.43822 29.6427
4.08448 24.72854 1.07159 0.40748 29.73521
4.2877 24.46775 1.0975 0.46448 29.715
4.12185 24.49532 1.08358 0.45068 29.87873
4.05619 24.63893 1.10919 0.42585 29.80209
4.08719 24.88487 1.07912 0.43754 29.54418
4.1903 24.53962 1.1095 0.4813 29.71835
4.09869 24.40866 1.04475 0.4602 30.01589
3.94893 24.82572 1.0294 0.47623 29.7509
4.00044 24.79241 1.02878 0.48768 29.71906
3.88002 24.98813 0.98607 0.50401 29.67436
4.02641 24.30452 1.01856 0.48328 30.20162
4.21424 24.44991 1.05496 0.47521 29.84581
4.35996 24.63413 1.04611 0.47143 29.53327
4.36137 24.39477 1.06794 0.4824 29.73817
4.19753 24.92801 1.0432 0.43756 29.43347
4.35775 24.4676 1.11082 0.49183 29.60337
4.12585 24.40425 1.1501 0.48581 29.87308
4.08619 24.11493 1.13081 0.46983 30.22084
4.09207 24.57702 1.16166 0.54902 29.67618
4.25745 24.31053 1.11502 0.51691 29.83701
4.30002 24.42963 1.06259 0.49485 29.7585
4.08015 24.80257 1.10286 0.48434 29.57341
4.24518 24.34711 1.13064 0.42814 29.88192
4.0665 23.96469 1.04918 0.44442 30.52173
4.19417 24.55567 1.05047 0.44201 29.804
3.85592 24.39187 1.03029 0.39354 30.36327
4.27012 24.8003 1.04241 0.4032 29.52867
3.99348 24.72251 1.07 0.38526 29.8621
4.21006 24.67779 1.18988 0.36609 29.58607
4.26052 24.29984 1.16131 0.3708 29.9442
4.27455 24.6824 1.07589 0.3979 29.60411
4.34622 24.71635 1.10352 0.39889 29.46777
4.1545 24.57908 1.11415 0.40512 29.77297
4.29605 24.52606 1.08316 0.4262 29.69481
4.2497 24.70443 1.0564 0.43401 29.58384
4.17764 24.75714 1.07292 0.40145 29.62326
4.15244 24.247 1.07158 0.43246 30.12683
4.15936 24.69714 1.07896 0.40569 29.69313
4.04501 24.29259 1.10937 0.43202 30.1509
4.04784 24.64087 1.08375 0.46779 29.80362
4.24941 24.45276 1.13025 0.44106 29.77213
4.17148 24.36756 1.16822 0.40608 29.92705
4.12722 24.6411 1.04112 0.3984 29.8221
4.11646 24.61099 1.06252 0.40386 29.85336
4.09252 24.78517 1.09384 0.46123 29.61583
4.10196 24.56617 1.0945 0.45323 29.83156
4.0633 24.56264 1.17445 0.42946 29.8156
4.23522 24.70445 1.18806 0.5034 29.4067
4.28231 24.61285 1.18093 0.50078 29.45597
4.43703 24.20432 1.14049 0.51948 29.73613
4.3051 24.37314 1.12175 0.51818 29.72368
3.99211 24.30161 1.07906 0.49154 30.16423
4.2026 24.6755 1.04312 0.46783 29.63627
4.17896 24.27489 1.08927 0.49438 29.98768
4.03996 25.0329 1.02924 0.46764 29.46358
4.00559 24.69001 1.02117 0.51047 29.80459
4.24272 24.25633 1.0032 0.50549 30.02359
4.2152 24.39725 1.04602 0.54411 29.84395
4.17114 24.58317 1.04162 0.63067 29.62586
4.11874 24.4622 1.08816 0.63967 29.75259
4.05634 24.8632 1.0377 0.58975 29.51513
4.23643 24.34262 1.14826 0.51977 29.80861
4.20242 24.4118 1.02067 0.47953 29.91902
4.3844 24.69118 1.102 0.46959 29.39343
4.18318 24.1106 1.07964 0.46947 30.19626
4.38322 24.21387 1.13109 0.49011 29.82109
4.33425 24.44428 1.09787 0.41748 29.73478
4.24626 24.66284 1.08904 0.40655 29.62096
4.03701 24.47465 1.04013 0.40244 30.0684
3.88577 24.65787 1.01188 0.46109 30.01359
4.0587 24.70918 0.96191 0.47479 29.82773
3.9498 24.73711 1.02042 0.45542 29.86465
4.05056 24.65481 1.00384 0.41949 29.9
4.20222 24.7924 1.03229 0.4512 29.54576
4.14873 24.96876 1.0449 0.47116 29.39147
4.11314 25.12726 1.07887 0.46321 29.2457
3.99801 24.91022 1.09128 0.46761 29.57629
4.03951 24.63873 1.06315 0.43352 29.86807
4.02566 24.83834 1.06802 0.42855 29.67674
4.24733 24.2298 1.1367 0.48483 29.95305
4.34345 24.60494 1.15019 0.58476 29.38209
4.24005 24.67767 1.11784 0.5227 29.48515
4.32321 24.29383 1.16804 0.52567 29.72516
4.21477 24.48334 1.1273 0.57637 29.64298
4.02251 24.31124 1.11901 0.51562 30.05758
4.0395 24.44309 1.12647 0.61607 29.81939
4.11016 24.35821 1.12161 0.51989 29.92035
4.12194 24.47554 1.10959 0.53984 29.78937
4.088 24.68033 1.13577 0.49454 29.63493
4.16716 24.50098 1.0563 0.52272 29.80074
4.23222 24.67559 1.06964 0.49506 29.56643
4.24487 24.39381 1.092 0.43584 29.85599
4.20699 24.34279 1.13676 0.40579 29.93
4.12345 24.34829 1.09679 0.48041 29.98156
4.38324 24.38613 1.06721 0.59152 29.62277
4.31365 24.54246 1.11442 0.50867 29.55528
4.04261 24.87995 1.08567 0.4586 29.56186
3.9727 24.69087 1.17313 0.44642 29.7398
4.03402 24.25974 1.19152 0.49384 30.06621
4.09033 24.18077 1.16218 0.51458 30.09022
4.0209 24.64872 1.05562 0.51133 29.79206
4.12483 24.73814 1.08092 0.49069 29.59049
3.98644 24.59993 1.08537 0.48037 29.8699
4.09169 24.65988 1.10158 0.47116 29.70013
4.17042 24.39418 1.15729 0.43661 29.86955
4.33161 24.34038 1.16395 0.40546 29.78138
4.38234 24.40197 1.14379 0.49826 29.61431
4.31454 24.53488 1.09253 0.44263 29.64511
4.18386 24.99124 1.21773 0.41634 29.21714
4.22445 25.00583 1.19008 0.43823 29.16612
4.043 25.00545 1.16369 0.38722 29.4147
3.97908 24.46035 1.1599 0.44303 29.97576
3.80548 24.92757 1.08804 0.45822 29.74035
4.06422 24.41137 1.11592 0.4092 30.01282
4.11225 24.80462 1.09293 0.39598 29.61607
4.14271 24.84466 1.09903 0.43263 29.50729
4.19707 24.36665 1.03846 0.419 29.99916
4.05491 24.4263 1.10089 0.46349 29.98716
3.96041 24.53055 1.09916 0.4283 30.00845
4.20616 24.25629 1.14699 0.47634 29.94639
3.91145 24.83488 1.07036 0.49696 29.71944
4.14466 24.36865 1.04331 0.48573 29.98384
4.01308 24.62283 1.04835 0.57794 29.77503
4.19388 24.86193 1.08593 0.59193 29.30843
4.07001 24.62626 1.114 0.56206 29.65988
4.29621 24.58226 1.15347 0.58818 29.42443
4.15609 24.48245 1.14391 0.55842 29.6846
4.14889 24.57282 1.15711 0.55785 29.59025
4.0205 24.78629 1.13262 0.5334 29.5489
3.92641 24.92815 1.11076 0.53201 29.53254
3.90316 24.60421 1.08236 0.5134 29.92385
3.98208 24.45996 1.09575 0.58144 29.91836
3.95548 24.87329 1.05876 0.58373 29.57115
4.04408 24.87494 1.00412 0.57901 29.54125
4.00257 24.42359 0.98498 0.48445 30.12918
4.18473 24.40275 1.07388 0.49105 29.87952
4.10914 24.57603 1.05436 0.54071 29.76463
4.01894 24.68586 1.05692 0.58029 29.70361
4.07355 24.4534 1.0759 0.53624 29.9016
4.48379 24.52381 1.09452 0.5917 29.35951
4.11948 24.16274 1.08846 0.4953 30.16995
4.24469 24.35758 1.09184 0.58255 29.7826
4.2432 24.54879 0.98328 0.54685 29.7224
4.11908 24.57059 1.00009 0.47123 29.86846
4.06495 24.20104 0.99666 0.46222 30.30952
4.13456 24.50847 1.02896 0.4965 29.87335
4.08521 24.99647 0.9986 0.47208 29.483
4.07537 24.75284 1.02758 0.48806 29.69018
3.95739 24.80227 1.06506 0.66192 29.56772
4.21264 24.95455 1.07331 0.59663 29.20901
4.12409 25.18333 1.11412 0.56834 29.04582
4.00418 25.00566 1.07494 0.61061 29.36006
3.90926 24.95912 1.05315 0.50441 29.61591
4.07108 24.89521 1.09508 0.5978 29.40952
4.08929 24.43377 1.03179 0.60919 29.90505
4.10279 24.43125 1.07952 0.5268 29.89929
4.06608 24.28182 1.08512 0.50934 30.09603
4.02074 24.41151 1.01003 0.50847 30.07793
3.86297 24.65767 1.03057 0.49697 29.98184
4.06704 24.85752 1.01449 0.52714 29.56754
4.08806 25.22093 1.06111 0.54839 29.11532
4.13723 24.7458 1.15393 0.56365 29.43453
4.17993 24.63972 1.16807 0.49767 29.54905
4.14072 24.58639 1.14603 0.48047 29.67366
4.01678 24.57646 1.1175 0.51083 29.8121
4.06432 24.32769 1.14192 0.55183 29.95641
4.02778 24.22676 1.14949 0.56723 30.07782
4.08705 24.48295 1.14091 0.66476 29.67959
4.19213 24.6173 1.12265 0.64467 29.47557
3.96823 24.47537 1.14564 0.60201 29.84777
4.32169 24.02927 1.06596 0.60794 30.01589
4.17405 24.24463 1.04801 0.60637 29.96063
4.33047 24.04261 1.08722 0.54164 30.0262
4.33526 24.4847 1.1301 0.5076 29.57335
4.25471 24.83423 1.10636 0.45362 29.37881
4.08174 24.21194 1.13434 0.49709 30.1118
4.13632 24.51632 1.16588 0.51656 29.70692
4.26363 24.59322 1.18644 0.48276 29.52797
4.23576 24.69133 1.14673 0.50566 29.47526
4.23965 24.51215 1.17707 0.55307 29.59007
4.27073 24.83677 1.08724 0.54401 29.31935
4.29626 24.72584 1.11381 0.59511 29.33049
4.34947 24.42594 1.11788 0.50439 29.65132
4.3857 24.70779 1.09622 0.43955 29.40067
4.25565 24.5597 1.11957 0.44674 29.63994
4.26269 24.52717 1.08267 0.4339 29.72065
4.12915 24.70453 1.07958 0.44216 29.68184
4.09261 24.83852 1.09458 0.48357 29.52722
4.15841 24.79257 1.11113 0.5026 29.46854
4.23698 24.77297 1.14577 0.48848 29.39076
4.08533 24.59605 1.24457 0.47827 29.62107
4.40675 24.84408 1.16964 0.51046 29.10069
4.25709 24.69995 1.15817 0.4331 29.47421
4.1528 24.53951 1.17251 0.42639 29.73156
4.15345 24.53834 1.1551 0.45564 29.72158
4.04657 24.46741 1.19519 0.46352 29.85153
3.98386 24.43951 1.1677 0.41348 30.0147
4.2034 24.87981 1.11949 0.45797 29.3645
4.26977 24.52517 1.11671 0.47422 29.64379
4.09387 24.62711 1.08785 0.48202 29.74053
4.07484 25.00982 1.06725 0.46936 29.41177
4.12261 24.72994 1.0691 0.45633 29.65195
4.31628 25.22733 1.057 0.48871 28.95018
4.14385 24.50608 1.03573 0.41544 29.91581
4.16976 24.28909 1.11441 0.49261 29.96003
4.14361 24.49082 1.14084 0.56295 29.69237
