"V1" "V2" "V3" "V4" "V5"
11.06776 17.46747 4.41034 1.10517 26.10167
10.75635 17.61025 4.39073 0.98459 26.38669
10.85686 17.52646 4.30774 0.91931 26.48471
10.65263 17.94318 4.13807 1.03745 26.33203
10.66282 18.12922 4.25794 1.19207 25.92248
10.84424 17.58882 4.45281 1.05923 26.19704
10.64282 17.6088 4.52253 1.12443 26.2739
10.56351 17.91338 4.29519 1.19227 26.22147
10.71932 17.82656 4.39206 1.08521 26.1168
10.54371 17.748 4.4277 1.11534 26.29292
10.64058 17.71269 4.36931 1.09419 26.30583
10.86511 17.2948 4.45139 1.11165 26.39492
10.4157 17.93664 4.44593 1.07385 26.23413
11.24806 17.27976 4.63381 1.31841 25.66852
11.10318 17.80369 4.2459 1.23859 25.78477
10.89058 17.71477 4.28675 1.3187 26.0202
10.86218 17.39098 4.41679 1.19629 26.29966
11.00283 17.24388 4.47469 1.23045 26.18351
10.62618 17.72543 4.38908 1.16685 26.22686
10.48103 17.57879 4.50191 1.24118 26.37254
10.50371 18.01742 4.33668 1.25279 26.09279
10.62269 17.8136 4.42726 1.10673 26.15868
10.72847 17.55737 4.39481 1.22134 26.24832
10.91352 17.69203 4.29222 1.25002 26.03139
10.89554 17.47278 4.23986 1.15164 26.41929
10.49092 17.93468 4.31785 1.00042 26.37599
10.6681 17.34734 4.65298 0.96928 26.46567
10.8765 17.44694 4.42112 1.02455 26.39186
10.71024 17.4279 4.45553 0.9697 26.53661
10.61569 17.98658 4.43979 1.06062 26.02786
10.71596 17.56716 4.47573 0.94908 26.38481
10.89623 17.57397 4.42601 1.04616 26.18616
10.62501 17.55591 4.51584 1.10437 26.33419
11.15346 17.46593 4.42774 1.09392 26.00205
10.7342 17.8992 4.5749 0.96438 25.92205
10.21559 18.6597 4.47077 1.00337 25.77048
10.57194 18.0407 4.48568 1.14895 25.90593
11.16523 17.55421 4.53524 1.09255 25.78645
11.09187 17.50936 4.64074 1.13678 25.78722
10.81313 17.97482 4.43491 1.15613 25.79232
10.73271 18.2338 4.42008 1.06483 25.68728
10.87462 18.19777 4.45414 1.03397 25.57973
10.48424 18.00221 4.49523 1.01449 26.1141
10.97414 17.98077 4.3707 1.12191 25.69778
11.19256 17.69645 4.42494 1.07413 25.73833
10.83632 18.09154 4.11695 1.03543 26.04643
10.37706 17.98558 4.13172 1.05847 26.55768
10.6787 17.71538 4.38859 0.95178 26.37446
10.81835 17.89236 4.46276 1.00694 25.94603
10.68028 18.16278 4.63474 1.0583 25.59777
10.19331 18.46625 4.33441 0.90869 26.1659
10.55758 17.98172 4.3681 0.89803 26.26215
10.62415 17.50371 4.54198 1.0036 26.43275
10.96317 17.2493 4.4031 1.04755 26.43131
10.92728 17.45859 4.27894 1.07993 26.36647
10.90881 17.3832 4.37711 1.05781 26.38889
10.59305 17.50002 4.42093 1.10821 26.51453
10.46893 17.71436 4.36605 1.06988 26.49322
10.54218 17.8165 4.51977 0.99932 26.23108
10.68076 17.65226 4.50567 0.99461 26.25378
10.60938 17.79107 4.34058 0.97994 26.37356
10.66047 17.6152 4.46213 0.96128 26.42278
10.95173 17.53501 4.45734 1.11049 26.10581
10.4172 18.07617 4.33429 1.13723 26.21061
10.84692 17.70708 4.39672 1.07409 26.12412
10.83319 17.51661 4.28638 1.04997 26.4476
11.0235 17.7771 4.28668 1.09395 25.96685
11.04963 17.37196 4.61742 1.31696 25.85406
11.31377 17.22553 4.54302 1.0777 25.97718
11.36537 16.98796 4.55362 0.98088 26.20327
11.00635 17.16193 4.55649 1.16247 26.24568
10.73135 17.19396 4.52054 1.20964 26.49865
11.09389 17.14383 4.59896 1.09415 26.18344
11.14847 17.44846 4.3733 1.13832 26.00214
10.4889 17.63903 4.45256 0.9812 26.52813
11.02589 17.4837 4.5929 1.0705 25.95209
10.92362 17.76143 4.5358 1.0153 25.86888
10.86885 17.88063 4.47356 0.98688 25.87894
10.87657 17.90899 4.33701 1.00114 25.95442
11.03052 17.42744 4.4098 1.0235 26.19545
10.68262 17.71649 4.47352 1.01612 26.17607
10.70163 18.11075 4.34903 0.96305 25.93641
10.50546 18.13041 4.22171 1.14228 26.08715
10.35744 18.08016 4.28209 1.2433 26.15224
10.53167 18.13399 4.28831 1.06771 26.05881
10.71499 18.10824 4.29786 1.13427 25.83988
10.61049 17.98238 4.37731 1.16529 25.97172
10.45296 18.00575 4.34522 0.99461 26.28328
10.7622 17.93299 4.36278 1.03541 25.98983
10.78731 17.55929 4.50552 1.03994 26.17833
10.72564 17.37007 4.54328 0.87932 26.52848
11.08126 17.66513 4.38741 0.90541 26.02638
10.97645 17.66635 4.51831 0.90638 26.02165
11.05008 17.15861 4.47512 0.83923 26.53383
10.72103 17.51255 4.61332 1.05466 26.19947
10.64608 17.72351 4.51339 1.13662 26.10163
10.59495 17.74944 4.40851 1.16693 26.18328
10.52117 17.87278 4.46716 1.20539 26.06699
10.46657 18.08164 4.40998 1.22255 25.95966
10.61398 17.83187 4.65133 1.18056 25.84303
10.54219 18.04376 4.4638 1.05057 26.00101
10.57678 18.02939 4.36483 1.23113 25.89806
10.64918 17.68197 4.4902 1.1512 26.11081
10.86639 17.4083 4.43311 1.25727 26.15716
10.7229 17.89893 4.49977 1.11184 25.87749
10.42517 17.76922 4.49634 1.16952 26.26801
10.96976 17.76588 4.41567 1.16948 25.85751
10.47433 18.25677 4.18237 1.17983 26.08276
10.56321 18.0818 4.37059 1.41257 25.79286
10.5048 17.84612 4.31489 1.71316 25.95167
10.2284 18.15128 4.24688 1.56279 26.08263
10.30175 17.82286 4.29526 1.33125 26.42383
10.23714 17.76027 4.5371 1.13483 26.45575
10.69105 17.40457 4.65968 1.15621 26.22421
10.75863 17.97812 4.51036 1.17602 25.74598
10.62698 17.95112 4.40677 1.14585 26.03969
10.67017 17.83576 4.28998 1.22189 26.17281
10.62727 17.834 4.49769 1.10178 26.08776
11.01863 17.40652 4.4704 1.14527 26.10437
10.58153 17.77768 4.3442 1.18835 26.23259
10.72415 18.15128 4.33478 1.1643 25.75695
10.7293 17.80178 4.30582 1.26817 26.05572
10.93906 17.68764 4.37063 1.31878 25.85958
10.81811 17.98645 4.3975 1.2918 25.68162
10.8737 17.27489 4.48656 1.12364 26.3784
10.99157 17.24312 4.56874 1.06541 26.2159
10.5936 17.62133 4.35495 1.10387 26.41351
10.83001 17.59104 4.42304 1.09946 26.1565
10.97293 17.66337 4.46664 1.13546 25.87192
10.39446 18.05481 4.52072 1.1763 25.95347
10.52552 18.0269 4.38225 1.07861 26.09039
10.39865 18.25871 4.2993 1.09209 26.04659
11.02352 17.7011 4.29041 0.97731 26.1005
10.96734 17.46332 4.68609 1.01659 25.95958
10.9715 17.69903 4.47337 1.11845 25.8594
10.67545 17.86787 4.37221 1.05814 26.14148
10.47261 17.82836 4.36639 1.05892 26.36683
10.42442 17.29515 4.47365 0.98184 26.9106
10.49439 17.84 4.31081 1.0042 26.45675
10.33105 18.11861 4.44314 1.03098 26.16819
10.4012 17.68131 4.50602 0.99749 26.4822
10.53268 17.67931 4.47459 1.12975 26.28427
10.74451 18.05117 4.37078 1.25103 25.73072
10.75364 17.54848 4.44205 1.38857 26.01719
10.78301 17.97576 4.48355 1.33369 25.57744
10.69585 17.97083 4.27559 1.06539 26.07825
10.78162 17.49142 4.38292 1.15202 26.28648
10.64607 17.5694 4.41549 1.17544 26.29463
10.76898 17.29644 4.6002 1.32743 26.16292
10.75544 17.19564 4.47819 1.20393 26.46734
10.27969 18.07837 4.34688 1.07641 26.30509
10.33877 17.71279 4.40094 1.06436 26.55634
10.71205 17.58784 4.46293 1.03972 26.28632
10.87302 17.6926 4.60754 1.1511 25.81241
10.61333 17.76143 4.44346 1.14812 26.14752
10.49299 17.73035 4.50182 1.1797 26.22515
10.79411 17.49458 4.26498 1.10977 26.45037
11.04639 17.66068 4.22898 1.05121 26.09703
10.724 17.3658 4.57329 1.09551 26.32863
10.52752 18.20471 4.26052 1.19135 25.9592
10.73401 17.88787 4.32756 1.3583 25.88411
10.34794 18.46484 4.31516 1.28265 25.74836
10.62954 17.85434 4.36383 1.4306 25.90429
10.58199 17.89628 4.34731 1.28716 26.04106
11.01777 17.37137 4.23835 1.19296 26.29192
10.95172 17.41542 4.16048 1.20912 26.38859
10.63101 17.54056 4.26211 1.27131 26.4212
10.62065 17.90122 4.32205 1.28123 26.01174
10.49968 17.50514 4.32425 1.07902 26.68179
10.6212 17.78453 4.30841 1.03203 26.32317
10.39864 17.70539 4.56505 1.11573 26.32408
10.54837 17.50867 4.53213 1.11267 26.41137
10.49995 17.84121 4.22632 1.06569 26.45185
10.84948 17.82138 4.35793 1.02815 26.03253
10.75096 18.07013 4.34525 1.01459 25.88258
11.0469 17.62231 4.29287 1.03748 26.07989
11.24881 17.54962 4.3816 1.07952 25.84026
11.23047 17.43741 4.52267 1.07105 25.83732
11.45362 17.26952 4.42221 1.05999 25.92433
11.15395 17.51054 4.38623 1.13156 25.97225
11.13572 17.42688 4.56158 1.2556 25.81423
10.90777 17.74922 4.30938 1.16196 26.0251
11.02762 17.97763 4.39391 1.21768 25.5659
11.22009 17.67689 4.23081 0.99822 25.96745
11.15162 17.75446 4.45939 1.30079 25.4935
10.99433 18.16829 4.4202 1.43893 25.15694
10.78574 18.02909 4.31692 1.41585 25.62127
10.63193 17.97086 4.31665 1.19571 26.00484
10.66847 18.0227 4.21758 0.99016 26.16873
10.85775 17.31261 4.49765 1.01374 26.4068
11.00836 17.69915 4.33299 1.1227 25.92969
10.7367 17.7237 4.57137 1.22587 25.86049
10.87432 17.96514 4.4765 1.23877 25.60004
10.73794 18.06048 4.50912 1.13892 25.69664
10.77007 17.87474 4.4259 1.34483 25.77567
11.09636 17.83694 4.45092 1.2888 25.52842
10.53916 17.73863 4.51801 1.16509 26.16781
10.55298 17.79414 4.5531 1.19079 26.06678
11.14315 17.67243 4.39102 1.15984 25.8069
10.7429 17.49318 4.271 1.16952 26.47109
10.91119 17.66492 4.20848 1.16788 26.20605
10.88593 17.66385 4.34132 1.19289 26.05234
11.17779 17.49168 4.3822 1.0835 25.99381
11.13948 17.62851 4.21116 1.00403 26.09672
11.16128 17.60503 4.30494 0.91925 26.07656
10.89541 17.99284 4.41408 1.02872 25.76624
10.58409 18.18236 4.25347 1.06247 26.00408
10.73207 17.69827 4.43974 1.16576 26.09228
10.59364 17.89151 4.43533 1.05416 26.1326
10.65358 18.07646 4.30355 1.0194 26.04098
10.60114 17.96113 4.39307 1.17598 26.00526
10.53899 17.93119 4.49216 1.21285 25.97009
10.77767 17.25989 4.55603 1.37948 26.22454
10.67856 18.12664 4.46585 1.34686 25.56239
10.99399 17.61205 4.42417 1.14989 25.94157
11.00175 17.50414 4.52558 1.07062 25.98858
11.31294 17.22138 4.70174 1.10891 25.76147
10.8951 17.29724 4.64813 0.96849 26.28208
10.61419 17.55226 4.56923 1.00763 26.363
10.79639 17.57358 4.62966 0.9294 26.15997
10.97399 17.77529 4.35942 1.04327 25.96998
10.79514 18.01764 4.42144 1.02145 25.87492
10.77676 17.74463 4.4801 1.01604 26.10154
10.33849 18.21736 4.25567 0.96533 26.32536
10.77957 17.64074 4.34145 1.09394 26.26934
10.50912 17.82057 4.51699 1.16078 26.11628
10.54251 17.93942 4.40443 1.12754 26.10613
10.8337 17.79063 4.26673 1.08874 26.128
10.59002 18.05353 4.36539 0.96402 26.10735
10.9283 17.77151 4.44224 0.99725 25.93214
10.92396 17.95742 4.36534 0.96817 25.86598
10.76591 17.93712 4.47059 1.02518 25.88713
10.59389 18.12504 4.475 0.89415 25.99637
10.90016 17.65397 4.33794 0.99437 26.20061
11.14296 17.56733 4.42754 1.09763 25.87757
11.04401 17.26062 4.69039 1.05321 26.05076
10.88716 17.8201 4.63204 1.16026 25.6312
10.54402 18.14281 4.37236 1.00041 26.01545
10.69211 17.81532 4.39127 1.03662 26.1549
10.91466 17.43858 4.52991 1.0711 26.12209
10.60056 17.85259 4.53057 1.03745 26.07021
10.50045 17.68515 4.52092 1.05136 26.32392
10.53135 17.49692 4.42628 0.98196 26.62491
10.76007 17.99718 4.15701 0.96256 26.20494
10.60264 17.89919 4.32506 1.08202 26.20898
10.87996 17.68774 4.71969 1.14666 25.71992
10.79308 17.78311 4.48036 1.14015 25.94965
11.05942 17.26499 4.55868 1.1161 26.14725
10.62649 17.72591 4.30579 1.08285 26.38115
11.25439 17.09302 4.58347 1.14908 26.06967
10.76699 17.45758 4.66167 1.09259 26.17774
10.63675 17.64487 4.41218 1.24072 26.25172
10.41405 17.74979 4.5983 1.10849 26.2677
10.80296 17.68247 4.38033 1.10007 26.17109
10.59424 18.01154 4.31184 1.16568 26.0784
10.87288 17.83295 4.36114 1.01459 26.03428
10.97032 17.86516 4.20566 0.98104 26.06786
11.09022 17.27187 4.51982 0.97331 26.24394
10.73444 17.51473 4.46916 0.97303 26.4162
10.72721 17.70187 4.50756 1.08709 26.11884
10.71618 17.81269 4.34182 1.17822 26.13707
10.88584 17.8459 4.47445 1.13438 25.7909
10.56585 17.80719 4.55879 1.11279 26.07389
10.74478 17.74115 4.54223 1.06208 26.03879
10.97792 17.58483 4.77177 1.12906 25.66313
10.72715 17.59152 4.51069 1.17356 26.15229
11.13985 17.51739 4.25881 1.35975 25.90784
10.87025 17.44808 4.39057 1.35335 26.12088
10.8278 17.62055 4.27473 1.31092 26.11095
10.83814 17.27861 4.38839 1.42822 26.24794
10.95735 17.42732 4.42491 1.49758 25.9174
11.13629 17.42623 4.57669 1.49391 25.63749
11.17462 17.2099 4.57965 1.55771 25.73164
11.00499 17.72325 4.40769 1.44979 25.62399
10.90996 17.89923 4.55124 1.28248 25.49696
10.93757 17.4671 4.53756 1.30508 25.85796
11.10662 17.15709 4.64481 1.2539 25.95982
10.91661 17.85204 4.50082 1.45184 25.48147
11.46705 17.2335 4.54826 1.21718 25.68713
11.03047 17.19758 4.5846 1.1987 26.08776
11.24431 17.34621 4.41099 1.33057 25.81134
11.04449 17.77607 4.44002 1.29408 25.6075
10.8625 17.65194 4.60122 1.17905 25.82212
11.07046 17.4612 4.44612 1.35137 25.82813
10.77506 17.55465 4.50186 1.36114 25.94309
10.75342 17.61022 4.35143 1.21183 26.17171
10.47801 17.67761 4.22304 1.48202 26.29084
10.2626 17.376 4.44001 1.59334 26.51911
10.57727 17.43348 4.2906 1.5309 26.38011
10.99396 17.27645 4.36767 1.5476 26.03878
10.9008 17.2769 4.3371 1.39217 26.26484
10.75818 17.38863 4.41826 1.38762 26.25749
10.47962 17.94605 4.42803 1.20645 26.11557
10.77994 17.92046 4.32285 1.18455 25.9532
10.91079 17.7406 4.28316 1.26605 25.96614
10.56795 17.88991 4.27697 1.27361 26.14569
10.66626 17.57007 4.49211 1.27719 26.15637
10.47638 17.89042 4.43702 1.3626 26.00991
10.69956 17.56989 4.36838 1.39357 26.15377
10.65959 17.4795 4.5747 1.22455 26.1726
10.58446 17.45583 4.70344 1.37391 26.01775
10.87231 17.60016 4.67525 1.32704 25.64396
10.69893 17.66795 4.4387 1.33523 25.95975
10.47184 17.4787 4.54663 1.19717 26.39395
10.65392 17.42935 4.51559 1.32319 26.18393
10.53394 17.14498 4.62383 1.1709 26.59786
10.66374 17.21761 4.59967 1.29449 26.31844
10.62983 17.68235 4.34703 1.26659 26.17505
10.8805 17.39005 4.37152 1.41126 26.12147
10.96046 17.33602 4.4516 1.13288 26.23659
10.95755 17.48894 4.29487 1.16867 26.2075
10.79039 17.25712 4.35267 1.22705 26.49495
10.89915 17.5654 4.24183 1.34784 26.0936
10.61087 17.68146 4.31889 1.27316 26.24349
10.61247 17.59228 4.30581 1.15638 26.42904
10.77297 17.38019 4.34601 1.19631 26.4209
10.99288 17.44122 4.31335 1.18393 26.18794
10.65821 17.38466 4.26136 1.23432 26.59734
10.3665 17.62292 4.45655 1.10559 26.54362
10.42986 17.48337 4.38185 1.04742 26.73251
10.40901 17.7133 4.35762 1.21135 26.4269
10.48906 17.87565 4.26194 1.16524 26.29489
10.51686 17.72476 4.34269 1.06101 26.44402
10.92669 17.41144 4.55815 1.07571 26.11784
10.71373 17.70178 4.45718 1.0297 26.17545
10.65922 17.66901 4.48544 1.18232 26.11255
10.64224 17.61692 4.4822 1.00367 26.32139
10.62881 17.52274 4.61644 0.98648 26.30086
11.11023 17.30469 4.78037 1.03616 25.84797
10.38376 17.90999 4.52957 1.0204 26.23225
10.55787 17.73341 4.39592 1.10036 26.29841
10.72694 17.82376 4.29815 0.99735 26.22299
10.89177 17.62166 4.48098 1.14132 25.96738
11.21784 17.80349 4.50078 1.11424 25.47614
10.86871 17.86842 4.52006 0.94413 25.87832
10.89557 17.71094 4.38147 0.96451 26.13465
10.66756 17.63938 4.46498 1.01387 26.31583
10.67241 17.61924 4.58011 1.13575 26.12838
10.83929 17.61108 4.61107 1.17329 25.85853
10.9924 17.39301 4.49018 1.04292 26.15256
10.83222 17.85305 4.30972 1.1035 26.00094
11.04817 17.58613 4.19136 0.96998 26.28261
10.54505 17.78634 4.17895 0.92476 26.62597
10.33356 18.05398 4.23046 0.84646 26.58973
10.79664 17.79124 4.51636 0.95994 25.99833
10.61948 17.7136 4.61099 0.95602 26.16283
10.48386 17.96337 4.44202 1.02575 26.15116
10.88657 17.54811 4.35982 1.00986 26.2608
10.80677 18.13377 4.45971 0.91924 25.76684
10.55584 17.92559 4.5469 0.93037 26.11734
10.72748 17.72601 4.72346 1.0264 25.91359
10.89773 17.38383 4.48794 1.15252 26.21905
10.95955 17.46127 4.31295 1.03171 26.32409
10.74837 17.57196 4.38472 0.99696 26.37246
10.38787 17.94276 4.38928 1.0435 26.31682
10.66805 17.64904 4.37106 1.01825 26.36677
10.6915 17.56826 4.5415 1.02633 26.23258
10.68565 17.69847 4.29095 0.93382 26.43094
10.71318 17.51937 4.40455 0.94175 26.48378
10.78066 17.40131 4.49936 1.00048 26.38691
11.16058 17.54739 4.36772 1.24929 25.79396
10.81657 17.72148 4.32051 1.12002 26.09231
10.82774 17.95685 4.35296 1.31652 25.66833
10.55103 17.77959 4.57084 1.20177 26.00282
10.5715 17.68142 4.59667 1.25313 26.0085
10.61459 17.88378 4.40418 1.04841 26.13627
10.69011 17.5623 4.34696 1.04517 26.44345
10.80049 17.49509 4.56249 1.05727 26.17731
10.84777 17.39611 4.49231 1.09342 26.24642
10.78134 17.4978 4.35994 0.99404 26.43034
10.62871 17.69878 4.30915 1.00407 26.4083
10.78699 17.62817 4.22071 1.07146 26.34328
10.84188 17.68358 4.45306 0.90214 26.18073
10.80651 17.19446 4.7316 0.82797 26.49063
10.6686 17.16693 4.6261 0.8903 26.69374
10.2654 17.84884 4.47505 0.92167 26.52782
10.13264 18.09908 4.48624 0.85412 26.46594
10.59054 17.68865 4.5045 0.98264 26.30224
10.69893 17.13748 4.5606 0.98269 26.69129
10.81054 17.66553 4.46603 1.04577 26.12489
10.64535 17.76834 4.49523 1.04228 26.15008
10.6908 17.79454 4.51334 1.08132 26.02313
10.97349 17.14095 4.42029 0.92606 26.61022
10.36143 17.69407 4.29454 0.90032 26.79582
10.8204 17.37374 4.39581 0.94017 26.52005
10.81176 17.89902 4.34764 1.04328 25.9781
10.67588 17.7984 4.53884 0.93712 26.1061
10.72272 18.00751 4.65748 0.97725 25.7057
10.97161 17.64169 4.33203 0.8372 26.25776
11.00267 17.61301 4.349 0.85179 26.22051
10.6346 17.59764 4.51834 0.77781 26.49861
10.50458 17.76129 4.43157 0.79851 26.53108
10.58072 17.78949 4.41143 0.9254 26.33464
11.05315 17.54986 4.31474 0.90383 26.23521
10.64798 17.62627 4.52211 1.0324 26.21805
10.20774 17.72963 4.40567 0.98105 26.71688
10.41947 17.8598 4.28887 0.91742 26.57069
10.6699 17.63975 4.26034 0.92293 26.56998
10.70043 17.45798 4.43448 0.87837 26.57697
10.69548 17.99735 4.39394 0.92745 26.03989
10.88321 17.72714 4.41393 0.94333 26.08443
10.67029 17.67634 4.2381 0.88726 26.57095
10.84192 17.72041 4.67349 1.00457 25.83311
10.73089 18.04236 4.47041 0.97738 25.82165
10.53276 17.86488 4.44486 0.95122 26.23967
10.60107 18.226 4.3089 0.94852 25.96613
10.86605 17.43538 4.31293 0.86014 26.56145
10.81565 17.9129 4.46829 0.97352 25.88172
10.90205 17.77163 4.43122 0.93147 26.00724
10.87989 17.65307 4.44013 0.85053 26.20688
10.98326 17.44714 4.44861 0.94634 26.2129
10.65377 17.51226 4.4242 0.81773 26.6166
10.99251 17.31721 4.43269 0.90399 26.39124
11.26388 17.50023 4.47048 0.82045 25.98316
10.64458 17.52923 4.36134 0.83203 26.65872
10.80093 17.38924 4.49366 0.88295 26.46816
10.16274 17.92452 4.27002 0.86198 26.80704
10.51033 18.52911 4.31509 0.89137 25.79124
10.60943 17.8762 4.53179 0.89206 26.11886
11.31887 17.18358 4.54231 0.88885 26.11733
10.47569 18.22807 4.31729 0.94477 26.07711
10.48906 18.32319 4.11764 0.8309 26.28161
10.57985 18.12002 4.3431 0.86928 26.12876
10.68967 17.96472 4.44841 0.92488 26.00929
10.97338 17.78865 4.40675 1.08057 25.81418
10.92224 17.56606 4.50727 1.07317 25.98473
10.38198 17.88792 4.6036 1.01044 26.15838
10.50388 17.66636 4.44326 0.90112 26.50926
10.60187 17.55646 4.3949 0.89438 26.5796
10.32885 18.2892 4.0986 0.93855 26.37349
10.48078 18.3147 4.0752 1.05045 26.11316
10.44798 17.93976 4.19954 1.04785 26.40934
10.5038 17.52446 4.47545 1.02927 26.51296
10.54279 17.66719 4.44179 1.02979 26.36952
10.63333 17.62579 4.44058 1.07091 26.28259
10.65554 17.64302 4.46956 1.07895 26.22519
10.64206 17.60416 4.53644 1.12866 26.16137
10.71519 17.8498 4.27214 1.10265 26.12804
10.45323 17.70801 4.49154 1.13015 26.28269
10.44066 17.70793 4.4224 1.05069 26.42989
10.49499 17.64107 4.67279 1.05867 26.18932
10.6964 17.71936 4.47757 1.01076 26.15087
10.33269 17.92399 4.55443 0.97388 26.27223
10.83258 17.25912 4.58966 0.98426 26.3966
10.51507 17.9499 4.35385 1.01202 26.22991
10.74838 17.83297 4.279 0.96937 26.22004
10.91849 17.56779 4.364 1.01941 26.19943
10.3523 18.23164 4.38762 1.00912 26.08207
10.50773 17.84181 4.4819 0.87811 26.34208
10.96928 17.87036 4.38114 0.90807 25.9324
11.05749 17.16515 4.83534 1.00923 25.99638
10.66537 17.55111 4.53681 0.87414 26.41116
10.95545 17.44457 4.61845 0.9621 26.08737
10.98518 17.82908 4.36026 0.97245 25.9216
11.00553 17.3419 4.47236 0.91413 26.32186
10.81298 17.33595 4.63317 0.8997 26.36987
10.68897 17.68658 4.59805 0.91242 26.18781
10.5411 17.82514 4.46774 0.8805 26.35779
10.53276 17.83172 4.46712 0.89006 26.33408
11.18766 17.09417 4.49557 0.99605 26.3044
10.69295 17.90136 4.48471 1.04492 25.98145
10.73499 17.72172 4.45697 0.97878 26.1769
10.32199 18.05163 4.59873 0.92128 26.1709
10.61092 17.91776 4.42382 1.03798 26.07523
10.95015 17.74356 4.59265 0.9819 25.8135
10.72183 17.82194 4.45136 0.92323 26.14099
10.8218 17.99419 4.48307 0.84835 25.91766
10.82277 17.59971 4.32524 0.8597 26.46066
10.96272 17.99592 4.34503 0.98958 25.78558
10.68919 18.20079 4.42076 1.05497 25.72018
10.68906 17.81954 4.35164 0.99668 26.20457
10.53844 18.15922 4.2674 1.09224 26.01719
10.65245 17.99438 4.54031 1.08575 25.81228
10.94521 17.51392 4.59621 1.17163 25.84953
10.93028 17.48604 4.41191 1.10557 26.12674
10.5983 17.69008 4.39215 1.09525 26.2871
10.76311 17.55749 4.6627 1.12012 25.97187
10.72613 17.69343 4.57657 1.13833 25.94214
10.91018 17.60624 4.55489 1.04312 25.95628
10.77734 17.32696 4.45557 1.09706 26.41831
10.85843 17.39956 4.45377 1.1961 26.18121
11.19115 17.01101 4.62119 1.05219 26.20244
11.02607 17.41284 4.40433 1.00375 26.2028
11.0157 17.48811 4.21115 1.02258 26.31644
10.64968 17.9039 4.24833 1.00231 26.25883
10.63432 17.91813 4.53675 0.96939 26.00556
11.02696 17.6689 4.39979 1.08608 25.92076
10.64191 18.16112 4.22107 1.04152 26.0358
10.99784 17.96081 4.19209 1.03819 25.91977
10.86238 17.8692 4.30447 0.93409 26.09675
10.73804 17.98508 4.44182 0.93862 25.95829
10.76875 17.69838 4.63706 0.87926 26.08608
10.61322 17.82917 4.4252 0.86033 26.32678
10.4148 17.87802 4.52805 0.93441 26.3063
10.3521 17.92658 4.39115 0.92132 26.46137
10.25285 18.31435 4.30732 1.00289 26.19931
10.67174 17.61127 4.28298 1.09746 26.42423
10.51532 17.95075 4.29915 1.09234 26.22377
10.6929 17.79517 4.54446 1.05834 26.00144
10.55438 17.45985 4.55737 0.94472 26.53575
10.76094 17.9416 4.38235 1.46809 25.7105
10.47996 18.11823 4.44476 1.23286 25.9012
10.65906 18.01179 4.48834 1.32497 25.73071
10.43449 18.18667 4.46108 1.32982 25.79671
10.82366 17.96178 4.38998 1.38761 25.68654
10.57427 18.14072 4.30281 1.61807 25.70661
11.10003 18.08566 4.27488 1.46046 25.35408
10.81833 18.24701 4.23684 1.346 25.55137
10.90029 17.73359 4.38564 1.3321 25.89167
10.93897 17.19071 4.60811 1.17072 26.24856
11.11167 16.93418 4.65383 1.05204 26.37569
11.01088 17.48931 4.79039 1.32404 25.57173
10.68239 17.71583 4.54558 1.2549 25.96409
10.76565 17.80382 4.4601 1.17842 25.9497
10.44058 17.9374 4.57915 1.3472 25.91137
10.90779 17.57193 4.576 1.21232 25.92865
10.74085 17.92249 4.5011 1.44863 25.61447
10.67498 17.53416 4.42402 1.44996 26.11652
10.48902 17.51113 4.50443 1.37674 26.31596
10.73828 17.8332 4.48329 1.40847 25.76849
10.88539 17.55644 4.42742 1.31118 26.00528
10.60452 17.72694 4.44132 1.18811 26.19792
10.52671 17.4886 4.54306 1.21413 26.40806
10.77655 17.72961 4.35638 1.28304 26.06767
10.82532 17.62083 4.45532 1.27031 26.0195
10.70102 17.43129 4.4731 1.12162 26.38556
10.56174 17.72958 4.51523 1.29368 26.03764
10.20562 18.27862 4.43368 1.18341 26.01208
10.09613 17.82816 4.51468 1.10378 26.55426
10.68313 17.55213 4.49756 1.18768 26.18871
10.46342 17.54556 4.6493 1.25733 26.20906
10.88306 17.28384 4.41991 1.22805 26.30765
10.41443 17.77861 4.54837 1.39852 26.03861
10.35419 18.06702 4.56199 1.33128 25.86153
10.46631 18.05627 4.42644 1.3515 25.89535
10.86239 17.69266 4.33866 1.15906 26.13225
10.50567 18.17141 4.536 1.06868 25.84895
10.74783 17.99582 4.66516 1.06897 25.65901
10.89359 17.73138 4.54787 1.06593 25.90279
10.96504 17.81541 4.6042 1.06116 25.7095
10.88081 18.21298 4.65418 1.06838 25.35433
10.8624 18.02034 4.54978 1.08579 25.64083
10.55384 18.02111 4.39801 1.26921 25.97039
10.97711 17.2121 4.43515 1.20599 26.32324
10.6718 17.48115 4.62526 1.16566 26.21507
10.65851 17.53297 4.53908 1.2268 26.22479
10.94963 17.62649 4.53962 1.16106 25.88085
10.93454 17.44023 4.40001 1.00608 26.31162
10.63614 17.59673 4.41425 1.03109 26.42823
10.49698 18.04445 4.39428 1.01924 26.14809
10.70176 17.58933 4.58834 0.93769 26.29199
10.4805 18.07249 4.54114 0.86192 26.14851
11.0542 17.24334 4.49532 0.91765 26.39833
10.90731 17.65701 4.57318 1.00285 25.98704
11.18219 17.45004 4.48064 0.86911 26.11916
11.06678 17.767 4.28982 0.80865 26.15092
11.16888 17.75395 4.38859 0.77642 25.98772
11.11114 17.553 4.49492 0.85821 26.07637
10.87233 17.92278 4.45585 0.94208 25.91726
11.05006 17.89244 4.45686 1.05568 25.70152
11.19946 17.33603 4.55033 1.02275 26.02126
10.85257 17.30966 4.62779 0.96781 26.34535
10.53246 17.30603 4.82065 0.92498 26.48873
10.36412 17.98002 4.48827 1.04317 26.2458
10.38064 17.98882 4.44889 1.1967 26.12509
10.4421 18.2168 4.40797 1.34252 25.76147
10.71214 17.81119 4.39909 1.18424 26.02886
10.62168 17.86441 4.40843 1.10799 26.1434
10.58319 17.71028 4.36147 1.08591 26.41202
10.67764 17.48326 4.52335 1.01069 26.44058
10.89555 17.22674 4.71589 1.16659 26.19068
10.66091 17.2456 4.79021 1.27659 26.25129
10.74441 17.25341 4.57915 1.14349 26.42011
10.76731 17.67919 4.4843 1.51033 25.84002
10.44715 17.92059 4.42646 1.37763 26.03434
10.60709 17.76282 4.35529 1.25081 26.18173
10.83325 17.68242 4.34677 1.13128 26.11168
10.92484 17.66001 4.44373 1.18961 25.89067
10.89835 17.74906 4.3276 1.23375 25.9455
10.91705 17.69409 4.57549 1.33342 25.71481
10.58842 17.68008 4.34551 1.26033 26.31532
10.35402 17.81785 4.42515 1.29244 26.28269
10.34164 17.8993 4.46017 1.39563 26.09818
10.51351 17.68036 4.27564 1.32185 26.36555
10.48471 17.86541 4.32436 1.18682 26.27395
10.50918 17.84311 4.41334 1.17106 26.16331
10.40777 17.78293 4.33633 1.26255 26.34406
10.53867 17.95684 4.18561 1.20331 26.25423
10.86856 17.59272 4.37998 1.31654 26.03939
10.58593 17.82329 4.23744 1.42077 26.15166
10.99029 17.7497 4.40089 1.33755 25.76512
10.6054 18.0659 4.40767 1.46557 25.73205
10.55324 17.96741 4.34597 1.23587 26.08
10.62396 17.73789 4.47559 1.15207 26.16048
10.7466 17.47985 4.66472 1.11128 26.12423
10.70121 17.42835 4.6801 1.16186 26.1589
10.67746 17.40567 4.6188 1.2243 26.19397
10.48999 17.74325 4.44614 1.33616 26.16726
10.6666 17.64338 4.38062 1.11157 26.30565
10.54966 17.69511 4.1807 1.23284 26.47213
10.83241 17.66547 4.24318 1.24375 26.14993
10.76279 17.68019 4.33577 1.24739 26.10766
10.67876 17.79898 4.2723 1.50429 25.99716
10.3765 17.8192 4.51373 1.47723 26.07163
10.58472 17.81173 4.29864 1.37067 26.13861
10.51575 18.10996 4.2737 1.29078 25.95441
10.5121 17.97973 4.3851 1.19719 26.05412
10.5063 17.56257 4.24303 1.18887 26.60233
10.64546 17.55028 4.15808 1.20535 26.56138
10.86726 17.34269 4.37318 1.34316 26.24814
10.87819 17.6616 4.27911 1.21735 26.09644
10.80673 17.4461 4.55489 1.41444 25.98145
10.92402 17.28153 4.45021 1.17232 26.30168
11.02937 17.20743 4.642 1.29382 26.01826
10.77612 17.66592 4.39243 1.27153 26.08147
11.03197 17.28667 4.50738 1.33222 26.01713
10.95123 17.47166 4.52959 1.37016 25.88735
10.90334 17.57319 4.44364 1.26302 25.95577
11.16469 17.15495 4.38516 1.3268 26.16096
10.92546 17.68534 4.51684 1.41707 25.70764
11.14709 17.03889 4.52723 1.14766 26.2742
10.70094 17.7124 4.20077 1.21438 26.29957
10.84072 17.39814 4.47909 1.23546 26.18163
11.08312 17.18846 4.46126 1.21682 26.16283
10.78694 17.57662 4.4409 1.26371 26.03494
10.85831 17.54109 4.35362 1.17023 26.17631
10.81323 17.26128 4.47645 1.28523 26.27961
10.39169 17.96096 4.65352 1.36055 25.80788
10.50595 17.41645 4.37811 1.41518 26.46421
10.46259 17.71594 4.36117 1.45232 26.24517
10.67409 18.12458 4.22076 1.69637 25.62041
10.98122 17.67885 4.44168 1.79854 25.48393
10.75082 17.73906 4.47498 1.76009 25.66347
10.61436 17.52726 4.52703 1.71119 25.96832
10.90714 17.27535 4.46339 1.42785 26.15775
10.71829 17.60689 4.36522 1.49114 26.10527
10.92559 17.51524 4.2967 1.27598 26.19574
10.61468 17.84881 4.25723 1.55961 26.01855
10.50491 17.55767 4.46024 1.71429 26.09019
10.92006 17.41399 4.3811 1.49113 26.03406
10.90839 17.65333 4.40482 1.4362 25.79864
10.54045 18.08643 4.27604 1.2896 25.96128
10.55074 18.01389 4.33175 1.12579 26.08817
11.05691 17.41952 4.50893 1.24451 25.89212
10.96926 17.47627 4.58278 1.28057 25.86916
10.694 18.06116 4.30945 1.16595 25.91875
10.61728 17.42249 4.7531 0.95711 26.36692
10.85292 17.74048 4.51501 1.0099 26.02167
10.74544 17.53434 4.65741 1.08578 26.10933
11.06214 17.30402 4.6642 1.11148 26.02907
10.96625 17.00076 4.6621 0.92896 26.53955
11.13576 17.16477 4.96831 1.19634 25.70241
10.61678 18.09757 4.55093 1.20244 25.71333
10.70882 17.50349 4.7598 1.21454 25.96839
10.57532 17.78753 4.51756 1.13806 26.11718
10.30059 17.68412 4.36152 0.97715 26.75339
10.62774 17.58578 4.47783 1.06114 26.34649
10.60484 17.45877 4.58323 1.10826 26.3244
10.34207 18.13848 4.34099 1.02635 26.21815
10.4211 18.05637 4.26012 1.23305 26.16225
10.27886 18.10741 4.25322 1.20229 26.28315
10.49826 17.80751 4.34701 1.18622 26.2783
10.54924 17.98762 4.24754 1.43794 25.98669
10.79629 17.79225 4.3871 1.49636 25.78941
10.66835 17.90297 4.33858 1.26578 25.9834
10.72992 17.75685 4.39812 1.12579 26.1339
10.93662 17.67401 4.42303 1.28961 25.86713
10.76245 17.06991 4.7145 1.24504 26.37577
10.71056 17.95578 4.46425 1.17635 25.85052
10.73931 18.10612 4.4035 1.29678 25.65559
11.16463 17.64377 4.36253 1.14356 25.79939
10.51194 18.13103 4.26058 1.13492 26.08039
10.72059 17.73512 4.43811 1.18792 26.04412
10.62118 17.55991 4.50621 1.1149 26.31122
10.9039 17.42266 4.4176 1.02053 26.31888
10.82884 17.55434 4.48838 1.11926 26.13854
10.84793 17.66211 4.69722 1.16943 25.75263
11.00758 17.4842 4.55229 1.13767 25.98067
10.80132 17.38917 4.39102 0.98463 26.56359
10.3044 18.2299 4.61079 0.94498 26.01548
10.27684 18.22928 4.31023 0.96972 26.30397
10.3861 18.33781 4.22905 1.07406 26.08044
10.74036 18.2308 4.27348 1.19012 25.73501
10.67634 18.27715 4.30563 1.01084 25.83412
10.62819 18.0667 4.33932 0.92457 26.12729
10.50918 17.83847 4.74326 0.9913 26.01838
11.03678 17.6067 4.37614 1.08601 25.98968
10.63182 17.82899 4.28758 1.22244 26.16093
11.30266 17.67525 4.28452 1.13191 25.74956
10.87701 18.15245 4.37 1.18533 25.54203
10.77866 17.87431 4.42093 1.08288 25.94999
10.68329 18.0172 4.31616 0.94017 26.1392
10.65903 17.54146 4.66207 0.83586 26.38164
10.90028 17.73903 4.38317 0.87279 26.19887
10.52821 17.9551 4.55815 0.95852 26.11209
10.81131 17.65749 4.3858 0.93114 26.31526
10.59922 17.8674 4.23685 0.99896 26.39357
10.53432 18.04169 4.30565 1.13736 26.10135
10.5199 18.06147 4.26046 0.99714 26.25327
10.73206 17.76661 4.44125 0.95885 26.19355
10.58605 17.82705 4.55436 1.00348 26.11708
10.39579 18.10621 4.42697 0.94326 26.19335
10.38993 18.08398 4.4676 0.93269 26.19928
10.59144 17.57642 4.37016 0.83632 26.70035
10.83669 17.75413 4.26997 1.01763 26.25275
10.7272 18.00025 4.36766 0.95605 26.04634
10.92997 17.47971 4.66618 1.10067 25.95435
10.62728 17.87697 4.47317 1.05928 26.05945
10.50192 17.4602 4.75859 1.04081 26.3308
10.87698 17.30491 4.45777 1.15645 26.34809
10.91627 17.3275 4.52145 1.12768 26.23018
11.00803 17.59254 4.23026 1.19547 26.11416
11.00149 17.98431 4.16967 1.12072 25.85773
10.93242 17.4039 4.23124 0.97899 26.52211
10.93694 17.43481 4.45844 0.98443 26.26362
10.62269 17.95154 4.39228 0.99847 26.09432
10.93687 17.48475 4.58577 0.97426 26.09512
10.63585 17.21895 4.54092 0.87723 26.78874
10.43448 17.76795 4.39831 0.87711 26.58909
10.79381 17.49112 4.44409 0.94205 26.41782
10.63236 17.59234 4.66321 1.0104 26.20883
10.56588 17.44959 4.47439 0.95402 26.62842
10.70505 17.94638 4.64115 1.10439 25.73632
10.50236 17.65299 4.48227 1.01707 26.42859
11.01586 17.41139 4.45478 1.04797 26.16391
11.08053 17.17724 4.47833 1.07941 26.26491
10.65486 17.70915 4.33303 1.01153 26.35287
10.28637 17.50627 4.45039 1.07194 26.76732
10.24523 18.19997 4.32824 1.1379 26.20418
10.47195 17.83136 4.40649 1.22254 26.20155
10.57129 17.63048 4.34091 1.14481 26.40783
10.54814 17.39312 4.20237 1.09513 26.84876
10.46029 17.54117 4.46904 1.23302 26.41487
10.66055 17.67068 4.20448 1.27684 26.30665
10.49932 17.73771 4.38454 1.38772 26.11958
10.40215 18.05729 4.25021 1.25134 26.14354
10.43179 17.99279 4.14265 1.18099 26.35928
10.35606 17.65789 4.29755 1.06809 26.70811
10.51173 18.07909 4.32492 1.1543 26.04419
10.78003 17.42828 4.53121 1.09444 26.27098
10.90325 17.75365 4.40205 1.11961 25.95474
10.86176 17.56458 4.44993 1.04996 26.1523
11.16513 17.35376 4.37643 0.97648 26.19989
10.94428 17.57879 4.44235 0.90337 26.20207
10.95787 17.42149 4.40474 0.96886 26.34243
10.58362 17.27449 4.4184 1.01282 26.78668
10.59226 17.80574 4.37476 1.0283 26.29443
10.63264 17.50123 4.50706 0.98566 26.44505
10.45702 17.51514 4.21451 0.95171 26.92196
10.27261 17.74209 4.27494 0.91995 26.83209
10.73273 17.92531 4.02684 1.14857 26.23825
10.43196 17.85295 4.24868 1.00033 26.51454
10.71946 17.74119 4.40069 1.00649 26.18992
10.65329 17.68046 4.25621 0.9763 26.49168
10.71501 17.54623 4.3666 0.89782 26.52433
11.0255 17.13935 4.37652 0.84346 26.65955
10.54955 17.5642 4.35313 0.79601 26.76838
10.64319 17.8573 4.29073 0.89096 26.36958
11.06024 17.43623 4.33126 0.96411 26.27163
10.72807 17.80358 4.48342 0.96004 26.08194
10.90201 17.48236 4.54063 0.99118 26.14783
11.0392 17.52504 4.45721 0.98246 26.07875
10.74706 17.78735 4.25945 1.02369 26.24916
10.55016 17.63404 4.60256 1.06632 26.21075
10.67793 17.72045 4.61693 1.07006 25.97894
10.65156 17.67257 4.38665 1.02858 26.32215
10.43662 17.83526 4.34211 1.02388 26.4247
10.687 17.46204 4.61682 1.0129 26.28688
10.64914 17.50776 4.54655 1.09174 26.26894
11.06649 16.94821 4.61342 1.23294 26.2441
10.64219 17.41743 4.54265 1.24537 26.24315
10.68433 17.27023 4.66186 1.15674 26.32179
10.62808 17.97825 4.3468 1.1213 25.99358
10.60639 17.49647 4.59527 1.20201 26.18554
10.64958 17.66456 4.50278 1.1142 26.14824
10.62485 17.60841 4.43383 0.98921 26.38896
10.4557 17.8597 4.28246 0.95419 26.49218
10.8035 17.59424 4.35711 0.87171 26.41137
10.93803 17.69025 4.45747 1.00094 25.97541
10.82753 17.70382 4.25323 1.01126 26.26716
10.94854 17.61135 4.34147 0.94461 26.1978
10.81006 17.60961 4.31337 1.03938 26.29529
10.5889 18.03022 4.31218 0.95486 26.17385
11.002 17.82738 4.30125 0.82978 26.0822
10.74702 17.79991 4.28313 0.79096 26.41699
10.93654 17.76371 4.50244 0.87442 25.98572
10.68476 17.95454 4.4028 0.87811 26.13394
10.88597 17.70044 4.50626 0.9509 26.02527
10.97805 17.74782 4.46616 0.99713 25.91703
11.00361 17.99813 4.48899 1.02677 25.58517
11.07035 17.64618 4.43691 1.01626 25.92529
10.97318 17.89141 4.45514 1.01371 25.74907
10.79656 18.05867 4.26642 1.09725 25.87535
10.83681 17.71959 4.34056 1.13096 26.0654
10.78767 17.79884 4.43502 0.97793 26.07355
10.75464 17.31507 4.55026 0.9355 26.51162
10.73176 17.19443 4.35746 0.94501 26.82995
10.47287 17.63897 4.47516 0.99529 26.49294
10.8135 17.23031 4.58888 1.03758 26.40075
10.7617 17.75607 4.57004 1.17327 25.83813
10.74329 17.85911 4.31997 1.02787 26.10891
10.65998 17.76227 4.39148 1.03541 26.20781
10.51359 17.85228 4.33859 1.08857 26.27052
10.19657 18.17785 4.20727 1.06819 26.40758
10.66092 17.36473 4.21486 1.06667 26.76113
10.79707 17.40555 4.26295 1.14327 26.4911
11.05999 16.96677 4.3539 1.11158 26.60013
10.94581 17.37821 4.53284 1.06155 26.17356
11.00377 17.88265 4.53038 1.02566 25.66236
10.65427 17.82942 4.17449 1.0292 26.37945
10.55959 18.04437 4.10019 1.04438 26.34126
10.2977 17.91153 4.43377 1.04465 26.37162
10.3912 17.80013 4.54647 1.19491 26.18343
10.48061 17.9672 4.31388 1.1075 26.22308
10.32035 17.65328 4.32939 1.11705 26.67591
10.72118 17.60822 4.63858 1.10241 26.03925
10.99991 17.18341 4.55314 0.97283 26.37384
10.69765 17.53257 4.43821 1.09249 26.37797
10.82426 17.34424 4.55469 1.0453 26.34471
10.87454 17.24899 4.41371 1.11173 26.46243
11.03073 17.39411 4.4473 0.96198 26.2727
10.77439 17.28442 4.46049 0.92526 26.65213
11.08922 17.28914 4.58086 0.97974 26.15388
11.22593 17.09415 4.63792 0.92668 26.21625
10.79184 17.7974 4.59169 0.996 25.9235
10.91417 17.3447 4.6008 0.97494 26.24794
10.7864 17.13995 4.71096 0.98761 26.43786
10.58504 17.38784 4.62365 0.93674 26.52748
10.80312 17.2213 4.48372 0.93968 26.61116
10.45348 17.99382 4.27583 0.93442 26.41537
10.65221 18.04395 4.2002 1.04464 26.13536
10.90603 17.69514 4.23729 0.91376 26.32242
10.85397 17.56822 4.33171 0.97469 26.34952
10.5847 17.91899 4.20862 0.99694 26.38075
10.79164 17.73097 4.05706 0.98446 26.53814
10.31871 17.83858 4.41834 0.92289 26.60146
10.74249 17.63759 4.20301 0.934 26.55288
10.57149 18.22298 4.308 1.03649 25.99002
10.73519 17.61705 4.40001 1.06719 26.29006
10.58806 17.81852 4.52716 1.08449 26.09848
10.85898 17.72919 4.35078 0.99487 26.18105
11.01145 17.71804 4.25718 1.03662 26.06797
10.80086 17.60542 4.3922 0.99621 26.27265
10.8682 17.29804 4.37453 1.10157 26.45571
10.68015 17.7142 4.35786 1.12249 26.23563
10.98415 17.32474 4.44241 1.04914 26.28904
10.81252 17.52443 4.59464 1.00571 26.1284
10.83953 17.51964 4.68341 1.15308 25.88596
10.79713 17.35734 4.58022 1.03797 26.3041
10.54487 18.09219 4.29715 1.00325 26.13141
10.75139 17.72809 4.57031 0.97936 26.04385
10.86466 17.35788 4.58387 1.01759 26.26413
11.16117 17.49857 4.33883 1.11171 25.98115
11.01464 17.40337 4.45113 1.2112 26.02334
10.73306 17.69992 4.4677 1.17188 26.0484
10.93651 17.73446 4.35007 1.15337 25.94987
10.81732 17.92678 4.34199 0.99581 25.99479
10.96062 17.58526 4.33762 0.9005 26.29396
10.71901 17.24514 4.44398 0.98954 26.6772
10.70542 17.25522 4.54143 0.91416 26.65368
10.50401 17.89438 4.46449 0.91297 26.29992
11.02685 17.50442 4.45917 0.9609 26.13644
11.0483 17.6726 4.25288 0.96056 26.14318
10.77335 17.43522 4.28875 0.95264 26.60973
10.88106 17.65775 4.23794 0.97168 26.32431
10.66047 18.0018 4.20097 0.99666 26.20913
10.69322 18.04887 4.26192 0.95444 26.11295
10.58059 18.17625 4.3704 0.93918 25.99236
10.47872 18.32748 4.38219 0.93893 25.93616
10.75658 17.90412 4.35621 0.92395 26.13482
10.82313 17.55549 4.47505 0.97012 26.26833
10.98416 17.63128 4.35278 0.97454 26.1611
10.85473 17.58788 4.52299 0.85638 26.2567
10.97052 17.30916 4.64601 0.88991 26.29374
10.91889 17.65426 4.4489 1.08067 26.03599
10.93232 17.72979 4.45265 1.01179 25.99111
10.94708 17.25978 4.60551 0.88827 26.37698
10.8535 17.66881 4.50268 1.02631 26.05492
10.52832 17.78837 4.50823 0.9349 26.30671
10.7881 17.90828 4.4643 1.08034 25.87227
10.89767 17.38356 4.51456 0.94843 26.33001
10.65258 17.79551 4.56235 1.02069 26.05147
11.12153 17.59932 4.47505 1.07286 25.82057
11.0455 17.35201 4.43227 1.11143 26.15843
10.98791 17.30227 4.69295 1.05482 26.04065
10.70329 18.06038 4.57814 0.91065 25.80287
10.64562 17.75644 4.32774 0.86041 26.46022
10.60072 17.85253 4.3988 1.05102 26.16555
10.7135 17.46138 4.33796 1.13944 26.4421
10.60131 17.52434 4.51331 1.04848 26.37608
10.71323 17.45082 4.47876 0.90666 26.50672
10.67664 17.58053 4.70762 0.93862 26.15227
10.66771 17.22929 4.74962 0.99316 26.44965
10.73518 17.10102 4.54868 1.05656 26.64174
10.3725 17.2885 4.38405 0.98222 27.02083
10.71443 17.1676 4.46866 0.95334 26.75503
10.50865 17.42873 4.50561 0.97675 26.6346
10.52567 17.08028 4.57741 0.97059 26.90031
10.7729 17.31814 4.52913 0.95656 26.49368
10.83834 17.66231 4.68592 1.02461 25.87667
10.79867 17.27821 4.55079 1.09822 26.36489
10.77639 17.90643 4.48196 1.06833 25.86037
10.79894 18.05565 4.43699 1.05012 25.74306
10.64252 17.93806 4.58072 1.04566 25.86525
10.74391 17.82579 4.56569 0.91585 25.98747
10.33586 18.11409 4.42997 1.0414 26.12799
10.29495 18.3556 4.40439 1.04008 25.95806
10.24063 17.98402 4.4117 0.88853 26.50889
10.75379 17.5577 4.59135 0.95548 26.20268
10.64824 17.78113 4.45985 0.9979 26.18433
11.31676 17.14209 4.3153 0.97871 26.29751
10.68641 17.44738 4.46935 1.09722 26.39282
10.51273 17.76446 4.39225 1.06457 26.34596
10.94015 17.35754 4.43199 1.16933 26.19673
10.61175 17.50866 4.35767 1.099 26.51153
10.93997 18.00559 4.29218 1.09566 25.74308
10.88574 17.67445 4.32262 1.11076 26.09188
10.74652 17.78734 4.49135 1.05999 25.99593
10.65458 17.74698 4.50761 1.07137 26.08708
10.8934 17.50926 4.5389 1.02941 26.11982
10.94833 17.42415 4.59244 0.95926 26.12976
10.59059 17.73381 4.57859 1.07781 26.08819
10.38123 18.17004 4.36891 1.07234 26.06004
10.30179 18.12445 4.5438 1.10284 26.01122
10.47298 18.2888 4.55375 1.16425 25.61604
10.83626 17.85761 4.4855 1.26214 25.6732
10.96256 17.57143 4.57551 1.22012 25.77133
10.77741 17.36104 4.54984 1.13538 26.2588
10.6854 17.30888 4.28811 0.93844 26.82415
10.62243 17.2064 4.60119 0.972 26.66951
10.83911 17.66936 4.47664 1.05147 26.06773
10.7064 17.70942 4.45204 1.03572 26.1901
10.80842 17.71811 4.73721 1.05939 25.78606
11.01788 17.16833 4.59551 1.00287 26.31779
10.86181 17.5597 4.39956 0.96353 26.30715
10.77781 17.62174 4.50056 1.09335 26.12499
10.5569 17.95665 4.44395 1.09781 26.04099
10.88781 17.71034 4.34892 0.98862 26.13311
11.07438 17.83543 4.43387 1.01532 25.74471
11.07569 17.7798 4.46609 1.03966 25.74401
10.84294 18.13812 4.33747 0.97093 25.80641
10.41514 18.25161 4.31415 0.99348 26.10671
10.49495 17.82939 4.34218 1.22556 26.20515
10.36264 17.67278 4.52291 1.24929 26.27656
10.50832 17.78319 4.43113 1.19086 26.15809
10.42923 18.19236 4.30518 1.33215 25.88619
10.60834 17.86767 4.26709 1.17589 26.20127
10.82089 17.93219 4.51994 1.33 25.56535
11.12502 17.16434 4.48739 1.30835 26.06958
10.89856 17.31183 4.46709 1.13152 26.27264
10.79588 17.025 4.55197 1.19361 26.52934
10.60212 17.69869 4.51983 1.18508 26.08686
10.44214 17.70899 4.57677 1.1389 26.2143
10.67663 18.18662 4.08462 1.20484 25.94802
10.68933 17.63671 4.45374 1.12475 26.17903
10.56864 17.34591 4.6847 1.04643 26.42656
10.49879 17.83824 4.37446 1.10968 26.26803
10.54819 17.62968 4.47934 1.07348 26.3446
10.7702 17.53666 4.27153 1.06698 26.43436
10.55865 17.38964 4.6053 1.17061 26.3687
10.73384 16.86045 4.62488 1.20436 26.67636
10.98138 17.28242 4.43154 1.30593 26.11234
10.91013 17.20801 4.64865 1.24037 26.10468
10.72532 17.80865 4.37166 1.24279 25.95294
11.21021 17.38543 4.26582 1.27992 25.97033
10.73017 17.58153 4.22166 1.25661 26.29769
10.79157 17.73585 4.22481 1.27377 26.05703
10.77782 17.83842 4.3047 1.18666 25.97883
10.54512 17.92741 4.29183 1.04948 26.26312
10.69613 17.20557 4.47986 1.12249 26.5956
10.53791 17.88845 4.52352 1.18186 25.97779
11.00546 17.39306 4.71232 1.27793 25.75459
10.74695 17.53206 4.53385 1.25086 26.08214
10.91224 17.32935 4.7649 1.43949 25.77397
10.8608 17.20469 4.57583 1.2836 26.23635
10.74655 17.6564 4.44076 1.43514 25.92326
10.75919 17.75175 4.33131 1.16047 26.13879
10.69371 17.3816 4.51743 1.12321 26.38026
10.78939 17.65849 4.45244 1.1284 26.04708
10.55528 17.98872 4.39906 1.08464 26.04948
10.83064 17.38558 4.50404 1.08786 26.29413
10.66692 17.8453 4.6513 1.15381 25.79238
10.52759 17.7122 4.7001 1.04525 26.09302
10.86216 17.71868 4.59713 1.02055 25.89987
10.93194 17.13143 4.73856 1.00258 26.26126
10.61167 18.16931 4.61893 1.10245 25.58685
10.84943 17.45533 4.69975 0.93963 26.11651
10.89914 17.71858 4.49455 1.02826 25.93813
10.6393 18.09393 4.51368 1.05139 25.76398
11.01995 17.12808 4.59689 1.05458 26.2672
11.01961 17.58043 4.6477 1.028 25.79075
10.5264 18.2209 4.6245 1.15877 25.55244
10.50294 17.79208 4.62825 1.17891 26.00211
10.62349 17.99763 4.55776 1.1111 25.80362
11.02435 17.81865 4.55433 1.13085 25.5665
10.9582 17.77639 4.49883 1.12304 25.72908
11.16256 17.71452 4.36404 1.19101 25.67201
10.71972 17.85529 4.1626 1.04816 26.26881
10.92197 17.2452 4.34057 1.10173 26.46324
10.80843 17.64882 4.43023 1.2169 25.9966
