"V1" "V2" "V3" "V4" "V5"
12.12119 8.51649 10.06708 0.81923 28.5419
11.40152 8.27564 10.74235 0.74414 28.88393
11.17998 9.02683 10.17852 0.62753 29.01371
11.37654 9.42196 9.82995 0.70294 28.70087
10.94598 9.15107 10.07829 0.76133 29.10593
11.02416 9.27644 10.26976 0.73968 28.74149
10.80355 9.30408 10.25146 0.75881 28.94767
11.12635 9.21438 10.25146 0.75247 28.71058
11.26396 8.82504 10.31903 0.73166 28.90368
11.44484 9.12682 10.08294 0.82394 28.57692
11.58621 9.37856 9.50811 0.73249 28.84216
11.42747 8.81286 10.10472 0.73758 28.96208
11.73403 8.80417 9.98578 0.71369 28.80132
11.7118 8.55959 10.534 0.83051 28.42467
11.82389 8.39081 10.46865 0.80238 28.58966
11.56627 8.65331 10.10079 0.86023 28.90708
12.06659 8.41068 10.27995 0.89996 28.42511
12.33592 8.38729 10.38818 0.87934 28.07972
12.1381 8.44128 9.82224 0.78242 28.87357
11.49533 8.76338 10.7496 0.85196 28.22144
11.61616 8.61949 10.24798 0.83756 28.75886
12.03015 8.91119 9.65263 0.82174 28.6388
11.66981 8.98021 9.72782 0.83061 28.85482
11.46066 8.64388 10.41657 0.80758 28.74019
12.25123 8.32525 10.1842 0.84206 28.47321
11.81946 8.54801 10.86282 0.64133 28.17051
11.8323 9.07471 9.71644 0.55912 28.84668
11.43096 8.4402 10.32973 0.61441 29.23859
11.49289 8.78057 9.99602 0.6246 29.13352
10.8979 9.49386 10.03706 0.72292 28.89111
11.58816 8.88986 9.96496 0.6667 28.92428
11.52912 8.88553 9.59783 0.6593 29.36186
11.16293 8.80406 9.95058 0.6686 29.44752
11.74197 8.38767 9.97242 0.75798 29.18383
11.38962 9.32474 9.97417 0.73152 28.61358
11.09864 9.60458 10.50069 0.73618 28.10562
11.58682 9.42068 10.37966 0.86126 27.81306
12.00829 8.80215 9.81103 0.78192 28.64441
11.88009 8.64043 10.31903 0.80222 28.42609
11.15065 9.38888 9.86038 0.74404 28.91214
11.58064 9.08787 10.12449 0.67449 28.5752
11.64892 9.06624 10.13405 0.67264 28.52465
11.61029 8.92071 9.8682 0.69951 28.94591
12.17717 8.86856 9.79983 0.81393 28.40661
11.39578 8.63005 10.65273 0.65536 28.71017
11.87883 8.83787 9.83601 0.63644 28.85536
11.37447 8.87438 9.81707 0.566 29.40625
11.92423 8.84728 9.55872 0.53 29.17741
11.59092 9.26719 9.98693 0.56809 28.62992
11.72753 8.6611 10.25814 0.57527 28.81607
11.18261 9.17368 10.36127 0.5883 28.72512
11.74908 8.59865 10.44517 0.61987 28.61924
11.878 8.44127 10.32037 0.67524 28.73625
11.9037 7.91244 10.58493 0.67082 28.97043
11.49523 8.57268 10.49647 0.72622 28.76167
11.96949 8.26503 10.1132 0.65802 29.04159
11.47487 8.56499 9.71851 0.6996 29.58894
11.75564 9.01623 9.60126 0.72399 28.95224
11.74184 8.72628 10.22735 0.6721 28.68547
11.28506 8.99091 10.14115 0.63879 28.97609
10.86834 9.31583 9.9111 0.5933 29.34024
10.8644 9.3665 10.41185 0.61335 28.78674
11.35649 8.89975 10.63166 0.7656 28.41649
11.79177 9.11737 10.14637 0.80283 28.22388
11.97086 8.63985 10.2188 0.77966 28.45845
11.29416 8.68816 10.10947 0.67086 29.28016
11.50394 8.65178 9.87817 0.69706 29.3142
11.42681 8.35843 10.49756 0.7787 29.00814
11.58767 8.46724 10.37988 0.73274 28.88499
11.25304 8.77331 10.43959 0.70249 28.87111
11.18269 8.71188 10.62688 0.74165 28.78715
11.74321 8.52811 10.80955 0.8804 28.12672
11.81786 7.93013 10.89811 0.69618 28.70125
12.0663 8.06478 10.28551 0.69257 28.92695
11.50966 8.52659 10.07514 0.61143 29.30691
11.94671 8.67473 10.40804 0.71787 28.3114
12.11489 8.10817 10.4562 0.64626 28.7133
11.72462 8.81724 9.84446 0.65112 28.9938
11.54847 8.5915 10.00586 0.65301 29.22839
11.40928 8.60459 10.47127 0.69406 28.84914
10.91049 8.97084 10.23735 0.70213 29.20039
11.71441 8.55238 10.47617 0.67347 28.60453
11.89227 9.07737 10.21886 0.8363 28.02157
11.24539 9.19946 9.70169 0.74524 29.14638
11.88141 8.9789 10.08519 0.84559 28.25548
11.83919 8.93772 10.40567 0.86465 28.00027
11.37124 8.80527 10.58028 0.78947 28.50702
11.48519 9.26177 9.80763 0.73912 28.74496
11.3644 8.91058 9.84353 0.70273 29.20609
11.42673 8.94153 9.49491 0.79136 29.37426
11.70116 8.62777 10.1192 0.6785 28.89685
11.33321 9.00314 10.5257 0.69842 28.47371
11.59854 8.92188 10.10657 0.77553 28.63959
11.73941 8.52449 9.65906 0.69614 29.40615
11.10918 8.14224 10.89203 0.81623 29.08849
11.19251 8.5836 10.55495 0.89151 28.83765
11.71363 8.49936 10.07944 0.82254 28.93552
11.32627 8.86356 10.10876 0.8561 28.90603
11.61607 9.13094 9.77898 0.87468 28.66724
11.01123 9.05314 10.19233 0.7788 29.01151
11.1228 8.97339 10.26193 0.72602 28.95285
11.18915 8.99905 10.27777 0.76982 28.79204
11.48924 8.40071 10.12338 0.75768 29.24931
11.66914 8.32643 10.51714 0.8604 28.65693
11.63581 8.40264 11.00239 0.87023 28.12998
11.1758 8.66889 10.69569 0.85445 28.65003
11.701 8.92354 10.11382 0.8532 28.47256
11.20592 9.11733 10.15747 0.82761 28.76159
11.26423 8.7521 10.48074 0.92527 28.65809
11.59517 8.43998 9.87421 1.07799 29.1446
11.93548 9.29646 9.29114 1.06814 28.52241
11.40017 9.25425 9.3931 0.96814 29.04775
11.20543 9.23082 9.56947 0.78625 29.25219
11.92261 8.57284 9.91485 0.82843 28.81474
11.70811 8.85459 10.05518 0.78002 28.66147
11.82117 8.68749 9.79461 0.8093 28.95624
11.56346 8.77148 9.53522 0.80684 29.39044
11.65877 8.5235 10.24639 0.76085 28.87104
11.53887 8.55256 10.42327 0.82355 28.72359
11.69365 8.2058 10.52094 0.74714 28.88502
11.61822 8.59889 10.28383 0.78679 28.77421
11.74552 8.92527 10.29597 0.88167 28.2322
11.29809 8.9681 10.34309 0.8852 28.58989
11.39142 9.61787 9.88579 0.84808 28.33906
11.71502 9.18641 10.07679 0.78532 28.31324
11.33971 8.88998 10.24035 0.73608 28.83515
11.47959 8.7405 10.05873 0.73823 29.02626
12.03485 8.86971 9.82085 0.68619 28.64044
11.46836 8.98558 10.30869 0.68932 28.59993
11.30261 8.65643 10.52481 0.70712 28.86171
11.31485 9.04305 10.07539 0.66545 28.954
11.84717 9.26231 9.94817 0.7231 28.28018
12.61938 8.90335 9.78605 0.68114 28.07964
12.10686 8.58912 10.14699 0.64938 28.56287
12.21266 8.58619 10.06273 0.73891 28.47047
11.55389 9.32252 10.54719 0.70704 27.94497
11.09076 9.52231 10.40354 0.72926 28.30917
11.79056 8.64891 10.30101 0.7118 28.59942
11.20758 9.00396 10.07687 0.694 29.06401
11.21316 9.161 10.13147 0.70876 28.82034
11.44633 8.63455 10.20913 0.6988 29.0411
11.22364 8.83281 10.09936 0.86548 29.0297
12.05495 8.97445 9.82997 0.98644 28.23303
12.2268 8.7154 10.06064 0.97652 28.08977
11.68553 8.92851 10.33131 0.83135 28.27311
12.06613 8.81754 9.99089 0.77851 28.38728
11.81663 8.74753 10.32738 0.87233 28.28527
11.81524 8.44126 10.08875 0.78558 28.91065
11.40513 8.13651 10.51216 0.76016 29.23595
11.17279 8.14611 10.04878 0.64366 30.01509
10.89777 9.16242 10.09576 0.66729 29.20428
11.2412 8.99497 9.81115 0.66766 29.30888
11.3358 8.60064 10.33234 0.72745 29.04057
10.87071 8.96284 10.88673 0.83229 28.50817
11.18876 8.89492 10.22738 0.73377 28.99031
11.5129 8.50368 10.57235 0.80019 28.65992
12.05606 8.23988 10.44887 0.84378 28.4688
11.73381 8.24308 10.29536 0.78107 28.97621
11.56881 8.42173 9.87526 0.71551 29.44442
11.69915 8.66094 10.45826 0.79974 28.44481
11.43185 8.55267 10.61857 0.94366 28.54249
11.41195 8.80733 10.08174 0.83087 28.92738
11.74729 9.24656 10.00242 0.99959 28.09057
11.68501 9.06761 9.87014 0.83498 28.60675
11.62844 8.69865 9.81806 0.69788 29.19337
11.59786 9.05823 9.73048 0.72558 28.93106
11.54611 8.93496 9.95124 0.70033 28.90504
11.50304 9.00584 9.86787 0.71732 28.94763
11.42984 8.75599 10.05499 0.60463 29.18536
10.99617 8.78938 10.03858 0.60561 29.58967
11.43895 8.51894 9.82562 0.63291 29.61504
11.18067 8.59735 10.31602 0.67572 29.26716
11.46118 8.64963 10.70253 0.67519 28.5498
11.91354 8.5887 10.42385 0.65516 28.45375
11.69405 8.95936 9.78301 0.59858 28.98353
11.08983 8.85272 10.45173 0.58898 29.04072
11.61976 8.33866 10.62618 0.67576 28.76973
11.91302 8.67684 10.61128 0.74323 28.09834
12.2421 8.35224 10.54048 0.70834 28.21148
11.74386 8.84322 10.47928 0.78933 28.2171
11.52484 8.7335 10.19327 0.67407 28.92614
11.57583 8.41691 10.63904 0.75322 28.65986
11.03961 8.97008 10.4725 0.72018 28.84265
11.93797 8.39843 10.42527 0.72649 28.53834
11.86173 8.39587 10.14855 0.76029 28.87004
11.49587 8.57689 10.19927 0.75189 29.01865
11.94491 8.65778 9.67628 0.72723 29.03634
11.31002 8.6154 10.4537 0.66839 28.98802
11.73899 8.48813 10.31774 0.6158 28.8654
11.7883 8.43526 10.437 0.67616 28.69665
11.32118 8.54568 10.51776 0.72021 28.92103
11.31152 8.51354 10.52953 0.77801 28.90663
11.87041 8.5182 10.29963 0.76233 28.59824
11.41113 8.63882 10.31134 0.67589 29.00475
11.9043 8.89691 10.23578 0.78641 28.24178
12.23899 8.6702 9.73686 0.78976 28.63805
11.30931 8.95135 10.39271 0.71377 28.68516
12.11756 8.67541 9.84522 0.75454 28.67155
12.04813 8.17046 10.17044 0.66042 29.00237
11.92936 8.59105 10.11209 0.61486 28.79882
11.60054 8.52478 9.94781 0.64554 29.32255
11.74824 8.69987 10.24741 0.76272 28.5877
11.59933 8.6871 10.14573 0.78639 28.82757
11.28378 8.44333 10.07002 0.63715 29.58507
10.86719 8.60203 10.36276 0.55743 29.62845
11.32552 8.95116 10.19448 0.54608 29.00518
11.27399 9.05841 10.11321 0.57108 29.00438
11.34309 8.98686 10.12848 0.61811 28.95682
11.2449 8.63558 9.9804 0.56836 29.58986
11.44789 8.63193 10.04334 0.55085 29.34095
11.45343 8.84886 10.20892 0.69256 28.82519
11.68629 8.82936 10.76348 0.75753 28.01196
12.00887 8.00959 10.43551 0.69869 28.89037
11.56345 9.03255 10.26381 0.82522 28.37091
11.9319 8.71728 10.4125 0.76191 28.22386
11.59122 8.38941 10.62221 0.70239 28.7197
12.12892 8.34344 10.69853 0.69894 28.16363
11.64408 8.4888 10.45982 0.64145 28.79191
11.55099 9.16369 10.39721 0.69478 28.22838
11.72051 8.87155 10.1198 0.64831 28.66257
11.75145 9.16543 10.17503 0.67087 28.27336
11.58896 8.78421 9.92726 0.65445 29.07348
11.66736 8.30599 10.1808 0.79361 29.08733
10.91152 8.9539 10.4272 0.78897 28.95047
11.38712 8.95115 9.583 0.89465 29.22023
11.4183 8.64561 10.07033 0.90036 29.00625
11.27886 8.83868 10.05756 0.90869 28.95732
11.33204 8.7629 10.49251 0.78184 28.66697
11.67035 8.87372 10.29584 0.75142 28.44256
11.59427 8.79084 9.90937 0.7317 28.99517
11.48404 9.30934 9.90198 0.71447 28.61524
11.53017 9.29944 10.11841 0.79532 28.28359
11.50351 9.26774 10.00535 0.68836 28.56898
11.17896 8.97977 10.29015 0.71329 28.86547
11.32729 9.226 10.27182 0.74704 28.46713
11.69002 8.99648 10.07228 0.74338 28.53594
11.54795 9.09766 9.9977 0.7019 28.68942
11.80765 8.94989 9.69062 0.63673 28.93606
11.75669 8.87579 10.14919 0.63729 28.60599
12.01101 8.84734 9.94868 0.72688 28.49482
11.6724 9.14058 9.60504 0.7649 28.85073
11.36456 8.79849 10.27506 0.73963 28.85601
10.91123 9.04093 10.47167 0.78386 28.81883
11.02652 9.34546 10.3053 0.68996 28.66554
11.0956 8.39853 10.45233 0.7987 29.29888
11.25848 9.03741 10.3472 0.79565 28.62346
11.90007 8.95225 9.77894 0.6832 28.73223
11.56478 8.73675 10.10389 0.69537 28.94629
11.65617 9.10863 9.79179 0.74746 28.74647
11.39517 8.28057 10.59812 0.7079 29.06749
11.32341 8.70249 10.13727 0.66571 29.21593
11.57862 9.28832 9.84507 0.75949 28.60386
11.65833 8.73267 9.69395 0.68535 29.27772
11.71277 8.61135 9.98147 0.71612 29.02271
11.19663 8.84878 10.4045 0.81162 28.78835
11.35535 8.64081 10.22873 0.75643 29.05237
11.30602 9.21896 10.03348 0.69371 28.77584
11.234 9.19981 10.14372 0.63866 28.80827
11.29623 8.90313 10.07029 0.6432 29.1156
11.45122 8.88806 9.88524 0.68713 29.12754
11.35072 8.9006 9.9284 0.79505 29.08755
11.19936 8.76254 10.93531 0.71483 28.43003
11.66186 8.8919 10.39357 0.71808 28.37124
11.11523 9.09833 10.19158 0.66419 28.95983
11.04875 9.14635 10.6844 0.67878 28.47835
11.84748 8.97799 9.79129 0.72489 28.70438
12.14794 8.64821 9.80505 0.77952 28.67002
11.94898 8.3568 10.04689 0.77452 28.92473
11.3635 8.78955 10.31566 0.71971 28.84821
11.23844 8.65881 9.97279 0.75355 29.41562
11.42129 8.66441 10.41136 0.81105 28.74838
11.76762 8.5668 10.3753 0.78454 28.57718
11.60655 8.16116 11.18138 0.84742 28.28073
11.04783 8.35928 11.05488 0.74491 28.84406
11.27263 9.01761 10.36291 0.71288 28.67248
11.3757 8.4748 10.38997 0.69635 29.08632
11.5738 8.52214 9.97673 0.6021 29.35741
11.76807 8.47983 10.12684 0.72314 28.95452
12.22043 8.09304 10.31536 0.69358 28.72235
11.64228 8.40179 10.14317 0.64188 29.19448
11.62289 8.23999 10.48212 0.73849 28.95194
11.54085 8.45765 10.49322 0.7382 28.82301
11.62885 8.29983 10.2336 0.65593 29.21515
12.14665 8.71979 10.35253 0.85233 27.99348
11.7599 8.69203 10.45304 0.85199 28.28801
11.40034 9.05949 10.14444 0.75101 28.67462
11.88855 8.91926 9.3233 0.82115 29.07769
10.61719 8.35951 10.97753 0.8797 29.20922
11.00878 8.39872 10.40056 0.80618 29.42848
11.2569 8.44979 10.43493 0.87366 29.04787
11.77823 8.52161 10.24156 0.85165 28.66216
11.30944 8.45696 10.43667 0.83224 29.02802
11.85543 8.67403 9.91559 0.85483 28.76892
11.52364 8.76617 10.07257 0.75155 28.93095
11.81144 8.66427 10.06153 0.7578 28.74278
11.58086 9.09184 10.09056 0.80651 28.47009
11.7701 8.52205 10.04468 0.85118 28.85937
11.67825 8.94543 9.64701 0.8866 28.89804
11.26861 8.72089 10.3223 0.90234 28.85265
11.30276 8.35063 10.52443 0.89714 28.97384
11.69537 8.2628 10.50564 0.91787 28.66694
11.58365 8.52052 10.48212 0.86308 28.5847
11.76387 8.61623 9.88891 0.83171 28.92449
11.44941 8.77747 9.74699 0.80061 29.24812
11.46026 8.45232 9.98582 0.80466 29.32128
11.7081 8.40896 10.13602 0.75906 29.01056
11.38531 8.50042 10.46692 0.8392 28.84502
11.56905 8.58496 10.20559 0.84379 28.83319
11.40928 8.78839 9.84533 0.80659 29.20548
11.63324 9.17559 9.91672 0.73036 28.58464
11.63675 9.11644 10.07373 0.72865 28.48427
11.3096 8.84544 9.96115 0.7431 29.17517
11.92805 8.93027 9.53335 0.80743 28.84386
12.0498 9.15728 9.75822 0.77263 28.31231
11.39053 9.03588 9.56557 0.66165 29.37172
11.72578 8.78905 9.75167 0.68976 29.0769
11.32378 8.36444 10.09835 0.63026 29.60489
11.45453 8.75002 9.65368 0.65498 29.51792
11.29899 8.87828 9.8465 0.61969 29.3803
11.04714 8.64468 10.57093 0.57185 29.18363
11.18843 9.17808 9.68992 0.66178 29.30782
11.30126 9.19211 9.6397 0.63111 29.2593
11.32042 8.94515 10.0191 0.68116 29.06516
11.63291 8.82616 9.84656 0.75739 28.97209
11.45132 8.74556 9.83076 0.70355 29.29659
11.02156 8.94493 9.97584 0.71376 29.37798
11.19425 8.80141 10.15497 0.70051 29.17038
11.2362 8.76242 10.1222 0.67565 29.22246
11.49706 8.59492 9.73146 0.64697 29.54739
11.49619 8.58559 9.97312 0.62945 29.3351
11.12271 8.96972 10.16115 0.68671 29.08625
10.88593 9.71894 9.62092 0.59145 29.20183
11.38885 8.63213 10.35783 0.67165 28.98069
11.60747 9.06798 10.24937 0.65455 28.45639
11.52344 9.10473 10.35708 0.65407 28.3932
11.55032 8.81422 10.48819 0.6094 28.57063
11.75152 8.96253 10.16306 0.64766 28.51643
11.62241 8.94197 10.19152 0.73248 28.56336
11.37705 8.72456 10.38812 0.69185 28.8512
12.03048 8.50642 10.68038 0.70553 28.11248
11.42259 8.78689 10.52433 0.6852 28.61618
11.57163 9.05124 10.31619 0.60839 28.48369
11.42017 8.98275 10.07944 0.59526 28.94554
11.62215 8.65379 9.7148 0.57817 29.45141
11.7487 8.4462 10.31328 0.65258 28.86029
11.87143 8.45677 10.17816 0.58206 28.93566
11.19759 8.50766 10.71267 0.63589 28.96817
11.63491 8.45059 10.38569 0.64462 28.90766
11.68272 8.61722 10.28445 0.61331 28.83351
11.20566 8.77594 9.94191 0.58906 29.51112
11.1366 8.96346 10.38206 0.63711 28.91869
11.03084 9.08533 10.35581 0.64422 28.92194
11.52214 8.59185 10.09448 0.63887 29.17314
10.94835 8.91463 10.24697 0.70669 29.20649
10.82942 9.6106 9.73645 0.78945 29.06712
11.56467 8.60029 10.1627 0.80395 28.90556
11.06897 8.66542 9.99979 0.67953 29.60441
11.703 8.80154 9.78039 0.70683 29.02494
11.54966 8.70804 10.10923 0.7064 28.95353
11.5499 8.74072 9.68541 0.71648 29.33258
11.39809 8.65014 9.85492 0.8166 29.32157
11.62223 8.80558 10.2554 0.78229 28.56749
11.16818 8.91726 10.29453 0.80542 28.85902
11.68592 8.75543 10.43566 0.71663 28.44506
11.65453 8.62099 10.3044 0.78372 28.67734
11.73926 9.25314 9.73957 0.64876 28.64938
10.98532 8.9396 10.07315 0.60944 29.41463
11.36994 8.60735 10.56212 0.68755 28.80189
11.79668 8.59131 10.10161 0.75261 28.78638
11.60506 8.58343 10.08086 0.64835 29.10332
12.27736 8.51465 9.81276 0.67054 28.74518
11.76288 8.45565 10.03555 0.69417 29.06795
11.85309 8.69248 10.06784 0.70958 28.70293
11.43896 8.96886 10.17486 0.71311 28.72998
11.33949 8.70451 10.15521 0.67856 29.14365
10.84083 9.09486 10.13794 0.66358 29.27892
10.99156 8.99552 10.04912 0.63207 29.34835
11.48606 8.97082 9.92933 0.74239 28.9067
11.59197 8.6825 9.84636 0.72803 29.18452
11.28685 8.95722 9.90206 0.70351 29.18781
11.207 9.00243 10.18655 0.70491 28.93504
11.23896 9.00983 10.37095 0.75023 28.67341
11.19236 8.86015 10.19735 0.59526 29.18094
11.24341 9.04426 9.6936 0.57835 29.45805
11.66108 8.5383 9.89645 0.58467 29.33938
11.56917 9.05847 9.81547 0.64486 28.94363
11.18571 8.90558 10.56278 0.63439 28.73979
11.45507 9.04043 10.09986 0.6357 28.80623
11.85135 9.01605 9.98132 0.55889 28.6132
12.17681 8.55689 10.00343 0.57425 28.70979
11.985 8.76777 10.15916 0.52438 28.57894
11.56098 8.3501 10.61384 0.53048 28.958
11.8242 8.57348 10.61751 0.60811 28.39894
12.46155 8.62692 10.13808 0.76176 28.04636
11.27708 8.75878 10.41302 0.71035 28.8615
11.54374 8.39794 10.66773 0.68248 28.72926
11.79839 8.61243 10.30169 0.6814 28.63682
11.30946 8.35492 10.45008 0.62319 29.28965
11.47947 8.18209 10.41676 0.59769 29.34288
11.83019 8.88656 10.20559 0.61431 28.48816
11.71552 8.74079 10.39976 0.69346 28.47194
11.3766 8.83265 9.94649 0.64249 29.21825
11.69407 8.65938 10.05202 0.75714 28.86631
11.89752 9.08095 9.90521 0.7354 28.39888
11.92607 8.71544 9.91319 0.73736 28.72342
11.52491 8.71763 10.54051 0.78382 28.4562
11.32048 8.50818 9.86177 0.64194 29.67731
11.32801 8.80626 9.8215 0.65431 29.40449
11.8875 8.21475 10.24224 0.67519 28.99611
11.88102 8.19667 10.71036 0.60667 28.61705
11.36228 8.47228 10.40759 0.59761 29.17049
12.0472 8.28032 10.07605 0.56294 29.04134
11.59587 8.3361 10.77426 0.59889 28.709
11.67514 8.48549 10.18602 0.57979 29.0837
11.35335 8.71915 10.11393 0.60263 29.22127
11.30348 8.61131 10.61224 0.59919 28.88668
11.33243 8.78874 10.3795 0.62089 28.88968
11.52613 9.1646 9.8401 0.60896 28.87315
11.20651 8.88141 10.46965 0.64292 28.81102
11.20825 8.34871 10.40257 0.67231 29.3864
11.52953 9.00404 9.80152 0.73022 28.95304
11.33044 8.73577 10.16604 0.65083 29.13369
11.42112 8.92933 10.58991 0.62227 28.45327
11.57038 8.99822 9.85905 0.64048 28.94481
11.38792 8.77054 10.51126 0.72909 28.6229
11.74732 8.52039 9.97563 0.79318 28.97959
11.37658 9.04415 9.71706 0.78797 29.09059
11.66861 8.56834 10.03807 0.75884 28.97618
12.05187 8.37427 10.13782 0.72632 28.72212
11.42739 8.86635 10.11841 0.71719 28.88151
11.40621 8.9341 10.2599 0.79851 28.61407
11.81345 8.75975 10.07692 0.85678 28.51577
11.45673 8.77037 10.32878 0.90105 28.56511
11.4998 8.57398 10.09043 0.83127 29.02216
11.86418 7.92207 10.39614 0.75625 29.07527
11.7031 8.04674 10.58652 0.86602 28.82581
11.43097 8.72531 9.92909 0.82667 29.10854
11.6181 8.74133 10.31018 0.96357 28.3961
11.45395 8.80769 10.17885 0.97408 28.6125
11.36343 8.19061 10.56985 0.90793 28.98668
11.0735 8.70495 10.3142 0.86272 29.06605
11.37598 8.49481 10.37464 0.8316 28.945
10.96799 8.82693 10.70989 0.81078 28.70657
11.27934 8.46485 10.37357 0.75574 29.15076
11.41551 8.89054 10.07965 0.76854 28.86834
11.7155 8.97374 9.98864 0.74145 28.59942
11.49144 8.9761 9.81137 0.732 29.01031
10.7548 9.31194 10.06979 0.66707 29.21307
11.47696 8.6637 10.3495 0.61713 28.91064
11.52559 8.52932 10.5669 0.66479 28.73368
11.25949 8.37801 10.63906 0.64218 29.09946
11.64533 8.74922 9.83788 0.57865 29.19667
11.5926 8.56484 10.12947 0.68986 29.04139
11.35026 8.88259 10.55844 0.67061 28.55825
11.78935 8.51737 10.18881 0.62122 28.89807
11.66058 8.20571 10.4324 0.66569 29.05099
11.52818 8.03534 10.07016 0.71089 29.67353
11.35655 8.79559 9.74664 0.78515 29.33927
11.54672 8.4766 10.04597 0.74992 29.19849
11.34162 8.31203 10.29753 0.77057 29.30379
11.19324 8.4847 10.45015 0.75663 29.14782
11.72045 8.58793 10.22545 0.70805 28.78444
11.24472 8.60008 9.93181 0.56837 29.67203
11.48417 8.63673 10.14514 0.64099 29.11627
11.90749 8.42165 10.42657 0.62543 28.65063
11.33832 9.0387 9.83466 0.58404 29.22001
10.64799 8.88505 10.31204 0.53703 29.63344
10.98125 8.54929 10.59441 0.58218 29.31347
11.75464 8.85375 10.13794 0.68528 28.59727
11.6242 9.04773 10.17971 0.74253 28.44031
11.35022 8.64881 10.5123 0.78988 28.72351
11.62789 8.52476 9.67997 0.78145 29.40835
11.59354 8.39044 10.18565 0.87504 28.99062
11.43619 8.47008 10.03293 0.85214 29.23297
11.97849 8.41297 10.11305 0.81415 28.70349
11.63077 8.38114 10.24356 0.79531 28.97209
11.71967 8.2861 10.5034 0.81018 28.71026
11.48145 8.85684 10.38965 0.87634 28.42893
11.72373 8.49973 10.4563 0.77785 28.57162
11.9166 8.30303 10.29488 0.80674 28.71637
10.87063 8.58905 10.67559 0.78453 29.10952
11.84114 8.06725 10.52291 0.82826 28.77113
11.98143 8.409 9.65513 0.75441 29.21343
11.80902 8.37429 10.04997 0.81835 28.96646
11.06773 8.9567 10.5274 0.83979 28.63297
11.03667 9.25844 9.66638 0.76782 29.29295
11.77122 8.9634 9.84727 0.87642 28.58811
10.96648 9.79246 9.52983 0.86081 28.89412
10.74573 9.45168 10.01198 0.79937 29.02734
11.41544 9.16055 10.60001 0.84693 28.01327
11.54396 9.30645 9.92977 0.85606 28.39569
11.01905 8.92406 10.11396 0.76329 29.21014
11.48909 8.27313 10.58081 0.7563 28.92693
11.02024 8.35192 10.82547 0.70418 29.12112
11.02228 9.19547 10.28558 0.66769 28.8537
11.42745 9.41173 10.17321 0.75076 28.27934
11.89306 8.56239 10.12 0.81504 28.65251
11.27942 8.69541 10.70383 0.8292 28.53312
11.39017 8.74836 10.56686 0.86885 28.46773
11.96823 8.80881 9.92409 0.90467 28.42291
11.74347 8.65356 10.16712 0.88485 28.66358
11.55839 9.08371 9.93742 0.69807 28.78842
11.27971 9.00093 10.26976 0.77354 28.75494
11.56133 8.79411 10.37427 0.89766 28.46066
11.41818 9.13693 10.53196 0.94196 28.07525
11.67123 9.11743 9.78297 1.09938 28.47008
11.34407 9.29399 9.79539 0.85135 28.80029
11.57783 9.31086 10.12433 0.92971 28.1352
11.9216 8.75274 9.96995 0.80745 28.61841
11.5464 8.6266 9.89789 0.73557 29.23316
11.45326 8.83663 10.27674 0.72863 28.74208
11.64905 8.54889 10.8832 0.85363 28.1255
11.57279 8.73568 10.76422 0.81895 28.16364
12.00482 8.66649 10.20348 0.71076 28.47077
11.31909 9.14099 10.53666 0.80213 28.28961
11.61444 8.94831 10.61841 0.75945 28.14041
11.34621 8.78179 10.34376 0.76794 28.8307
11.45741 8.50712 10.62176 0.74103 28.72886
11.68545 8.85606 9.81308 0.80122 28.9046
11.80338 8.50246 10.18212 0.80074 28.77513
11.60004 8.80916 10.20914 0.78366 28.65693
11.12213 9.05687 10.2715 0.72217 28.88115
11.10543 8.99279 10.59237 0.79646 28.59323
11.48681 9.14548 9.83263 0.71206 28.90848
11.1558 8.40639 10.90879 0.67642 28.92887
11.43234 8.64004 10.83727 0.6691 28.47569
11.26439 8.76563 10.47762 0.66606 28.87474
11.0407 9.24575 9.93655 0.7384 29.08766
11.33464 8.95419 10.09122 0.71967 28.94623
11.61434 8.67097 10.119 0.85561 28.79526
11.59196 8.75436 10.27222 0.78324 28.64896
12.13075 8.47661 10.39886 0.74581 28.29552
11.70946 8.69957 10.46629 0.82512 28.3682
11.98865 8.42018 10.41201 0.80291 28.43995
11.59761 8.40037 10.4663 0.87133 28.73913
11.33315 8.77718 10.86346 0.73612 28.35971
11.25924 9.17066 10.40381 0.66786 28.54056
11.49368 8.80763 10.71021 0.6689 28.37326
12.1049 8.37267 10.58226 0.70081 28.28854
12.10283 8.32214 10.72075 0.65357 28.2528
12.02685 8.71719 10.46464 0.67974 28.1781
11.69238 9.22774 10.42054 0.71372 28.00856
11.93355 8.85904 10.40533 0.76106 28.11224
11.93621 8.31183 10.71767 0.67159 28.40965
11.78402 8.84334 10.67276 0.62364 28.1356
11.45202 8.57562 10.24689 0.62062 29.1638
11.58559 8.88503 10.32179 0.63992 28.62003
11.5584 9.0614 10.04709 0.61281 28.75252
11.34917 9.19583 10.00556 0.63438 28.85262
11.26874 8.68546 10.19299 0.6553 29.23274
11.40436 8.59648 10.38726 0.58237 29.07302
11.44764 9.23724 10.2287 0.57411 28.55792
11.67255 8.31301 10.40951 0.57356 29.07584
11.67681 8.74258 10.45487 0.61561 28.56732
11.94924 8.40156 10.59655 0.52727 28.56815
11.81925 8.53325 10.12108 0.48703 29.07073
11.76942 8.75364 10.42159 0.50151 28.58329
12.2903 8.90567 10.20642 0.63682 28.01096
12.03666 8.8085 10.39638 0.62234 28.18944
12.06228 8.98027 10.06925 0.61087 28.33266
11.30765 8.51502 10.02798 0.56966 29.61249
11.40515 8.54841 10.50347 0.60108 28.97775
11.501 8.33979 10.6816 0.65754 28.85136
11.04512 8.96738 10.10107 0.66013 29.27265
11.3995 8.94157 9.78387 0.66829 29.25504
11.77297 8.70568 9.64799 0.81048 29.12456
11.65676 8.65319 10.19121 0.71653 28.83815
12.02109 8.94075 10.01256 0.7497 28.34708
11.68318 8.64486 10.34285 0.73123 28.66936
11.87003 8.72717 10.1739 0.71162 28.59039
11.98172 8.31058 10.21222 0.85519 28.74629
11.34464 8.67529 10.90752 0.94065 28.26669
11.78186 8.1106 10.3166 0.9192 28.97085
11.76878 8.05835 10.70394 1.12307 28.5197
11.93021 9.03783 9.8526 1.0293 28.27692
11.5091 9.12058 9.60444 0.95236 28.90604
11.80146 9.18048 9.83499 0.96054 28.3088
11.83801 9.08188 10.00365 0.94457 28.20577
11.0564 8.70166 10.41924 0.84054 29.04888
11.65391 8.52432 10.159 0.9904 28.78449
11.70701 8.34247 10.02063 0.97074 29.07183
11.21266 8.89621 9.94624 1.01146 29.04517
11.2983 9.10453 9.97146 1.10705 28.65377
11.10072 9.00659 10.1373 0.9934 28.84759
11.76739 8.59966 9.86804 0.89095 28.93649
11.16302 8.67233 10.18805 0.83517 29.18339
11.44016 8.44108 10.13906 0.84024 29.19257
11.64071 8.58313 9.96731 0.94158 28.94617
11.84766 8.34853 9.90029 1.05453 28.95165
11.56609 8.65803 9.66045 1.19898 29.04205
11.51465 8.6233 9.51778 1.15726 29.32274
11.33738 8.83333 9.8265 1.21158 28.93796
11.47106 8.85119 9.82933 1.05884 28.88108
11.29715 9.03858 9.92441 1.05296 28.77355
11.78827 8.7121 10.0549 1.01388 28.51101
11.55499 8.58071 10.30933 1.01508 28.62348
11.97753 8.68418 9.96835 1.02124 28.42411
11.21305 9.06464 9.90296 1.16597 28.77413
11.72685 9.0332 9.82009 1.01145 28.47932
11.10116 8.95678 9.69594 0.98584 29.32244
11.29937 8.59895 9.96004 0.89998 29.30158
11.50654 8.49486 10.22138 1.0016 28.85501
11.47251 9.1885 9.57358 1.19235 28.73208
11.49021 9.02094 9.79097 1.07876 28.76711
11.70589 8.92352 10.18697 0.99917 28.31022
11.25878 8.86559 10.46792 0.80416 28.6777
11.58807 8.58605 10.57337 0.83485 28.47919
11.56842 8.97482 9.51426 0.93226 29.07591
11.94246 9.10686 9.23196 0.95494 28.85126
11.63575 8.85936 9.70121 0.93237 28.96839
11.85567 8.61145 10.28724 0.89976 28.418
11.38994 8.8208 10.03846 1.03712 28.82572
11.49 8.78947 10.18004 1.05617 28.58789
11.53018 8.75345 9.70761 1.11856 29.00931
11.48114 9.20869 9.683 1.14464 28.59336
12.05498 8.61205 9.99436 1.22522 28.21436
11.58286 8.96721 10.20762 1.12732 28.22216
11.17517 8.51791 10.49962 1.00615 28.86545
11.08349 8.56236 10.57867 1.0313 28.83837
11.2502 8.46855 10.78726 1.02759 28.59145
11.50148 8.06299 10.56321 0.85789 29.07183
11.49302 9.0121 9.97505 0.87934 28.70167
11.70468 9.18477 9.91977 0.90843 28.34373
11.37328 8.56047 10.31888 0.95862 28.84193
11.26289 8.76979 9.68956 0.89094 29.4237
11.12311 8.60491 9.92615 0.90386 29.48156
11.42647 8.32547 9.8636 0.93533 29.48744
11.67492 8.53001 9.67175 1.00066 29.1859
11.43602 8.74684 9.80135 1.01605 29.06742
11.01522 9.17066 9.72249 1.04402 29.1513
11.83842 9.26123 9.70794 1.28712 28.09963
11.72243 8.44887 10.61724 1.4172 28.02496
11.56288 8.85447 10.2362 1.21149 28.3026
11.52021 8.42248 10.52448 1.32348 28.39876
12.44093 8.18176 10.11515 1.19274 28.22017
12.18121 8.86666 9.56976 1.34339 28.25909
12.13348 8.12937 10.24498 1.15959 28.47994
11.96651 8.26088 10.19327 1.36166 28.43534
11.17397 8.76284 10.49152 1.28976 28.47427
11.55357 8.43006 10.43103 1.06421 28.63804
11.34249 8.99128 10.3735 1.03468 28.35514
10.97105 8.99554 10.26342 0.86661 28.96109
11.59883 9.11824 9.7493 0.8155 28.76246
12.06289 8.57352 10.11101 0.85637 28.44518
12.17457 8.41345 10.68804 0.77903 28.01675
11.90409 8.99178 10.4936 0.76963 27.91729
11.88173 8.77883 10.50916 0.69991 28.19617
11.59965 8.96067 10.13433 0.66992 28.69066
11.6945 8.91024 10.10657 0.6948 28.647
11.95286 8.76948 10.18041 0.77947 28.40701
11.79109 8.44415 10.14178 0.61885 29.04539
11.66332 7.9111 10.71966 0.58617 29.15991
11.44907 8.91687 10.15283 0.69964 28.83958
11.0009 8.70028 10.48299 0.76486 29.10267
11.18937 8.81522 10.08178 0.69258 29.26882
10.84383 8.9825 10.09109 0.64849 29.4634
11.12325 8.72836 10.17331 0.64694 29.36114
11.71199 8.63484 9.85113 0.66789 29.15883
11.63284 9.06272 9.91971 0.66103 28.74445
11.74615 8.56008 10.09044 0.72482 28.92505
10.77657 9.24554 10.01322 0.72541 29.2769
11.531 9.06086 9.68559 0.69371 29.06384
11.13392 8.76668 10.39921 0.77531 28.97992
11.51234 8.64606 10.02719 0.80198 29.08641
11.54772 8.28808 10.55645 0.685 28.96807
11.26617 8.17171 10.59789 0.64451 29.36041
11.71802 8.65105 9.93931 0.74584 29.00795
10.87277 8.43406 10.46946 0.71236 29.56385
11.77404 8.81509 9.87718 0.70654 28.87676
11.82749 9.04358 10.14378 0.7297 28.31703
11.73294 8.78343 10.29332 0.74704 28.48087
11.3778 9.14298 9.97222 0.70241 28.83977
11.19984 8.34066 10.41037 0.70437 29.37395
11.21401 8.68325 10.14519 0.68974 29.30049
11.42414 8.392 10.18847 0.71176 29.30835
11.48268 8.22163 10.36162 0.82718 29.1545
11.11045 8.57468 10.58401 0.75364 29.01318
11.17007 8.74794 10.36612 0.76891 29.00572
11.61091 8.70891 10.57157 0.68317 28.49479
11.33244 9.22948 10.21818 0.59137 28.66756
11.04502 9.37131 10.38746 0.60144 28.63054
11.61848 9.33813 9.81754 0.63147 28.62771
12.03496 9.31282 9.86256 0.68066 28.1645
11.63526 9.08343 10.17732 0.61591 28.52296
11.33307 8.65818 10.33243 0.59745 29.10509
11.96921 8.74158 10.18551 0.64801 28.49224
11.57924 8.75548 9.75878 0.65538 29.27269
11.17091 9.08143 9.64097 0.68445 29.4471
11.44548 8.69272 10.12336 0.67424 29.09238
11.87678 8.95811 10.0972 0.74965 28.35475
11.45967 9.07497 9.80692 0.70296 28.99292
11.62938 9.21499 9.39646 0.68659 29.10675
11.16896 8.82576 10.38358 0.65608 28.99889
11.1191 9.15387 10.47403 0.60454 28.67833
11.40493 8.94464 10.44914 0.66043 28.58098
11.83288 8.933 9.59907 0.59575 29.06739
11.98804 8.79867 9.8828 0.67585 28.69262
11.19135 8.83709 10.23032 0.73931 29.04419
11.31411 9.09169 10.1111 0.6506 28.86299
11.68345 8.78859 10.37346 0.57653 28.61162
11.89812 8.86251 10.51924 0.73181 28.0392
11.46961 8.68822 10.36111 0.6262 28.87647
11.42753 9.14127 10.29733 0.59377 28.56963
11.46886 8.40182 10.55757 0.55259 29.04121
12.23793 8.84143 9.99931 0.6209 28.34871
11.82619 8.71324 10.0894 0.58062 28.82136
11.50633 8.5796 10.5884 0.70069 28.66992
11.68587 8.80361 10.46757 0.75328 28.32825
11.51987 8.53587 11.00129 0.78823 28.2046
11.81588 8.54515 10.7347 0.78642 28.19581
11.91586 8.20867 10.82108 0.74765 28.35796
11.38293 8.52128 10.53206 0.73633 28.87352
12.04633 8.45086 10.59657 0.67472 28.28393
11.9099 8.50458 10.48604 0.56609 28.56013
12.1339 8.46345 10.32339 0.54864 28.55863
11.44874 9.07376 10.29332 0.54723 28.65366
11.65292 8.77336 10.76712 0.54182 28.29083
12.00148 8.91097 9.45703 0.53786 29.11484
11.45568 9.05715 9.81726 0.53979 29.15248
11.8606 8.52783 10.01163 0.59388 29.04098
11.66152 8.67796 9.77796 0.66258 29.26602
11.49673 8.72589 10.46747 0.55487 28.78743
11.60506 8.81805 9.71484 0.63342 29.27199
11.82726 8.31937 10.07297 0.60554 29.20315
12.22143 8.38099 10.22021 0.65696 28.55885
11.60209 8.46682 10.42271 0.65842 28.87895
11.81381 8.17464 10.46391 0.58652 28.97921
11.66165 8.47608 10.10517 0.64554 29.1389
12.10807 8.54308 10.22783 0.74541 28.41797
11.7555 8.43809 10.2044 0.67449 28.96262
11.91038 8.70237 10.16901 0.69542 28.55046
11.52933 8.67179 10.29889 0.70334 28.82222
11.25352 8.83935 10.12824 0.68332 29.12034
11.40554 8.46965 10.37181 0.68011 29.10056
11.33384 8.95387 10.00817 0.80684 28.931
10.86305 9.22069 10.20538 0.80502 28.94005
11.37034 8.92482 10.38486 0.81195 28.55469
11.32029 8.66212 9.89286 0.70309 29.45298
11.21523 8.92987 10.24966 0.72185 28.91932
12.18905 8.45034 9.61259 0.6984 29.08104
12.29033 8.82973 10.23176 0.7193 27.97599
11.9033 8.77493 10.51915 0.69437 28.13731
11.51419 8.71641 10.19667 0.66462 28.92944
11.21616 8.99443 9.94918 0.62849 29.23438
11.38102 8.65841 10.4476 0.60867 28.93561
11.36473 8.60593 10.27285 0.60181 29.18016
11.2318 9.24378 10.30318 0.69612 28.57246
11.68611 9.08434 10.03624 0.69484 28.54061
11.31452 9.01211 9.88483 0.70801 29.11361
11.03558 8.74307 10.56199 0.62767 29.05191
10.97584 8.88674 10.35816 0.69364 29.11494
11.12319 8.81258 10.1901 0.62063 29.27124
11.30311 9.07617 9.67965 0.65127 29.3097
11.33225 9.2688 9.69493 0.67373 29.05279
10.78541 9.02117 10.3991 0.64033 29.17531
11.42574 8.39218 10.42259 0.65471 29.12443
11.46884 8.96648 9.76225 0.60197 29.21172
11.41177 8.8264 10.28936 0.62382 28.86981
11.62934 8.82205 9.97801 0.65377 28.94146
11.86804 8.49121 10.19653 0.64215 28.8288
12.33082 8.56756 9.94925 0.66689 28.5226
11.85193 8.48021 10.56278 0.70135 28.44786
11.5753 9.12476 10.1459 0.6725 28.50857
12.06836 8.44997 10.17995 0.68909 28.63916
11.97203 8.59078 10.18219 0.74263 28.54328
11.4777 8.93149 10.06988 0.72062 28.82871
11.49972 9.04359 10.42207 0.82411 28.24922
11.75568 8.71162 9.99181 0.78375 28.78781
11.19094 9.12117 9.96042 0.74554 29.00706
11.8853 7.96131 10.22179 0.74234 29.22251
11.75973 8.58833 9.9916 0.80554 28.89586
11.29154 8.44172 10.29291 0.80129 29.21204
11.45124 8.80641 9.95132 0.75934 29.06097
11.4567 8.53282 10.58422 0.81362 28.64903
11.62034 8.56201 9.91646 0.81609 29.12056
11.32682 8.57821 10.27863 0.72649 29.10812
11.76138 8.68995 10.49141 0.68869 28.39668
11.75976 8.51087 10.5534 0.63196 28.56706
11.64783 8.68217 10.03779 0.64767 29.01243
11.84723 8.42015 10.26312 0.65278 28.84601
11.91395 8.37668 10.60252 0.63463 28.49488
11.58134 8.63929 10.52686 0.76213 28.52649
11.52018 8.77257 10.35715 0.74376 28.64093
10.73104 9.00508 10.65529 0.65833 28.96875
10.99794 8.59593 10.52154 0.6704 29.23208
11.34427 8.70472 10.60063 0.67332 28.70318
11.381 8.8028 10.37935 0.74318 28.72192
11.72829 8.37159 10.3819 0.76183 28.78759
11.36716 8.84993 10.19539 0.74103 28.88921
11.8522 8.85481 10.18593 0.72605 28.42228
12.20946 8.61968 10.04848 0.72722 28.43999
12.10282 8.53301 9.91587 0.6918 28.79377
11.77767 8.50524 10.24185 0.71648 28.79969
11.76271 8.6394 10.0626 0.75246 28.82601
11.86893 8.34116 10.29113 0.62626 28.90769
11.32128 8.5972 10.37568 0.61107 29.12529
11.57715 8.6541 9.9948 0.59034 29.20605
11.5367 8.8705 9.61688 0.62059 29.37982
11.51738 8.38113 10.27918 0.65852 29.19072
11.81931 9.22399 9.63966 0.73319 28.61858
11.92629 8.73542 9.82081 0.74298 28.79501
12.01894 8.39705 10.33966 0.81859 28.45686
11.69502 8.68032 9.94607 0.7612 28.95062
11.10941 8.75147 10.3884 0.67675 29.09598
11.68012 8.0263 10.34029 0.70529 29.27617
11.77413 8.33799 10.17318 0.76808 28.98677
11.54656 8.10604 10.64955 0.71327 29.019
11.45859 8.21322 10.91553 0.63829 28.8089
12.11256 8.41341 10.72984 0.68628 28.10951
12.22077 8.28928 10.25988 0.63858 28.61763
12.29688 8.29035 10.11275 0.68854 28.64793
11.79253 8.63951 10.08858 0.68311 28.81986
12.21207 8.84501 9.58322 0.77727 28.63705
11.80777 9.16153 9.67553 0.76774 28.6273
11.12305 9.25722 9.53402 0.77528 29.34453
11.46614 8.4879 10.5958 0.78274 28.7057
11.62281 8.69457 10.16134 0.69563 28.8565
12.03305 8.55757 10.15699 0.71269 28.59206
11.28908 8.47702 10.46619 0.61367 29.18608
11.23407 8.14731 10.81666 0.61256 29.21749
11.91131 8.37802 10.26743 0.63715 28.84553
11.63257 8.57476 10.60232 0.68777 28.54199
11.61318 8.62838 10.15611 0.66351 28.96384
12.01408 8.29189 10.09709 0.66353 28.96044
11.59586 8.42562 10.41059 0.77355 28.82182
11.1203 8.46626 10.55645 0.77626 29.10495
11.17806 8.25162 10.39696 0.78605 29.40339
11.27702 8.53722 10.01508 0.74225 29.44679
11.47737 8.41082 9.90555 0.68597 29.53896
11.29339 8.76369 9.94955 0.76268 29.25697
11.38938 8.58906 10.49342 0.84196 28.71293
11.63295 8.86498 9.92253 0.73294 28.87169
11.27039 8.55772 10.02841 0.68574 29.48093
11.51683 8.69801 9.81026 0.6907 29.30893
11.43279 8.94437 9.76228 0.76339 29.126
10.86372 9.18514 9.60735 0.6856 29.68727
10.90313 8.98064 10.59223 0.69574 28.85078
11.38574 9.22897 10.12528 0.72216 28.58645
11.20194 8.53871 10.28942 0.69168 29.30896
11.14324 8.80655 10.22879 0.65181 29.20381
11.40719 8.86822 9.72031 0.61678 29.42038
11.73395 8.98852 9.74049 0.61833 28.94636
11.67669 8.93899 10.06698 0.66079 28.67937
11.18138 8.91646 10.54326 0.79095 28.61054
11.31097 8.96081 9.79482 0.73488 29.23232
11.60815 8.50036 10.62388 0.69614 28.6025
11.36152 8.65604 10.77841 0.6681 28.55982
12.09864 8.08924 10.57819 0.71583 28.54522
11.83687 7.90348 10.20727 0.64723 29.42753
11.24434 8.9172 10.14921 0.62067 29.08945
11.82166 8.49174 10.28565 0.63835 28.79245
11.14199 8.58564 10.31494 0.68715 29.30177
10.93693 8.55655 10.69529 0.70936 29.13312
11.44857 8.50177 10.25485 0.76708 29.06745
11.12414 8.96817 10.74697 0.7815 28.43039
11.80456 9.05639 9.79001 0.8534 28.54934
11.02369 9.35566 10.2992 0.73472 28.61932
11.97735 8.83709 10.1782 0.61833 28.42157
11.54022 8.59614 10.00147 0.66473 29.22797
11.73341 8.71864 9.84335 0.62695 29.10761
11.01485 9.30764 9.72051 0.59491 29.38493
11.34931 8.6458 10.0802 0.75969 29.19941
11.56377 9.22663 9.73645 0.79708 28.71218
11.52809 8.58558 10.29974 0.71661 28.89171
11.71658 8.43069 10.10379 0.74349 29.03404
11.30192 9.09606 9.68918 0.76952 29.16845
10.92159 8.66951 10.25389 0.78889 29.39392
11.55331 8.97156 9.88906 0.69398 28.9157
11.67751 8.35337 10.09121 0.58552 29.30984
11.51915 8.35422 10.14412 0.68583 29.32135
11.91107 7.95482 10.56204 0.67146 28.92895
11.96888 8.58917 10.13195 0.69583 28.65246
12.06782 8.13568 9.97285 0.64382 29.20083
11.38873 8.26354 10.91519 0.60987 28.85973
11.90347 8.35648 10.68248 0.70502 28.4047
10.82347 8.65575 10.55241 0.69035 29.31494
11.07571 8.5442 10.12885 0.55524 29.71732
11.22916 8.71238 10.5086 0.67536 28.90648
11.54671 8.95436 10.00591 0.63866 28.87684
11.69945 8.68729 10.1014 0.69253 28.85884
11.68953 8.24748 10.25531 0.56406 29.2651
11.6411 8.55703 10.48296 0.66576 28.68367
11.65121 8.56883 10.32525 0.66903 28.81271
11.55218 8.49333 10.26746 0.72251 28.99714
11.51078 8.63102 10.21331 0.74386 28.93121
11.25614 8.84792 10.60566 0.58813 28.72053
11.87013 8.95308 9.81281 0.5616 28.82276
12.00141 8.51961 10.41834 0.62594 28.46452
11.43738 8.60679 10.3628 0.5909 29.03335
11.32088 8.3072 10.65869 0.56677 29.16609
11.50948 8.46966 10.60498 0.61533 28.82727
11.14776 8.53858 10.77275 0.53615 29.02448
11.71376 8.09606 10.28922 0.59075 29.34251
11.94458 8.36807 9.87136 0.62918 29.22038
11.7277 8.63452 9.98983 0.58747 29.08285
11.79634 8.31355 10.13446 0.55936 29.2208
11.13697 9.05347 10.49013 0.65928 28.68791
11.11928 9.14798 10.178 0.63294 28.94467
11.20693 8.97268 9.84443 0.56932 29.4329
11.40173 9.09332 10.17312 0.56197 28.80609
12.26982 8.66012 10.06627 0.63252 28.41412
11.63626 9.23782 10.16043 0.6354 28.36218
11.27968 9.20796 10.21005 0.66661 28.66948
11.40793 9.314 10.01905 0.66048 28.63007
11.68157 8.80121 9.68885 0.56505 29.27756
11.29875 9.09473 10.13168 0.64 28.85426
11.63659 8.92034 9.93062 0.62988 28.90084
11.96945 8.8767 10.05594 0.6859 28.43031
11.84272 8.66787 10.13098 0.73174 28.66063
11.9263 8.6908 10.30084 0.80207 28.32848
11.48271 8.38874 10.88886 0.63272 28.63285
10.94702 8.2581 10.9122 0.68713 29.23277
10.74707 8.32823 10.8785 0.60607 29.47152
11.41841 8.51263 10.41681 0.73532 28.97039
11.4395 8.4178 10.71594 0.71955 28.75011
11.5742 8.76463 10.50475 0.70993 28.47796
11.66757 8.59267 10.35754 0.71339 28.70588
11.11683 8.97997 10.69936 0.61307 28.61962
12.10908 8.61237 10.01617 0.63209 28.65712
11.97548 8.2677 9.86808 0.58182 29.33577
11.42739 8.51842 10.60551 0.60626 28.86824
11.56533 8.5392 10.3878 0.63817 28.89245
11.6719 8.79339 10.42493 0.66069 28.47146
12.08897 8.92341 10.15809 0.7173 28.15911
11.64537 8.73054 10.33105 0.77474 28.56118
11.58937 8.81473 10.18806 0.7221 28.72626
11.60816 8.81633 10.50842 0.73201 28.37575
11.4767 8.33275 11.08048 0.7228 28.42533
11.82464 8.48729 10.69935 0.67804 28.33336
11.68313 8.30161 10.50529 0.64582 28.89981
11.20888 8.39563 10.88499 0.7093 28.84761
11.85108 8.42576 10.26392 0.68375 28.81704
11.81312 8.48542 10.4495 0.73843 28.56044
11.9908 8.24363 10.44564 0.72001 28.64477
11.40613 8.48832 10.61795 0.7252 28.80182
11.37704 8.56228 10.20141 0.73177 29.17395
11.01632 8.49216 10.59134 0.72647 29.20603
11.68396 8.5459 10.74598 0.73397 28.3199
12.03782 8.65045 10.99645 0.69819 27.66109
11.55845 9.0408 10.20816 0.73775 28.49199
11.53899 9.21188 10.20735 0.72071 28.35876
11.39722 9.46155 10.23954 0.72381 28.21784
11.81233 8.83711 10.06995 0.82349 28.5031
11.42744 9.17438 10.50164 0.82387 28.11783
11.17484 8.85889 10.28591 0.8456 28.8711
11.71767 8.92153 9.96243 1.02186 28.46946
11.90383 8.87639 10.06639 0.90123 28.32243
11.93635 8.55355 10.11808 1.03564 28.45908
11.48466 8.65556 10.46611 0.93304 28.53772
11.45695 8.74526 10.20495 0.89915 28.73302
11.82766 8.25643 10.33935 0.98965 28.64762
11.99824 8.17875 10.50526 0.96722 28.41077
11.78442 8.39829 10.53689 0.73191 28.57461
11.73938 8.59714 10.4257 0.82952 28.44325
11.23536 8.79686 10.20875 0.76458 29.02253
11.40575 8.70811 10.3332 0.803 28.78386
11.57411 8.81454 10.00841 0.90872 28.74495
11.79673 8.77816 9.93409 0.94784 28.58503
11.7888 8.68623 9.77023 0.7952 28.99503
11.56604 8.93522 10.30939 0.84148 28.3898
11.59628 8.60309 10.01217 0.94036 28.89801
11.92892 8.60189 9.88212 1.08582 28.5643
11.35363 8.66061 10.17271 0.95863 28.90152
12.35391 8.95195 10.08831 0.99244 27.67445
11.76637 8.39597 10.4723 0.86151 28.54798
11.23268 8.94159 10.35234 0.97917 28.53723
11.11423 8.93153 10.64078 0.88335 28.46515
11.52556 8.94204 10.09847 0.88934 28.58122
11.64988 9.09376 10.07438 0.76762 28.45051
12.05777 8.1249 10.13472 0.73084 28.98935
11.00124 8.74559 10.44866 0.82071 29.03205
11.60763 7.99197 10.41908 0.88887 29.1547
11.878 8.41781 10.08198 0.89339 28.79406
11.50691 8.63208 10.69883 0.97597 28.28689
12.10746 8.45011 10.33758 0.94492 28.24574
11.78021 8.8161 10.42951 1.01168 28.05868
11.76322 8.6371 10.47915 0.90033 28.28784
11.54325 8.52366 10.66973 0.90704 28.41267
11.25971 8.82793 10.55051 0.79134 28.60361
11.03798 8.9186 10.67001 0.69814 28.7057
11.68952 8.64578 10.65946 0.71476 28.34964
11.37937 8.35149 10.75998 0.78561 28.77333
11.61612 8.47144 10.27205 0.6757 28.99699
11.94817 8.55491 10.1095 0.65243 28.77513
11.67694 8.86263 10.07303 0.63678 28.7744
11.28889 9.13122 10.20191 0.6426 28.76191
11.46176 8.71131 10.41072 0.57839 28.85748
11.56005 8.59721 10.18272 0.65785 29.02532
11.2234 9.50534 10.03758 0.65993 28.59355
11.53128 8.7676 10.14534 0.72061 28.85845
12.04721 8.28886 10.79152 0.71617 28.17811
11.68176 9.08021 10.39287 0.73539 28.13911
11.49941 8.59962 10.41179 0.74052 28.78112
11.73547 8.89295 10.27872 0.71284 28.41062
12.23293 8.79357 10.09962 0.6486 28.25683
12.02931 8.73629 10.20167 0.64352 28.41982
11.96827 8.70321 10.05779 0.66392 28.6375
12.08328 8.95077 10.02449 0.69522 28.26967
11.73141 8.55723 10.33035 0.83893 28.57828
11.42571 8.87763 10.38621 0.92611 28.4352
