"V1" "V2" "V3" "V4" "V5"
9.12133 14.51298 10.08256 0.69206 25.66573
9.35719 13.78308 9.92739 0.58949 26.39715
8.44131 14.86189 9.22826 0.49804 26.99636
8.79006 15.08019 9.18345 0.5365 26.44023
9.4998 14.51636 9.5683 0.62505 25.84958
9.19071 15.18734 8.80641 0.66494 26.22322
8.81029 15.07766 9.74347 0.69279 25.78119
10.10209 14.65486 8.98898 0.80072 25.57727
9.7053 14.29714 9.95622 0.80933 25.3535
9.02779 13.94384 10.50906 0.88335 25.73331
9.24941 14.6142 9.20489 0.78371 26.22332
8.63909 14.80217 9.88483 0.80779 25.9543
9.82311 14.99581 9.82278 0.90418 24.57169
9.64193 14.02671 10.0824 0.90563 25.43581
8.94643 14.58875 10.22774 0.99219 25.38814
8.69573 15.18818 10.39363 0.89757 24.97488
9.02831 14.31703 10.05242 0.63476 26.04147
9.76841 14.44956 9.72581 0.72329 25.41177
9.4758 14.65784 9.1147 0.98876 25.87354
9.17281 14.38532 9.60832 0.95219 25.98808
8.86867 14.38097 9.68555 0.87227 26.31499
9.02653 14.6859 10.15744 0.79445 25.41289
8.71356 14.63537 9.9476 0.92426 25.88153
8.92066 14.52391 10.45811 0.923 25.29025
9.6098 14.20321 10.32343 0.98904 25.04575
9.6255 14.22196 11.01551 0.84232 24.44818
9.565 13.90283 9.55494 0.68268 26.37425
9.11269 15.05405 9.72572 0.70126 25.54745
8.55882 15.12517 9.3994 0.66151 26.31927
9.04096 15.94976 8.81698 0.95909 25.35573
8.99031 15.11873 8.96758 0.84537 26.16579
9.6106 15.01648 8.84296 0.7307 25.8889
8.75019 15.20341 9.20729 0.73123 26.18933
9.5988 14.49757 9.46117 0.88237 25.65797
9.27238 14.98854 9.07778 0.76222 25.95133
9.54817 14.61921 9.04256 0.74684 26.10536
9.51893 14.59593 9.30166 0.77251 25.89574
9.37442 14.76677 9.25357 0.84617 25.83265
8.63897 14.38287 9.90617 0.94748 26.21605
8.72856 15.01484 10.21788 0.94795 25.20699
8.32737 15.00867 9.60219 0.83192 26.29754
8.86611 14.43014 10.13592 0.81048 25.82442
9.33928 14.25265 9.84082 0.85044 25.78436
8.89268 14.48781 9.97271 0.73819 25.97589
9.54754 13.95042 9.62021 0.60549 26.31495
9.52143 14.77624 9.24842 0.60128 25.89705
9.14118 14.87695 9.99085 0.73021 25.33161
9.0495 14.35629 9.82183 0.61692 26.19718
9.44207 14.76248 9.80432 0.69519 25.35532
9.1057 14.56842 10.64089 0.64968 25.08941
9.24851 15.37425 10.31037 0.61731 24.51434
9.34615 14.20285 10.2513 0.66925 25.56842
9.04632 14.05474 10.2541 0.678 26.01613
8.82209 14.11044 9.84174 0.7476 26.51853
9.08718 14.2103 9.47015 0.84109 26.44743
9.51017 14.14881 9.00702 0.85574 26.54285
8.56168 13.8779 9.65642 0.78711 27.17236
9.30288 14.56352 8.71269 0.8835 26.59792
8.82947 14.49483 9.64632 0.88488 26.21075
8.60032 14.16169 9.59046 0.81699 26.87719
9.06534 14.82271 9.33125 0.71697 26.11945
8.90964 15.07932 9.21164 0.7625 26.11296
9.19591 14.74417 9.80139 0.86247 25.50854
8.24385 15.06077 9.52379 0.89321 26.37782
8.95532 15.26818 9.02615 0.7899 26.03628
8.73767 14.99255 9.41642 0.71552 26.19582
9.28217 15.30661 8.59947 0.75871 26.11539
9.40426 14.43805 9.90322 0.73241 25.60078
8.77206 13.94192 10.00447 0.72335 26.61452
9.44594 13.60277 10.59948 0.75922 25.65543
9.51232 13.89259 9.78899 0.91706 25.98379
9.54087 13.89998 9.99224 1.10323 25.62575
8.94631 13.52617 10.82375 0.80402 25.98393
9.66459 13.24879 10.77718 0.82845 25.56402
8.78796 14.19484 10.18996 0.78612 26.1226
9.54788 13.69898 10.4596 0.96416 25.4818
9.50159 13.2183 10.9513 0.92623 25.50059
8.65825 14.59343 9.9334 0.66318 26.207
8.26806 14.74088 9.0512 0.71115 27.26746
8.75819 14.55633 10.09774 0.77438 25.87562
8.64745 14.90816 9.86429 0.71411 25.91242
8.52935 14.81183 9.85309 0.71438 26.12897
9.25721 14.76449 9.41021 0.9492 25.70009
9.68389 14.22159 9.07906 1.02338 26.0767
9.28318 14.40993 9.83884 0.95351 25.57945
9.07181 15.05785 8.78423 1.00413 26.12569
8.69484 14.5748 9.32549 1.09638 26.3642
8.30938 14.83581 9.56022 1.12817 26.22816
8.47017 14.67477 9.19958 1.22 26.49251
8.73054 14.69146 8.82749 1.31511 26.50628
8.35508 14.61028 9.73684 0.88103 26.45476
8.898 15.44483 9.13388 1.06931 25.51594
8.54727 15.47886 9.14674 0.94216 25.96097
8.98173 14.60383 8.81679 0.7982 26.83795
9.42688 14.44318 9.55724 1.05964 25.61112
8.5396 15.23555 8.97304 1.10638 26.27757
9.11025 15.17156 9.18986 1.18054 25.4833
9.06935 15.34875 8.81226 1.25304 25.66193
9.47251 14.96038 8.8537 1.21893 25.63687
9.10461 15.61261 8.89688 1.13053 25.37732
9.05061 13.99809 9.54945 0.91206 26.54733
8.90727 14.78963 9.61546 0.96539 25.78013
8.94387 14.18444 9.30913 0.92656 26.66926
9.375 14.12319 9.12024 0.91502 26.51075
9.48863 14.54702 9.50444 0.8831 25.63635
9.0386 14.92967 9.44373 0.85392 25.79805
9.21165 14.76056 9.5091 0.87721 25.75182
8.72035 14.86647 9.96811 0.78834 25.77338
8.57833 14.73842 9.5384 0.78252 26.46051
9.50058 14.75604 8.58634 1.50623 25.95719
9.03595 15.36259 8.95164 1.24369 25.6383
8.86694 15.51091 8.91201 0.94845 25.86844
8.54075 14.91483 9.65041 0.75157 26.21031
9.27161 14.5493 9.9782 0.80446 25.48785
9.03931 14.94534 9.74562 0.81163 25.57652
9.70918 14.3072 9.09321 0.82363 26.16411
9.34074 14.34283 9.88661 0.93394 25.64064
9.29904 15.22308 8.80816 0.84454 25.93007
9.48318 14.171 8.81044 0.78415 26.82057
8.75626 14.70442 8.65577 0.79952 27.14811
9.96541 14.76408 8.72898 0.96629 25.67658
9.87304 14.84435 8.2195 1.04302 26.1259
9.63699 15.05465 8.70259 1.03562 25.68609
8.8134 16.45546 8.8478 0.86321 25.12858
8.77169 15.5877 9.37665 0.86224 25.50376
8.86673 15.23428 8.90091 0.74795 26.29536
8.57871 15.09385 9.72362 0.90141 25.76392
9.51545 14.95465 9.39631 0.85929 25.35508
9.45502 14.77569 9.9034 0.91131 25.05274
9.00837 15.653 9.61473 0.93182 24.87595
8.95338 15.2482 9.98624 0.88873 25.03554
9.19284 14.80593 9.5723 0.89479 25.60626
9.82933 14.58043 9.95825 0.85596 24.85997
9.18897 14.71935 9.43955 0.74561 25.96584
9.88355 14.62908 9.06949 0.74241 25.74896
9.12056 14.88076 9.99462 0.6684 25.41138
8.63115 15.79291 9.06085 0.73619 25.85656
9.08303 14.74729 9.5802 0.70924 25.96555
9.37347 14.81706 9.74219 0.79632 25.36545
9.41628 15.46716 9.40971 0.81617 24.97218
9.5693 15.0744 9.82469 0.90427 24.73073
8.89784 15.24679 9.407 0.96999 25.58985
8.99877 14.98378 9.65059 1.044 25.4399
8.96297 13.92303 10.02587 0.99915 26.16399
9.01501 14.34741 10.04703 0.95858 25.72586
9.3153 14.63047 9.42581 0.80318 25.87569
9.82185 14.46974 9.25676 0.75684 25.74657
10.18949 14.19207 9.10899 0.71787 25.8465
9.32654 14.42743 9.26402 0.76618 26.27764
9.0566 14.96323 9.03506 0.78336 26.22466
8.939 14.23795 9.64019 0.72273 26.51858
8.47691 14.85667 9.82381 0.75236 26.13976
9.94092 13.80142 9.04069 0.70539 26.57347
9.15765 14.21144 9.49594 0.71378 26.49955
8.79898 14.37342 9.74026 0.83101 26.33444
9.15899 14.55028 9.74817 0.91458 25.73863
8.53567 14.63536 9.47492 0.73746 26.67882
9.23407 15.05217 9.11969 0.65388 25.99353
9.12982 15.04709 9.20236 0.60372 26.07745
9.79529 14.9601 8.81609 0.65525 25.85176
9.92108 14.01701 9.67573 0.74923 25.73931
9.37477 14.85536 9.86216 0.69379 25.30766
9.81258 14.10587 9.97094 0.76898 25.43335
9.03908 14.63669 10.11403 0.95131 25.36428
9.1708 13.97006 9.57235 0.83449 26.51207
8.81667 15.26769 8.04999 0.82955 27.09064
9.02652 14.56225 8.78448 0.80465 26.87374
8.81138 15.6205 8.54053 0.86559 26.22048
9.04572 15.20819 8.83039 0.86601 26.10788
9.59613 15.20975 8.47824 0.83644 25.92922
8.23773 14.78177 8.71399 0.74186 27.58396
9.62753 14.68204 9.29757 0.75798 25.72982
9.39546 14.42929 9.41633 0.65806 26.17377
8.6682 14.30733 10.9281 0.7247 25.45482
8.95935 15.5736 8.97793 0.67365 25.85881
9.54759 14.87102 9.95007 0.73967 24.96511
9.34656 14.47255 9.94588 0.78057 25.52631
9.46306 14.85522 8.85343 0.89075 26.00295
9.71661 14.45888 9.43255 0.8266 25.65956
9.29375 14.69222 9.51782 0.89751 25.72362
9.55052 14.28933 9.41088 0.90115 25.9642
9.65886 14.17583 9.3045 0.92081 26.03791
9.15235 14.95429 9.73655 1.10918 25.18423
9.29353 14.4125 9.97092 0.93992 25.45727
8.71956 14.96614 10.22035 1.12482 25.10928
8.40634 14.62053 10.14816 1.40514 25.5639
9.04365 14.42851 8.70504 1.21895 26.694
8.52667 15.32732 9.20436 1.08786 25.93273
8.40882 15.12921 9.68992 0.84957 25.9841
8.6392 14.05226 10.2346 0.76191 26.36747
9.71455 13.47392 9.55644 0.82342 26.47916
8.42678 14.61959 9.28833 0.98216 26.74758
9.3163 14.40785 10.28622 0.96129 25.13554
9.31967 13.78077 9.88542 0.86709 26.21941
9.29424 14.72533 9.70071 1.0738 25.32922
9.44872 14.45999 9.84314 0.79658 25.55073
8.92151 14.22698 10.07168 0.7902 26.06041
8.89822 14.28684 9.44854 0.76391 26.66609
8.54589 14.18121 10.36077 0.73361 26.23616
8.76804 14.60757 10.04658 0.73922 25.88908
8.85828 14.33526 9.47903 0.69787 26.6766
9.39343 13.38289 10.9102 0.78377 25.59589
8.74569 13.92514 9.68451 0.77439 26.91888
8.55073 14.59001 10.09802 0.77163 26.02474
9.04601 14.60518 9.79202 0.79867 25.80599
9.07645 14.54936 9.57081 0.82047 26.02806
9.40528 14.08683 9.88124 0.86375 25.81024
10.18386 14.17979 9.85159 0.9054 24.96064
9.24181 14.65321 9.83895 0.91316 25.41589
9.502 14.72899 9.80335 0.88242 25.12893
9.48732 14.13474 9.55817 0.83537 26.03739
9.81568 13.45055 10.16165 0.79797 25.83975
9.63101 14.11963 9.77176 0.8708 25.67706
8.83989 15.76673 9.59859 0.99513 24.89258
9.25371 14.4263 9.37983 0.70318 26.28733
9.25624 14.12722 9.54125 0.67553 26.44145
9.57397 13.71668 9.92772 0.79011 26.04064
9.04803 14.81192 9.2921 0.69355 26.19806
9.46038 15.46059 8.79294 0.68026 25.66428
10.20427 14.6244 9.81632 0.63534 24.78484
9.22314 15.80513 9.68804 0.58555 24.7887
8.55903 15.46582 9.79371 0.58845 25.65242
8.19498 15.28637 9.45253 0.61857 26.49534
8.71194 14.84565 10.02038 0.56656 25.9073
9.88095 14.56794 9.87682 0.62895 25.11635
9.41699 14.46713 11.11151 0.74854 24.36357
8.88119 15.05077 9.96406 0.75495 25.43025
8.93845 14.80289 10.15936 0.61093 25.54203
8.82758 14.85838 9.59033 0.58175 26.18254
8.99958 15.01314 10.10305 0.69985 25.24265
8.49505 14.92228 10.04917 0.65196 25.92488
8.43432 14.88773 10.19471 0.72536 25.79177
9.10023 15.07544 9.99034 0.68438 25.23006
9.17961 14.68131 8.88011 0.64411 26.65399
8.6475 14.88847 9.56823 0.6065 26.3569
9.03369 14.1491 9.70839 0.72126 26.45367
9.82542 14.69325 9.15422 0.77048 25.63677
9.21815 15.8768 8.29698 0.69848 25.95355
9.25119 15.18133 9.62876 0.71306 25.28079
8.76524 14.92316 8.8416 0.65554 26.84492
8.8647 14.61043 9.22134 0.70737 26.63586
8.60901 15.49433 8.51225 0.722 26.69945
8.90068 15.08867 8.95216 0.82798 26.2831
9.3892 14.49005 8.7613 0.8034 26.61517
9.63199 13.78118 9.40663 0.91384 26.33932
9.14642 14.32927 9.88794 0.89995 25.83994
9.2747 15.26969 9.28048 0.82222 25.44464
8.90193 14.07356 10.3072 0.93269 25.89396
9.24329 15.02998 8.65559 0.9452 26.23423
9.25885 14.81197 9.66299 1.08368 25.32107
9.29459 14.37495 10.16235 1.05877 25.27206
9.57064 14.9788 9.51892 1.02902 25.05774
9.60733 14.17311 9.29532 1.00422 26.03105
9.2644 14.3672 10.12644 0.98888 25.35548
9.26306 13.35159 10.07543 0.99107 26.40653
9.32991 14.09367 9.73103 1.0212 25.90961
8.63249 14.92057 10.05228 0.94381 25.52248
8.55827 14.98715 9.93504 0.86586 25.72368
8.08087 15.33353 9.17124 0.93178 26.55453
9.13936 15.52092 8.34621 1.12174 25.97571
8.98156 14.80964 9.04546 1.05369 26.23497
9.5186 14.22462 9.26627 0.97416 26.1104
9.8246 14.56747 9.23358 0.99753 25.47234
9.18753 13.93081 9.74632 0.87029 26.3363
9.3467 14.06696 8.85333 0.73359 27.04113
9.12232 14.73853 9.20128 0.82036 26.18894
8.81066 14.90577 9.11146 0.7841 26.45323
9.08042 15.13666 9.40484 0.88237 25.58509
8.61387 14.75555 8.97029 0.81749 26.88532
9.31496 15.1152 7.9227 0.96778 26.74857
9.16074 14.66455 8.83777 1.02117 26.40933
9.38842 14.70689 9.37826 1.07407 25.59236
9.35761 13.83344 9.35126 1.09239 26.46001
9.39445 14.42262 9.29484 0.94899 26.00814
9.12296 15.65253 8.60685 0.91432 25.76295
8.86341 14.79305 8.92429 0.87531 26.57614
9.73153 14.07141 9.02963 0.84715 26.37932
9.12 14.29117 9.46311 0.93326 26.26191
9.68168 14.07113 9.02994 0.86512 26.40888
8.76221 13.95246 9.11181 0.87791 27.3272
8.90987 13.87878 9.08754 0.98588 27.18796
9.03002 14.28869 9.79044 0.88548 26.09335
8.61731 14.44367 9.18544 0.83073 26.97277
8.20534 15.91435 9.81398 0.92574 25.21876
8.73907 15.07142 9.33748 0.97974 25.93975
8.87068 15.5682 9.44244 0.83549 25.33479
8.67033 14.7716 9.19784 0.7583 26.63838
8.32829 14.55412 10.59309 0.8852 25.69756
8.8911 14.17723 10.82012 0.88262 25.29035
9.31797 15.04617 8.70883 1.00355 25.98679
8.46587 15.49971 8.99539 0.85806 26.22699
8.58101 14.86897 9.04596 0.78145 26.76783
9.09752 14.34321 9.64835 0.72128 26.24533
9.17223 13.41662 10.30334 0.68988 26.47872
8.95756 14.38481 10.07058 0.62882 25.99818
9.57557 14.50138 8.84323 0.58325 26.53281
9.171 13.82535 10.08696 0.61849 26.33455
8.50547 15.98726 9.19763 0.6913 25.67434
8.83427 14.86909 9.64131 0.78407 25.94763
8.86852 14.26956 10.06036 0.88622 25.9772
8.33529 14.15355 11.01961 0.97927 25.58827
8.21652 15.2358 9.43335 0.86379 26.29257
8.54039 14.32638 9.62371 0.90117 26.63983
8.25479 14.14816 10.22768 0.84771 26.5483
9.05218 14.02969 9.78348 0.94789 26.23336
8.9531 14.25914 10.89448 0.84524 25.10454
9.42419 14.04913 10.60097 0.80239 25.19532
8.59453 14.96306 10.29856 0.85341 25.36112
9.2316 15.40914 9.17922 0.85163 25.40403
9.17672 14.99453 9.43146 0.75285 25.70551
9.17388 15.33968 9.56383 0.9839 25.02524
8.89775 15.14921 9.16362 1.01058 25.86267
9.79659 14.20782 9.43454 1.07934 25.56857
9.68636 14.84566 8.64095 0.99916 25.90266
8.91003 14.55242 9.17345 0.75232 26.64665
8.9521 14.75794 9.29812 0.8599 26.18264
8.99307 14.71497 9.40909 0.9225 26.01231
10.29843 14.01189 8.56409 0.93776 26.26618
9.1344 14.60327 9.55983 0.91023 25.84742
8.55879 14.33602 9.09722 0.86164 27.18166
9.04736 14.51792 8.6663 0.95975 26.86984
8.64241 15.0614 9.39415 0.82732 26.12469
8.40466 13.85143 9.50056 0.82546 27.45431
9.09432 15.22861 8.8253 1.07289 25.85229
8.66976 14.46853 9.71373 0.93484 26.26999
8.0302 14.84161 9.62109 0.81276 26.74092
8.15571 15.32537 9.8691 0.72912 25.96662
8.82972 14.6825 9.47676 0.6048 26.44476
9.10943 13.97522 9.77038 0.68948 26.49822
8.48115 14.32393 9.71209 0.7751 26.75025
8.9306 14.50907 9.75271 0.8407 26.01704
8.90088 15.38588 8.48307 0.8634 26.39995
8.72771 14.63791 9.34233 0.85788 26.47833
9.52941 14.53788 9.95683 0.90997 25.15338
8.75349 14.42292 10.32525 0.77447 25.78247
9.51323 13.7351 9.77214 0.93337 26.11692
9.71322 13.96192 9.54461 1.05192 25.82
8.88749 14.07588 9.96756 0.98882 26.17026
8.756 14.37172 10.03011 0.77687 26.12926
9.15727 14.32147 9.95275 0.79942 25.82977
9.03208 15.16284 9.59021 0.81239 25.4707
9.82405 14.42842 9.03045 0.72157 26.04105
9.82398 13.58362 9.05423 0.77525 26.79412
9.40279 13.91927 9.32107 0.72272 26.6671
9.58545 12.72014 10.12406 0.72532 26.87502
9.81225 13.85313 9.70309 0.79095 25.88764
8.79293 14.94101 9.59141 0.82847 25.88659
8.7994 14.05215 9.29698 0.67541 27.20337
8.98704 15.24285 9.52386 0.6168 25.68672
9.48016 15.21666 8.87067 0.63682 25.85308
8.44053 15.36141 9.29388 0.67185 26.29765
9.39294 14.78184 9.11486 0.80433 25.98334
9.73967 14.36409 8.72264 0.73034 26.48048
9.14411 15.22733 9.09888 0.85758 25.71772
8.9982 15.17379 8.16758 0.89825 26.79289
8.29565 15.2424 8.83792 0.85789 26.79591
8.74482 15.12107 8.77454 0.92225 26.46575
9.08553 14.65189 9.10864 0.99201 26.18934
8.94372 14.8069 8.97005 0.91144 26.40741
8.73699 15.16365 9.47816 1.04494 25.64614
8.026 15.23821 9.1822 0.98302 26.61272
8.57812 15.77347 8.97286 1.01471 25.70068
7.92894 16.50571 9.0806 1.08997 25.46899
8.96806 15.85558 8.78806 0.94523 25.50331
8.99924 14.94989 8.98414 1.00107 26.12518
8.28408 15.16357 9.96197 0.72713 25.91193
9.24377 14.97028 9.78123 0.76302 25.29251
8.7076 14.85403 9.766 0.68032 26.03674
9.07591 14.55761 8.70153 0.62185 27.07547
8.74026 15.58611 8.81427 0.58432 26.30882
9.17523 14.41654 8.88589 0.52972 27.01494
8.33302 14.4903 9.76875 0.55534 26.87425
8.42599 15.7565 8.94469 0.53028 26.38039
8.90527 14.903 9.08841 0.51654 26.62511
8.29028 14.40168 9.30903 0.50556 27.51512
8.29831 14.52309 9.1133 0.53673 27.54399
8.77913 15.54795 8.52419 0.55482 26.61575
9.05177 15.24404 9.10324 0.62076 26.01677
8.58801 14.93812 9.49932 0.53275 26.47698
9.25949 14.85788 9.12074 0.54384 26.2706
9.41408 15.62474 8.84486 0.59582 25.56595
9.88748 15.18981 9.46717 0.71097 24.80721
8.84992 15.14337 9.54027 0.5318 25.9829
8.72655 15.20951 8.9447 0.49423 26.65303
9.24105 14.06431 9.15826 0.53469 27.02747
9.56571 14.31768 8.79642 0.55521 26.80864
8.93109 14.30755 9.77502 0.5644 26.45853
9.17044 13.71422 10.06172 0.5362 26.56674
9.13221 13.84956 9.0188 0.50532 27.51454
9.4144 14.33257 9.03907 0.53279 26.70477
9.51619 14.33534 8.83603 0.57912 26.75565
9.09698 14.24275 9.53522 0.55821 26.58678
8.02304 14.72701 9.12828 0.52376 27.61493
9.18 14.93147 8.67515 0.74305 26.50815
8.49939 14.88345 9.8601 0.79118 25.99908
9.19747 14.80082 9.12588 0.85638 26.06098
8.69335 15.11821 8.88678 0.68743 26.65489
8.90763 13.83572 10.06736 0.64678 26.5873
9.88945 13.43727 9.54662 0.62032 26.54767
9.13793 14.23877 9.86214 0.64984 26.15878
8.62371 14.85144 10.0471 0.67568 25.83701
10.00643 14.30585 10.07135 0.61735 25.04936
9.25806 13.73523 10.78811 0.67095 25.59382
9.15771 13.77222 10.36111 0.64561 26.09475
9.41848 14.23957 9.9433 0.74779 25.69001
9.07208 14.83583 9.56657 0.76819 25.80478
10.20973 14.16163 9.55654 0.78345 25.33673
9.36463 15.23799 9.22753 0.74613 25.48627
9.52345 15.60019 9.28116 0.83667 24.81771
9.17203 15.34072 8.71767 0.67304 26.12173
8.94078 15.24518 9.08215 0.86589 25.89587
9.44318 15.03142 8.88233 0.79294 25.87432
9.47128 14.45725 9.10374 0.77803 26.22221
9.08028 14.13911 9.52827 0.84524 26.43387
8.85984 15.16596 9.14565 0.78946 26.0702
9.43424 14.52047 9.29711 0.77005 26.01164
8.83398 16.02101 8.12888 0.78534 26.26151
9.4555 15.68732 9.26699 0.78096 24.86202
9.44671 15.60192 9.87538 0.67407 24.44864
9.66871 14.86079 9.32245 0.71554 25.48712
8.59243 16.3094 8.31853 0.76128 26.04848
9.34929 15.18207 8.42893 0.7884 26.28022
8.87071 15.64374 8.8911 0.76948 25.85656
9.14959 15.09495 8.42545 0.66873 26.68365
8.82732 15.14186 9.56635 0.82602 25.68423
9.29874 14.03761 9.6017 0.90226 26.19316
8.29508 14.75677 9.63421 0.78951 26.54265
8.45968 14.82704 9.18102 0.80368 26.74109
8.86388 14.48677 9.60924 0.90447 26.15024
9.65659 14.39103 9.61712 0.93745 25.42005
9.65992 14.88711 9.38031 0.92534 25.17525
8.75589 15.47233 9.06149 0.82899 25.91745
9.77619 14.6408 9.83557 0.83763 24.95538
9.12741 14.0605 9.97015 0.76493 26.10792
8.65721 14.57559 9.97843 0.76804 26.04798
8.71779 14.75145 9.94855 0.71788 25.90477
9.71564 14.51012 9.54521 0.83824 25.43899
8.43331 14.20745 10.82813 0.81385 25.77361
9.15378 14.27687 10.28473 0.87889 25.46701
8.32901 14.21601 9.90104 0.66619 26.91346
8.9101 14.72213 9.6776 0.74548 25.98946
8.857 14.75875 9.21362 0.6634 26.53555
8.62784 14.43943 9.86615 0.62319 26.46998
8.72555 14.67855 9.13082 0.63502 26.8642
8.61234 15.26538 8.83741 0.72552 26.5891
8.95142 14.79001 9.19366 0.67191 26.42353
9.11066 13.94424 9.37199 0.58194 27.01451
8.90772 14.88646 9.30536 0.62652 26.29657
8.9591 14.62393 9.07061 0.7201 26.64984
9.13969 14.18053 9.23588 0.69274 26.77647
9.24055 14.12532 9.85049 0.66143 26.15698
9.20676 13.81512 9.52304 0.57566 26.89485
8.96299 14.42431 9.84 0.76952 26.03822
9.75562 14.02967 10.42204 0.69987 25.14529
9.09452 14.7499 10.09195 0.5735 25.52517
8.91698 14.53983 10.24541 0.59699 25.73472
8.39455 14.57553 10.06311 0.58364 26.41481
9.18737 14.90388 9.17299 0.68114 26.10167
8.91848 14.73815 9.43475 0.74381 26.20008
9.48723 13.82773 10.24776 0.86118 25.63292
8.37795 14.80828 10.23638 0.89492 25.75288
8.5311 13.5574 10.65772 0.83659 26.46654
9.76183 13.43162 9.89517 0.86976 26.09878
9.49144 13.91872 9.76518 0.99783 25.8909
10.22625 13.94208 8.91912 0.86441 26.1119
9.37871 14.74457 9.48427 0.80713 25.64164
9.53697 15.23786 8.98373 0.85469 25.44544
9.24315 14.78418 8.94147 0.72742 26.35461
9.37909 15.03398 9.28804 0.81224 25.55816
8.71405 15.47632 9.74654 0.86531 25.27289
8.43198 14.64019 9.88047 0.78803 26.2897
9.30412 14.58745 9.36859 0.89551 25.88377
8.45252 14.49212 10.08676 0.94251 26.07656
8.4766 14.50298 10.08936 0.84297 26.1301
9.35336 13.96425 9.7757 0.86873 26.07465
9.19318 14.59467 9.56208 1.08495 25.6272
9.82718 14.58854 8.80584 1.08802 25.74869
8.38313 15.62234 8.6665 1.06653 26.3042
9.58225 14.51852 8.77304 0.90323 26.25732
9.27369 14.94022 8.99287 0.94714 25.89519
8.92213 14.76453 8.6342 0.91064 26.79925
9.74881 13.58937 8.92357 0.78423 26.98615
10.33136 14.50228 9.229 0.8202 25.15677
9.79264 13.99657 8.83124 0.83349 26.57475
8.83352 15.73647 8.77487 0.91127 25.78352
9.45756 15.04661 9.32738 0.87835 25.35005
9.2128 15.12253 8.2328 0.89595 26.59827
9.25989 15.59543 8.66705 0.8636 25.68891
9.46499 14.99919 9.16416 0.79151 25.66106
9.57464 15.01534 7.82543 0.74409 26.88101
8.17378 15.52803 8.76447 0.72993 26.83495
8.52117 15.34941 9.13748 0.85568 26.19363
9.03872 15.73468 9.06895 0.7976 25.42003
8.76448 15.30916 9.67423 0.96377 25.34225
8.40948 15.56273 9.49699 0.92361 25.65783
8.69369 15.97226 9.06403 1.03947 25.3248
9.59766 14.43084 9.70847 1.03607 25.33816
8.96296 14.87043 9.41926 1.08042 25.77169
9.23142 14.26938 10.47968 0.90761 25.22503
9.55828 14.58522 9.54786 0.8434 25.53311
9.35186 15.28048 9.6518 1.1054 24.79334
8.6463 15.58379 9.2695 0.78556 25.8078
9.26385 15.10949 9.41581 0.82961 25.50433
9.79649 14.46583 8.65845 0.80243 26.37336
10.46065 13.76577 9.4916 1.08048 25.37953
9.41614 14.29343 9.41697 1.22719 25.85776
8.99279 15.25738 9.32535 1.21397 25.41007
8.54609 16.01549 9.1058 0.96729 25.4895
8.65871 14.91129 9.55267 0.87845 26.12051
9.26114 14.62327 9.19274 0.90748 26.11744
9.90546 13.83628 9.75484 0.80887 25.78274
9.42182 13.95716 9.81508 0.92765 25.96758
9.5167 14.29877 9.86617 0.92493 25.47803
9.28182 13.75889 10.0221 0.94639 26.07958
9.19109 14.49939 10.15077 1.11244 25.19736
9.44602 14.56812 9.62389 1.10702 25.3871
9.10443 14.91523 9.06945 1.20544 25.83805
9.54924 13.96573 9.98656 1.41533 25.25583
9.01403 14.04206 9.58201 1.28366 26.2098
7.99203 14.55483 9.57742 1.13179 26.85475
9.0195 14.89277 8.97878 1.05119 26.16774
8.63996 14.61356 9.06573 0.96225 26.79159
8.82585 14.53563 9.04473 0.97974 26.70393
9.40608 13.98129 9.58624 0.92139 26.22008
10.40319 13.17287 10.15848 1.03249 25.38161
9.03982 13.61842 10.47667 0.74244 26.19912
8.54859 13.96669 10.45583 0.72282 26.36174
8.26495 14.92853 9.6222 0.74824 26.48656
8.53166 14.17131 10.01426 0.69335 26.63885
9.01479 14.38887 10.62605 0.8642 25.18153
9.34592 14.49772 9.90219 0.80404 25.53065
9.8523 15.12919 8.50255 0.92494 25.66139
9.93328 13.97686 9.66921 0.91626 25.59662
8.92697 15.20421 9.65601 1.01906 25.30715
9.08172 15.04897 9.46385 1.0168 25.53777
9.53257 14.91236 9.74909 0.93945 25.02015
9.55769 15.01333 9.70518 0.74123 25.07515
9.24296 14.56484 10.19493 0.86418 25.26793
10.01843 14.4758 9.87049 1.02375 24.76386
10.64138 13.55701 9.92594 1.1393 24.90075
10.22446 14.21422 9.77031 1.00699 24.92149
9.15149 13.99112 10.20117 1.07633 25.6885
9.09513 14.70713 9.99429 1.20054 25.16887
9.18231 14.20869 10.41603 0.95477 25.35334
9.19839 15.32998 9.97892 1.01302 24.67743
9.46686 15.07564 9.63997 1.02388 24.96441
9.18732 14.70257 9.37387 0.92641 25.91035
9.5293 15.21378 8.88515 0.94979 25.51188
9.61595 15.06964 8.76924 0.87798 25.74749
9.77251 14.66242 8.89358 0.80385 25.94084
9.2744 14.65486 9.45488 0.83671 25.86667
8.95908 15.7025 8.51624 0.98597 25.93269
8.91654 14.35143 9.55449 0.93732 26.31047
9.46967 14.67413 9.53684 0.87114 25.54911
9.41866 14.28298 9.63225 0.82585 25.91668
9.1964 14.83633 9.16886 0.75372 26.10728
8.99196 14.43669 9.61039 0.67289 26.33641
9.25746 13.69152 10.03216 0.82059 26.26314
8.89021 15.27558 9.81735 0.86593 25.2429
8.80758 15.32426 8.48641 0.93089 26.52635
8.84465 14.64636 9.99567 0.87965 25.70592
8.13522 14.91961 10.26666 0.86386 25.88325
7.76478 15.01905 9.71877 0.67259 26.85572
8.00986 15.26951 9.72039 0.78258 26.27163
8.47607 14.95881 9.12466 0.83431 26.66188
9.30961 15.00715 8.26727 0.99658 26.47711
9.07113 14.29209 9.68573 0.89413 26.11861
9.13923 15.02911 8.74111 0.80799 26.34135
8.33289 15.52401 8.757 0.68555 26.74759
8.42807 14.95807 9.77994 0.78974 26.11721
10.06412 14.7994 9.25395 1.04817 24.99146
8.81102 15.23689 10.16981 1.00808 24.9344
9.12809 14.12967 10.72175 0.8399 25.27057
9.21252 14.25642 10.32378 0.95388 25.38468
8.7155 15.14542 9.22431 0.842 26.15827
9.50915 15.15738 8.69171 0.97103 25.77433
8.80512 15.13429 9.51205 0.90695 25.71247
9.27913 14.36244 9.91208 0.94978 25.56593
8.49364 15.29574 9.09047 0.87354 26.31687
8.686 15.23365 9.1434 1.02644 26.04331
9.70091 14.30491 9.11465 1.2315 25.8289
8.93488 14.92698 9.73897 1.20021 25.37264
9.00905 14.93968 9.5672 1.19757 25.4615
9.6399 14.16361 9.28898 1.11279 25.91403
9.40972 14.37109 9.31156 1.2713 25.78226
9.02089 13.99645 9.97343 1.27482 25.84432
8.39311 14.56362 10.30834 1.17464 25.70159
9.31375 14.53341 9.22076 1.13637 25.92904
8.4638 14.02465 10.00311 1.12777 26.54051
8.48469 14.81896 9.00549 1.17498 26.65153
9.05888 14.31289 9.52691 1.12699 26.15968
8.90579 14.98098 8.67746 1.03336 26.50761
8.76518 15.879 8.91148 0.9771 25.55013
8.71083 15.22179 9.32789 0.88624 25.92158
9.07067 14.64843 9.57481 0.79433 25.95997
9.22892 14.31978 9.62566 0.78779 26.0947
9.01986 14.93455 9.07218 0.82075 26.20768
9.18298 15.13163 8.60502 0.89729 26.25782
8.99953 14.75075 9.50026 0.76687 26.02106
9.04614 15.42392 8.86499 0.86829 25.84035
8.64308 15.33014 9.97388 1.10005 25.04066
8.92815 14.26082 10.41226 0.89893 25.59413
9.07273 13.85107 10.12171 1.02611 26.04411
8.69498 13.99189 11.08837 1.09973 25.3024
10.28962 14.00491 10.23472 1.13172 24.5004
9.89972 14.1104 10.53302 1.08576 24.55998
9.16431 15.05109 9.73318 0.87238 25.28046
9.53191 14.95228 8.92472 0.93216 25.76954
9.30752 14.92541 8.91919 0.94465 26.00673
8.75318 14.98446 9.49969 1.05767 25.85191
9.46003 14.91051 9.66263 1.07541 25.00555
8.79573 14.59465 10.04393 1.31563 25.43936
8.73164 14.29666 9.96846 1.04592 26.06722
9.15023 14.23564 9.61284 1.07649 26.06
8.65699 14.22927 9.31013 1.0306 26.8711
9.397 13.76863 9.88471 1.15135 25.90142
9.10198 13.82368 9.58228 1.10332 26.49637
9.34312 13.72039 9.49735 1.01474 26.5128
8.57118 13.96706 9.51696 0.94793 27.07576
8.75702 14.58436 10.04785 1.01998 25.70688
8.39902 14.35798 9.63786 0.8423 26.81357
9.18336 15.09219 9.02016 0.8485 25.91475
9.36014 14.83221 9.18696 0.88677 25.80478
9.27246 14.49388 8.51527 0.93713 26.85217
8.89888 15.00465 8.79558 0.93117 26.42472
8.55782 14.97436 9.02946 0.96634 26.54039
8.95141 14.8777 9.14643 1.20539 25.9184
8.76005 14.14004 8.94063 1.05827 27.1848
9.20672 14.22668 9.00491 1.28703 26.3867
8.73478 13.98908 9.40046 1.29577 26.72081
8.88145 14.54952 9.05132 1.29538 26.37177
9.05449 15.32942 8.66217 1.49787 25.66648
8.38896 15.41854 8.51892 1.24787 26.5574
8.41405 15.14916 9.41726 1.26092 25.92573
9.60229 14.16002 9.54511 1.31991 25.55039
8.94975 14.7322 9.36559 1.37576 25.81505
8.84689 13.30533 10.00987 0.93978 27.0067
9.49646 14.29515 10.20052 1.21604 24.99922
8.88223 15.13867 10.07357 1.09752 24.99937
8.60149 14.42226 9.61216 0.91265 26.58324
8.61784 15.1298 9.41581 0.78353 26.16098
9.05112 14.67208 9.14321 0.68595 26.52645
8.60306 15.84022 8.90097 0.67881 26.04368
9.22283 15.10265 9.6485 0.77089 25.33472
9.12787 14.28153 10.41769 0.92114 25.37985
8.8584 15.5002 9.31831 0.82669 25.61034
9.11246 14.99215 10.05402 0.96307 25.02746
9.02628 14.27396 10.03354 0.85919 25.93516
8.87462 14.34972 9.31367 0.96257 26.60136
9.59401 14.78569 9.37773 1.19034 25.25417
8.79226 15.03417 9.8658 1.06956 25.37059
9.876 14.41949 9.5883 1.19857 25.06351
9.27297 15.59896 9.45916 1.3314 24.55168
8.62507 15.88561 9.19978 1.34258 25.11734
8.97726 15.61463 9.24435 1.21075 25.13292
9.34489 15.03962 8.72153 0.96448 26.0219
8.64496 15.4319 8.64385 1.07472 26.3214
8.44965 14.55609 10.01531 1.06343 26.01439
9.17355 15.06718 9.08265 1.0242 25.72717
9.13034 14.49307 9.44381 1.09155 25.98357
8.78222 14.81351 9.36641 1.14496 26.04574
9.25522 15.38114 8.50252 1.20874 25.80123
9.13589 14.14732 9.95818 1.32887 25.63624
9.69555 14.70481 9.34479 1.43078 25.09824
9.15777 14.16583 9.44664 1.31672 26.09487
9.21075 13.96753 9.82757 1.12463 26.00648
9.52391 14.17896 10.22818 1.18083 25.08927
9.45262 14.18176 9.75686 1.12741 25.6466
9.64575 14.14273 10.17459 1.0286 25.15967
9.84942 14.24877 10.03767 1.2283 24.83429
9.65869 14.15897 9.82009 1.07644 25.39211
9.54915 14.49731 9.8223 1.14993 25.11519
8.81332 15.09315 9.37093 1.09801 25.75737
9.6431 14.54697 10.0196 0.94275 24.98986
9.73959 14.53667 9.37981 0.81468 25.6062
9.22872 14.37678 9.55706 0.83789 26.09694
8.3296 15.68184 9.82551 1.05862 25.24069
9.21892 15.0674 9.60268 1.00043 25.26415
9.08625 15.64934 9.76634 0.9007 24.79749
8.35978 15.52186 9.29677 0.68868 26.2154
7.8323 16.20532 8.82263 0.78145 26.42659
8.34183 15.22591 9.18192 0.88594 26.44741
8.6925 15.19198 8.9304 0.9274 26.35962
8.58084 15.10839 9.28625 0.83225 26.27212
9.21212 15.42941 8.77472 0.82478 25.84815
9.50517 15.39296 9.76625 0.95115 24.53776
7.97218 14.81083 10.17197 0.77567 26.33374
9.23219 14.96496 8.88416 0.94088 26.07888
9.12552 14.43462 9.82471 0.74545 25.94249
8.88797 15.51894 9.75767 0.89807 25.02393
8.16853 15.09507 11.12303 0.81251 24.92347
8.96025 15.63063 10.44943 0.87345 24.20317
8.78998 13.96873 10.16701 0.68895 26.44441
9.19363 14.49479 9.66878 0.71519 25.98286
9.00636 15.43316 9.06989 0.66001 25.89873
9.20514 15.16294 8.58896 0.55453 26.54466
9.17485 14.76569 8.96587 0.65217 26.50557
9.1189 14.3466 9.78681 0.747 26.08282
9.0956 15.24052 9.08534 0.86292 25.78842
9.58785 14.71463 9.96462 0.72042 25.10809
9.94232 14.01581 9.77438 0.72383 25.6346
9.00874 14.1905 9.64855 0.63356 26.5605
8.69264 14.99818 9.2979 0.65254 26.41268
8.99033 15.01159 8.87683 0.70144 26.47247
8.56995 15.21479 9.18281 0.69411 26.40494
9.12777 15.4787 9.34099 0.66198 25.4661
9.32512 15.22946 9.86932 0.83616 24.87409
9.09513 14.8544 10.0291 0.70333 25.40482
8.81535 14.0139 10.4236 0.70609 26.11326
9.6206 13.93809 10.35983 0.95925 25.29653
9.85095 13.85527 9.94995 0.82256 25.62344
9.54469 14.6849 9.67657 0.74325 25.44713
8.68909 15.27509 9.59564 0.6869 25.83832
9.75627 14.54149 9.26784 0.72983 25.78441
9.16176 14.82745 10.09962 0.71084 25.28788
9.28046 15.35923 9.0389 0.8104 25.57116
9.60906 15.68226 8.90711 0.74972 25.13033
9.0948 15.43707 9.08337 0.61142 25.83026
8.93595 14.72592 9.43087 0.60567 26.35414
9.37888 14.46934 9.38346 0.72987 26.12412
9.55757 14.4688 9.86383 0.95522 25.3208
9.97904 14.32735 9.61098 0.77631 25.42035
9.02148 15.19376 9.20726 0.76228 25.93719
8.87155 14.6725 9.09294 0.59331 26.82092
9.57485 15.04368 8.98939 0.74389 25.71581
8.87768 14.28076 9.04513 0.75165 27.09014
8.90158 13.70992 9.04226 0.75185 27.62347
8.93315 14.56769 9.72888 0.94295 25.9103
9.95324 14.20579 9.02094 1.0464 25.87119
9.59503 14.69882 8.51946 1.09089 26.20515
9.28411 14.44595 9.86464 1.01855 25.48197
9.32803 14.42379 9.54811 0.9922 25.80453
9.06628 14.58254 9.44984 0.98226 26.00454
9.78508 14.32987 9.46952 1.07958 25.45162
9.66161 14.9609 9.80748 1.22093 24.51742
8.65644 15.88618 9.46855 1.00089 25.0952
9.26913 15.12553 9.84098 1.07673 24.8258
9.56985 14.61053 8.65356 0.8331 26.40122
9.0422 15.12967 9.43095 0.94943 25.54449
9.65067 14.20641 9.97869 0.99931 25.27955
8.4881 15.37444 10.02995 1.08559 25.14824
8.95574 14.68167 9.6882 1.10303 25.65305
8.76801 14.83255 10.05479 0.95602 25.46299
8.65257 14.77918 9.85278 0.90099 25.90488
8.86143 14.11705 9.90213 0.95569 26.24548
8.67033 14.20769 9.17228 0.87846 27.12161
8.55286 14.95884 8.76915 0.83347 26.95229
8.87708 14.31761 8.9628 0.71332 27.18231
8.24881 15.70556 8.81853 0.7496 26.54462
8.81363 15.10209 9.09286 0.69165 26.34881
8.84407 15.15794 9.16979 0.97918 25.92009
8.71097 16.01256 9.88426 0.8874 24.58599
8.6671 15.00405 10.1391 0.89573 25.36989
8.21349 15.40288 9.45956 0.84407 26.13681
8.78451 15.00864 9.61205 0.81998 25.84059
9.09075 14.58117 9.71085 0.78441 25.8777
8.53661 14.18703 9.7117 0.66767 26.9224
9.0566 14.34746 9.61833 0.70711 26.31755
9.44347 14.38717 9.66091 0.83719 25.7344
9.41823 15.05189 9.40114 0.76958 25.42234
9.96767 14.46009 9.83084 0.77387 25.04767
9.70638 14.11267 10.44343 0.75918 25.06933
9.66019 14.49775 9.46848 0.73401 25.69382
9.40271 14.64103 9.61732 0.75345 25.63465
8.82942 15.25159 10.03712 0.80027 25.13777
8.86868 15.26482 9.66206 0.80941 25.44913
8.07309 15.08261 9.68086 0.70423 26.50066
8.98845 14.63008 9.45556 0.72919 26.23746
9.25048 14.97825 9.43565 0.80718 25.57447
9.25241 14.12518 9.8863 0.80587 25.9853
9.45353 15.02541 9.78382 0.99169 24.83539
9.1656 13.93356 10.60273 0.85891 25.52042
9.05217 15.03949 9.50866 0.97233 25.50392
9.34328 14.85746 9.55133 1.08579 25.25809
8.65747 14.82659 9.35114 1.11105 26.14493
8.6089 14.52723 10.78326 0.95674 25.20114
8.85401 14.98453 10.13405 0.92948 25.16368
10.00662 14.17073 9.61908 0.79382 25.45889
8.91816 14.72448 9.87195 0.91964 25.63098
10.27857 14.72734 8.66742 0.93375 25.4798
9.20067 15.02625 9.38237 0.90677 25.53761
9.08349 14.93571 9.89378 1.04891 25.11682
9.21412 14.35339 9.27711 0.96808 26.24666
8.91663 15.47021 9.19323 0.93909 25.53625
8.98482 14.18231 9.34891 0.87379 26.64651
9.20005 14.02399 9.90758 0.88438 26.04211
9.03062 13.78014 9.37162 0.90336 26.95969
8.65535 15.12825 9.16138 0.97222 26.13702
9.61811 15.27652 8.76692 0.978 25.45328
9.40257 14.66048 8.64765 0.94247 26.41301
10.04176 14.35477 9.19745 1.03306 25.47335
9.03315 14.92103 9.30145 1.00359 25.81245
8.80363 14.91257 8.71769 1.01775 26.60426
9.10137 14.12494 9.67232 0.9442 26.20919
9.14245 14.34295 9.60749 0.88246 26.07164
8.10302 15.04699 9.68112 0.8113 26.40329
9.48202 14.33014 9.72002 0.99989 25.53156
9.6467 13.43904 10.53809 0.92753 25.51904
9.92064 13.52819 11.17142 0.91103 24.5787
9.38708 14.15655 10.42108 0.86985 25.26532
8.92007 14.34803 10.31186 0.85842 25.63184
9.34273 14.89671 8.93964 0.91372 25.9745
8.90471 14.78196 9.3063 1.03903 26.0315
8.47094 14.61811 9.50677 0.96126 26.48964
9.15428 14.2964 9.54923 0.8694 26.19307
8.77185 14.93883 8.26821 0.8523 27.2165
8.74224 14.69811 8.60777 0.89636 27.09861
9.36738 14.76541 8.23752 0.89294 26.78737
9.4168 14.91671 8.37475 0.87826 26.48085
9.63542 15.26518 8.46363 0.84827 25.84459
10.04114 15.12566 9.09874 0.85626 24.96854
9.38052 14.95378 9.51549 0.93373 25.27657
8.92621 14.97227 8.98761 0.7749 26.39611
9.12242 15.35099 8.53048 0.88632 26.17471
8.97622 15.10281 8.91635 0.9529 26.13291
9.58283 14.54587 9.18611 0.88188 25.90601
9.58 14.28512 9.44508 0.80626 25.95721
9.38942 14.05119 9.47429 0.97017 26.23564
9.21627 14.36979 10.2229 0.91447 25.40613
10.46871 14.03248 9.94004 1.0614 24.66966
9.12849 13.80702 9.92996 0.84002 26.38312
9.28637 13.41132 9.63788 0.79351 26.93865
9.63001 14.47996 9.14484 0.91248 25.91454
9.00607 13.98729 10.75036 0.81174 25.52996
8.97123 14.85597 10.63837 1.0859 24.57356
10.29887 14.67383 9.8275 1.08269 24.25741
9.57643 13.59317 9.79572 1.00378 26.07663
9.51109 14.34294 9.57784 0.98069 25.65713
10.20184 13.91383 8.8587 0.85622 26.21909
9.37662 14.0015 9.56918 0.99884 26.12184
9.03708 14.84281 8.9427 0.86451 26.36429
9.13337 14.08379 9.66079 0.82143 26.35376
9.37811 14.19441 9.42655 0.77598 26.28269
8.66457 15.46375 8.47837 0.85472 26.59307
8.82876 14.36119 9.09255 0.88806 26.88814
8.59089 14.42722 9.95689 0.85627 26.25226
8.51226 14.65767 9.92817 0.84891 26.10708
8.3709 15.1116 9.06019 0.83234 26.69617
9.4498 13.80492 9.67056 0.76475 26.36615
8.97689 14.44794 11.0768 0.90103 24.69323
9.61991 14.39596 9.62233 0.95392 25.50505
9.39672 14.77968 8.89189 0.98601 26.02205
8.64125 14.6487 9.59747 0.82719 26.33643
8.41057 15.10811 9.90554 1.02813 25.65477
8.78642 15.17761 8.75866 0.84749 26.50671
8.9562 14.73201 9.87615 0.80209 25.69704
8.55907 14.67688 10.02167 0.647 26.13433
8.95681 14.31256 9.98897 0.78088 26.00639
8.62402 13.51174 10.22304 0.65378 27.02418
9.58376 14.54039 9.46413 0.62456 25.83667
9.86024 13.85038 9.66511 0.63677 26.04246
10.2186 13.94942 9.64448 0.67954 25.58904
8.55604 15.95804 9.50142 0.80266 25.26419
8.66063 14.8904 9.96684 0.98437 25.58007
8.8778 15.36693 9.46647 1.04286 25.35697
9.17664 15.73595 10.00104 1.11485 24.14709
8.8774 15.87935 10.2663 0.87446 24.23675
8.68679 14.25531 10.6257 0.678 25.83208
9.33534 14.68377 9.88501 0.67376 25.51566
9.51656 13.50096 9.57224 0.6208 26.84515
8.57236 15.04296 8.9157 0.60798 26.90256
8.31684 15.11449 8.75998 0.76874 27.08546
8.83955 15.19193 9.00287 0.9711 26.05657
8.81178 15.28965 9.01202 1.03127 25.91416
8.94896 14.71277 8.77042 1.05241 26.57876
9.16698 14.33803 8.42801 0.95029 27.16514
8.68134 15.24578 9.38397 1.0807 25.69702
8.93205 15.60563 8.99813 0.81894 25.70625
9.64254 15.78926 9.06174 0.95441 24.63427
8.68953 14.53746 9.6839 0.77923 26.35812
9.19098 14.2314 9.48986 0.79747 26.34532
9.43085 15.02311 9.03495 0.94585 25.64443
9.19345 14.3664 9.68363 0.79375 26.02324
9.63534 14.01089 10.37807 0.88287 25.19576
9.33956 14.66429 9.86107 1.03301 25.22557
9.43386 15.04481 9.67242 0.99887 24.963
9.18701 14.45818 9.69694 0.75246 25.95914
9.10815 15.15008 8.74136 0.83567 26.21549
8.86356 14.74051 8.87669 0.74722 26.81009
9.44771 14.60546 9.53151 0.88413 25.6046
8.85358 14.33752 10.09033 0.65395 26.09968
9.1156 13.83986 10.16478 0.74057 26.18281
8.93826 14.50296 9.49092 0.79111 26.3133
9.0507 14.2402 9.23817 0.87583 26.64255
8.99044 14.13833 9.27748 0.80297 26.83267
9.14766 14.24061 10.67119 0.74379 25.24034
9.08241 14.19743 9.67026 0.63223 26.45335
9.13831 13.57758 9.59897 0.64663 27.06962
9.78944 13.39308 9.74087 0.90535 26.23873
9.41271 13.84137 9.17184 0.77381 26.82738
8.52124 14.70411 9.42686 0.68702 26.69505
9.28192 14.26099 9.09008 0.70881 26.68884
9.43671 14.35363 8.99235 0.68975 26.57138
8.75243 14.64649 9.11943 0.72921 26.79844
8.57458 14.28671 9.59205 0.74409 26.83231
9.24118 14.11847 9.72011 0.85762 26.11275
8.34309 14.55403 9.52978 0.81346 26.79872
9.1783 14.69279 9.50238 0.83974 25.84288
9.79428 14.7089 9.36146 0.91821 25.30985
9.33618 14.97785 9.94196 0.8336 25.00106
8.78428 14.32741 9.3653 0.74351 26.82164
8.50146 15.16614 9.95326 0.73313 25.69106
9.25922 14.62465 9.91242 0.70895 25.54562
9.21375 14.70766 9.40223 0.66343 26.05143
8.98494 14.31525 10.00914 0.58854 26.14233
9.07017 14.33566 9.73067 0.68105 26.22222
8.85 14.01207 8.8888 0.62469 27.64605
9.24216 13.79279 9.68801 0.64607 26.6574
8.87176 13.92047 10.41329 0.65853 26.19339
8.53961 14.71894 9.74513 0.66874 26.38424
9.01669 15.77764 8.96062 0.69467 25.60121
9.10336 14.7666 9.29979 0.69134 26.20347
8.47296 14.87208 9.61709 0.59382 26.49712
9.38061 14.03146 9.43602 0.67637 26.53351
9.57916 14.62587 9.04688 0.54297 26.24699
8.77131 15.63503 10.0289 0.59108 25.0336
8.88395 14.50361 9.95802 0.55933 26.13757
9.13128 14.76375 9.54341 0.48771 26.11925
9.36656 14.12233 10.16932 0.56255 25.82529
9.64677 14.16985 9.83759 0.56068 25.85133
9.33064 14.43254 9.55099 0.56522 26.1719
9.51633 14.41149 9.51839 0.64728 25.94503
8.64146 15.06096 9.09419 0.68783 26.54098
9.27705 14.24426 9.93257 0.90213 25.71939
9.16271 14.94493 9.70527 0.90172 25.35256
9.25491 15.02364 9.99528 0.99081 24.83534
9.31335 15.04872 9.32149 0.85841 25.51974
9.01214 14.23423 10.05862 0.74586 26.0062
9.41947 15.01017 9.17191 0.70047 25.73649
8.44188 14.92707 9.50965 0.6058 26.55676
9.21325 14.22455 9.52801 0.54732 26.54931
9.22848 14.70082 9.12103 0.6663 26.33326
8.82372 14.97581 10.07465 0.71628 25.50613
7.52478 15.34375 9.68582 0.56939 26.9209
8.97402 15.66856 9.34397 0.67909 25.41171
8.98646 15.65469 8.91954 0.93011 25.60714
9.22128 14.463 9.69007 0.90628 25.7977
8.92491 14.54558 9.54461 0.66403 26.36515
9.11599 14.54935 10.22632 0.68675 25.50134
9.99239 14.75428 9.96538 0.77534 24.61798
10.26492 15.04233 8.6721 0.75183 25.3517
9.50788 14.81067 9.3248 0.70496 25.71453
8.99213 14.57451 9.38756 0.8049 26.28253
8.95368 14.16246 9.74366 0.82714 26.35849
8.83479 14.45884 9.2996 0.74085 26.6976
9.10001 15.30287 9.57611 0.91565 25.18995
8.7868 14.31493 9.52788 0.76655 26.65092
8.82482 15.15551 8.55884 0.76668 26.7502
8.50339 14.70925 8.983 0.76465 27.08856
8.85277 14.81695 9.40078 0.7914 26.18058
9.33095 14.30592 8.76499 0.73971 26.89009
8.5221 15.42278 9.28187 0.73891 26.0798
8.39915 16.04612 8.89788 0.69222 25.99486
8.39319 15.38438 8.07946 0.6797 27.47989
8.82471 14.66956 8.86808 0.69084 26.97346
8.45793 15.31016 9.14609 0.67613 26.44973
7.96019 15.20465 10.35185 0.76236 25.78974
9.08859 14.05733 9.9991 0.75072 26.14799
8.69799 14.7907 9.43199 0.75279 26.37198
8.4844 15.12087 9.40669 0.74379 26.29675
9.73277 14.48918 10.51404 0.84583 24.51528
9.9631 15.15555 8.93847 0.95576 25.07722
9.95564 14.68584 9.65636 0.89297 24.88897
9.07853 15.7228 9.82972 0.95023 24.49581
9.54349 14.45299 9.55125 0.89089 25.62238
9.33572 14.99686 9.79216 0.94597 24.98557
9.02194 15.06247 9.5824 0.8058 25.56627
9.27169 14.65099 9.74009 0.78032 25.59228
9.1713 13.89765 10.02834 0.65453 26.28189
9.51907 13.11667 9.9476 0.68857 26.76575
9.29884 13.56306 9.85386 0.89258 26.44555
9.67606 14.09829 9.74761 1.11009 25.46321
9.13288 14.28879 10.06406 0.98721 25.60785
9.34303 14.57994 9.69196 1.19517 25.30768
9.30989 15.21097 9.48757 1.02358 25.06267
8.77414 15.26087 10.11848 1.13489 24.81876
8.98228 15.32139 8.99692 0.92846 25.83382
9.492 15.00037 8.95555 0.90147 25.71186
8.86395 15.2387 9.32119 0.801 25.81071
9.40741 14.72093 8.98269 0.76627 26.15841
9.3644 14.31863 9.43382 0.83835 26.09995
8.98087 15.28637 9.15132 0.8209 25.81057
8.65934 15.0892 9.53452 0.8093 25.94954
8.98487 14.5743 8.73611 0.70227 27.03578
9.62671 13.92354 9.78202 0.76978 25.93015
9.54515 14.09694 10.08674 0.75726 25.55418
7.97673 14.72016 11.07227 0.74375 25.52436
8.07399 16.02415 9.67096 0.77659 25.5043
8.02369 15.53838 9.48719 0.69625 26.28424
8.82936 14.32027 9.81446 0.80559 26.2634
9.2024 14.97655 9.43428 0.94267 25.47821
9.18117 15.48788 9.41155 1.03156 24.94704
8.62014 14.93173 9.05831 0.91714 26.51654
8.91183 14.95646 9.18745 0.83144 26.15595
9.53894 14.52249 10.08559 0.806 25.11213
9.4468 14.94097 9.42052 0.86556 25.37573
9.09069 14.37109 10.3487 0.83773 25.39743
9.48385 14.12981 9.27631 0.83017 26.31064
9.3469 14.33274 9.58533 0.8354 25.94279
8.71653 15.17194 9.05359 0.72008 26.37973
