"V1" "V2" "V3" "V4" "V5"
3.56657 23.36187 2.43067 0.36551 30.29817
3.79658 22.13509 2.46684 0.29805 31.31903
3.48847 23.41262 2.26634 0.31625 30.52909
3.62828 23.33234 2.29287 0.31888 30.43971
3.78719 22.39286 2.32022 0.30521 31.21048
3.55901 23.19567 2.05731 0.33948 30.87078
3.59636 23.59188 2.34424 0.40901 30.09136
3.99669 22.66076 2.37741 0.41131 30.59206
3.66207 22.63156 2.53572 0.38635 30.81881
3.79134 22.67591 2.78426 0.4889 30.2998
3.45041 22.67048 2.38299 0.39117 31.13683
3.59313 22.649 2.54994 0.42578 30.81345
4.09302 23.27099 2.58458 0.45516 29.63354
3.88356 22.47588 2.4228 0.39017 30.84967
3.7206 22.50351 2.58209 0.43777 30.79312
3.60255 23.48072 2.63092 0.48973 29.85635
3.54189 23.31413 2.69614 0.39413 30.08359
3.98329 23.55396 2.47321 0.42961 29.58551
3.8546 23.50255 2.42023 0.59439 29.67689
3.60991 23.47645 2.40417 0.51248 30.04168
3.48259 22.63256 2.60879 0.3813 30.93377
3.84923 23.51485 2.85212 0.40058 29.41641
3.40607 23.39663 2.8792 0.43355 29.92711
3.84412 23.5554 3.09275 0.46031 29.10114
4.10001 23.21122 3.22438 0.49251 29.04318
4.08843 22.32593 2.99392 0.36914 30.26694
3.71953 22.0731 2.38921 0.30126 31.53592
3.50633 24.09499 2.56918 0.36079 29.52347
3.36347 23.95219 2.27544 0.38996 30.05256
3.67058 24.3037 2.30021 0.49792 29.28371
3.47982 24.16841 2.1592 0.47365 29.76882
3.54705 23.50509 2.15812 0.36688 30.4582
3.26447 23.59603 2.34768 0.35818 30.46472
3.75997 23.39869 2.53607 0.42771 29.9125
3.94508 23.45703 2.38484 0.42885 29.80588
4.19271 22.36817 2.49445 0.35248 30.61016
3.93727 22.37441 2.47022 0.34267 30.89899
3.53785 23.64469 2.48601 0.5107 29.85608
3.53814 23.50332 2.61243 0.55113 29.83672
3.73909 23.57025 2.65105 0.5384 29.54106
3.18815 22.54834 2.27885 0.45598 31.5466
3.59804 22.45441 2.70478 0.42526 30.83826
3.86493 23.39132 2.64351 0.5589 29.56548
3.46913 23.17348 2.59529 0.42775 30.35205
3.97983 23.10588 2.41049 0.35219 30.16525
3.89714 23.62314 2.46072 0.33295 29.70157
4.03027 23.30673 2.7666 0.38167 29.54283
3.63612 23.2873 2.61142 0.35289 30.12797
3.81433 23.79982 2.50818 0.34781 29.55138
3.73891 23.3345 2.79429 0.33921 29.80993
3.88014 23.65078 2.71976 0.32413 29.43975
3.7622 24.21842 2.92984 0.36019 28.74457
3.52906 22.70683 2.67567 0.34522 30.75781
3.30539 23.33948 2.39369 0.42014 30.55572
3.46175 22.97649 2.36444 0.41303 30.80224
3.55915 22.6454 2.33805 0.39906 31.07656
3.27348 21.9897 2.59333 0.38855 31.77139
3.63049 23.26817 2.44308 0.49736 30.18273
3.61755 23.631 2.67942 0.46979 29.62872
3.30386 23.22421 2.51219 0.4225 30.5517
3.58718 23.92793 2.55052 0.39743 29.56079
3.78382 23.72708 2.53313 0.37697 29.60677
3.80112 23.12298 2.5605 0.38774 30.16046
3.32201 22.99385 2.50417 0.3707 30.83469
3.496 23.21411 2.29581 0.32905 30.68405
3.66147 23.64181 2.494 0.32271 29.90203
3.69516 23.92912 2.40123 0.3379 29.6648
4.12593 23.6255 2.58699 0.30675 29.38333
3.61591 22.8335 2.81202 0.32843 30.43095
3.97827 23.20029 3.01069 0.36595 29.46963
3.74026 22.37623 2.55435 0.35543 31.00469
3.85988 22.764 2.89941 0.42761 30.10328
3.7941 23.00061 3.12161 0.33986 29.77795
3.79417 22.43945 3.17417 0.29437 30.32202
3.56767 23.55296 2.813 0.31923 29.77958
3.76753 22.97691 2.8375 0.42386 30.05655
3.76532 22.32367 2.96295 0.38791 30.59208
3.44801 23.58556 2.73165 0.32837 29.92835
3.27186 22.90845 2.43783 0.33358 31.06354
3.49288 23.48804 2.72123 0.40226 29.92301
3.27925 23.65967 2.49443 0.3479 30.23552
3.16417 23.8223 2.47309 0.35205 30.20337
3.75879 23.29425 2.46197 0.45805 30.05558
3.95357 22.38775 2.52844 0.40779 30.74455
3.7271 23.25689 2.68189 0.42257 29.93115
3.40975 23.56423 2.36983 0.45136 30.21952
3.49625 23.02771 2.51621 0.54406 30.43757
3.37797 22.61567 2.31177 0.52638 31.18894
3.33854 22.79361 2.42773 0.55607 30.90597
3.27539 22.55357 2.31238 0.53983 31.34062
3.34468 22.97989 2.45489 0.41146 30.82333
3.34632 24.68486 2.28895 0.53872 29.16342
3.42667 24.39747 2.28024 0.52945 29.3947
3.50994 23.98746 2.32934 0.44758 29.74629
3.81902 23.75482 2.3658 0.50923 29.59605
3.37314 22.98309 2.20137 0.47613 31.00954
3.70659 23.50222 2.31132 0.54395 29.98968
3.42555 23.53092 2.06253 0.50039 30.52934
3.83814 23.06042 2.19081 0.48987 30.46037
3.77362 24.24111 2.1943 0.54451 29.28928
3.77312 22.97273 2.70389 0.43401 30.13231
3.78766 23.69091 2.61052 0.47936 29.45285
3.67895 23.23383 2.56297 0.50351 30.03447
3.78686 22.97039 2.5584 0.46798 30.23334
3.83991 23.3331 2.6216 0.42375 29.79934
3.66404 23.75405 2.49453 0.43208 29.6784
3.67646 22.88288 2.59546 0.4239 30.45009
3.44955 23.31772 2.79027 0.35742 30.11124
3.23488 22.81165 2.57854 0.32045 31.07319
3.57327 22.7642 2.27379 0.51237 30.94761
3.39806 22.85343 2.47226 0.47269 30.85899
3.52011 24.04758 2.30067 0.46785 29.70364
3.50887 23.58272 2.7171 0.41503 29.80191
3.80434 23.52503 2.695 0.44137 29.56233
3.61924 22.9921 2.67877 0.38139 30.35628
4.04581 22.94357 2.62119 0.40986 30.01088
3.83384 22.76908 2.76712 0.44969 30.22154
3.83009 23.41253 2.29355 0.42423 30.07643
3.77618 22.23899 2.50439 0.34143 31.16107
3.50009 22.38188 2.42914 0.37861 31.33136
3.98743 23.15251 2.31455 0.48376 30.09269
3.87691 23.2708 2.29087 0.51669 30.0763
3.79004 24.15154 2.38245 0.57188 29.13932
3.48679 25.549 2.28202 0.53928 28.19224
3.5016 24.49741 2.55899 0.47848 29.00347
3.56567 23.36684 2.32267 0.36847 30.39165
3.4385 23.00426 2.50592 0.42923 30.63985
3.55687 23.59802 2.40824 0.43444 30.02627
3.62357 23.62195 2.62354 0.50328 29.65852
3.71731 24.09453 2.46993 0.4863 29.25613
3.6362 23.11916 2.52251 0.46201 30.28624
3.7575 22.651 2.53388 0.49229 30.58513
3.93295 23.43731 2.58614 0.49984 29.56787
3.48033 23.50154 2.38872 0.42991 30.21788
3.78013 22.66449 2.26813 0.36674 30.93964
3.55552 23.41257 2.60398 0.36757 30.07744
3.2487 23.59264 2.24992 0.38875 30.53805
3.51851 23.39843 2.47474 0.38458 30.24861
3.77858 23.64359 2.71688 0.3951 29.48717
3.90662 24.04154 2.60635 0.4405 29.02883
4.00518 23.61117 2.59486 0.47141 29.34673
3.57633 24.08793 2.5322 0.51342 29.32371
3.57715 23.09717 2.62215 0.50123 30.22982
3.58154 23.13482 2.83162 0.53574 29.93647
3.55151 22.67322 2.6198 0.46465 30.71175
3.68415 23.27591 2.52425 0.43224 30.10101
3.90776 23.66544 2.46538 0.41064 29.57124
4.14458 23.39805 2.46599 0.38943 29.62089
3.73306 23.68563 2.45928 0.43877 29.71256
3.5098 23.90956 2.35917 0.42987 29.82158
3.72846 22.29839 2.51696 0.3675 31.1088
3.70263 23.61631 2.70217 0.42354 29.57886
3.92428 21.88702 2.54474 0.33183 31.33201
3.55709 23.01555 2.56542 0.34321 30.53954
3.33053 22.90749 2.7734 0.34245 30.66585
3.84328 23.68747 2.65527 0.44565 29.40771
3.35813 23.49365 2.64329 0.3227 30.20298
3.4269 24.18377 2.58686 0.2653 29.55763
3.49893 23.32207 2.27333 0.25026 30.6778
3.96919 23.0151 2.33451 0.26151 30.44423
4.10869 22.49579 2.5234 0.32584 30.57688
3.83015 22.50349 2.50099 0.27552 30.91386
4.16656 22.63381 2.88215 0.30276 30.04138
4.05078 23.26885 2.89665 0.43237 29.39645
3.77447 22.69911 2.68764 0.3259 30.53044
3.32069 23.6831 2.28745 0.39695 30.33739
3.72698 23.01371 2.41726 0.37704 30.48792
3.53126 24.65354 2.29184 0.44614 29.10547
3.80521 24.60933 2.45311 0.45929 28.7021
3.75219 24.01388 2.27511 0.39512 29.57817
3.16297 22.59822 2.19261 0.32811 31.73215
3.8608 22.52626 2.3745 0.31008 30.94713
3.65155 22.2103 2.43529 0.26831 31.44859
3.33336 23.05054 3.07753 0.33336 30.22495
3.2042 23.57156 2.29916 0.29634 30.63924
3.59888 24.04373 2.66356 0.322 29.39242
3.7307 23.2153 2.79143 0.34399 29.94201
3.66048 23.61717 2.46983 0.42915 29.84343
3.99272 23.56747 2.51879 0.40649 29.54135
3.67769 22.577 2.6185 0.40341 30.75323
3.69905 22.23476 2.553 0.40098 31.14073
3.57716 22.15376 2.43537 0.4138 31.44319
3.49967 23.16679 2.57765 0.48346 30.30057
3.71343 23.08969 2.79604 0.514 29.90711
3.45351 23.99152 2.74516 0.63296 29.22071
3.43705 22.54892 2.76535 0.71324 30.57264
3.47978 22.47327 2.50426 0.63034 30.93505
3.43609 23.54112 2.56211 0.55618 29.92934
3.38145 23.36791 2.8024 0.46381 29.99926
3.69091 23.58148 3.01994 0.47812 29.25132
4.11462 21.98809 2.82697 0.41084 30.67294
3.3296 23.16127 2.5226 0.50519 30.50418
3.92555 23.4358 3.01111 0.56377 29.10398
3.6907 22.1539 2.6112 0.46459 31.10304
3.77871 23.08228 2.64534 0.56495 29.96272
3.82463 22.67048 2.7053 0.4767 30.34899
3.78209 22.13467 2.70388 0.46998 30.92853
3.68233 21.97563 2.58746 0.45692 31.31621
3.38719 22.4957 2.86297 0.42074 30.84972
3.55883 23.26621 2.7808 0.45527 29.95751
3.5932 22.56582 2.7492 0.44855 30.66328
3.93379 21.80722 3.0998 0.45003 30.7293
3.35346 21.56999 2.69042 0.43185 31.96795
3.30403 22.71265 2.90459 0.50187 30.58815
3.64484 23.07199 2.89596 0.5344 29.86829
3.83648 23.04605 2.81876 0.51192 29.80202
4.03723 22.4909 2.94189 0.53996 30.00646
4.25428 22.93452 2.94246 0.55269 29.34779
3.92715 23.27802 2.54456 0.56351 29.71177
4.11386 23.55277 2.90261 0.59255 28.85846
4.15124 22.75136 2.66245 0.54594 29.90592
4.09754 22.55223 2.72827 0.46871 30.16829
3.92048 23.8873 2.66662 0.57216 28.98507
3.38279 24.89157 2.53761 0.61784 28.60154
3.78957 23.37053 2.40693 0.46799 29.97972
3.80198 22.78297 2.46167 0.38411 30.58132
3.88553 22.75178 2.56796 0.42771 30.37984
3.62968 23.69138 2.29814 0.39614 29.99952
3.72528 24.42743 2.12722 0.4518 29.28919
3.97509 24.05519 2.39755 0.39436 29.19985
3.5308 24.83449 2.55293 0.37077 28.73676
3.4965 23.94322 2.59743 0.31307 29.66747
3.1757 22.85119 2.50357 0.30884 31.17383
3.59334 23.19876 2.62583 0.29516 30.30362
3.95019 23.7887 2.69596 0.31116 29.27725
4.03433 23.31304 2.79111 0.38302 29.50781
3.69787 23.17259 2.52187 0.36245 30.26771
3.60459 23.60897 2.6145 0.35148 29.83793
3.56639 23.45936 2.41676 0.33822 30.23286
3.46113 24.03489 2.55194 0.37991 29.58883
3.43717 22.95224 2.79518 0.37181 30.45588
3.72892 23.82474 2.71365 0.46517 29.2814
3.68993 23.37955 2.66999 0.41746 29.86481
3.49231 22.77062 2.42403 0.36855 30.95779
3.03306 22.34167 2.37226 0.31459 31.95097
3.51984 22.58913 2.56654 0.40784 30.93252
3.80031 23.02767 2.31354 0.4318 30.45021
3.43667 23.68435 2.12891 0.42276 30.34202
3.53688 23.79922 2.60382 0.43167 29.64558
3.28589 23.36336 2.21591 0.37331 30.77236
3.44649 23.04419 2.39201 0.39365 30.73514
3.27914 24.23398 2.05915 0.44717 29.99837
3.52691 23.47567 2.23652 0.42762 30.35147
3.62915 22.52061 2.2417 0.38962 31.23301
4.01043 22.34649 2.54123 0.43347 30.6901
3.69233 23.10044 2.58973 0.42444 30.22509
3.70923 23.78981 2.35535 0.41581 29.75949
3.52651 22.35951 2.48518 0.42818 31.23047
3.27144 23.38161 2.03661 0.44301 30.89762
3.19674 24.43304 2.36031 0.58268 29.47268
3.56888 24.04787 2.53081 0.55029 29.35949
3.80539 24.3906 2.41838 0.5434 28.89337
3.90879 23.10084 2.37377 0.45884 30.19031
3.81791 23.99199 2.87045 0.50859 28.85102
3.87405 22.39072 2.86962 0.48875 30.40577
3.62774 22.80347 2.57692 0.48272 30.53554
3.31929 23.72903 2.60817 0.48015 29.88635
3.20095 24.33619 2.40425 0.47429 29.61555
3.08187 23.6028 2.28853 0.52906 30.52338
3.44428 23.95949 2.12275 0.63686 29.87989
3.73889 23.01802 2.41024 0.536 30.34569
3.97206 22.62034 2.39985 0.48866 30.55263
3.94551 23.00689 2.43592 0.48676 30.15369
4.05388 22.56342 2.65508 0.51678 30.24367
4.00146 22.82508 2.28486 0.45677 30.45193
3.83456 23.1891 2.57798 0.49394 29.93711
3.57044 22.83172 2.55548 0.44009 30.62745
3.51263 23.51215 2.4729 0.4747 30.05452
3.44899 23.68478 2.34928 0.511 30.02436
3.6147 23.23932 2.03216 0.52412 30.61887
3.6121 23.016 2.11877 0.50872 30.77699
3.66734 23.5989 2.38058 0.54661 29.85657
3.83568 23.11486 2.34923 0.57664 30.15916
3.88409 22.98644 2.25684 0.56028 30.34005
3.69214 24.63184 2.07762 0.52026 29.09854
3.61698 23.93557 2.20192 0.5419 29.71705
3.77719 22.6578 2.0742 0.53148 30.9734
3.74871 22.60133 2.3037 0.56077 30.80442
3.65543 22.85282 2.35854 0.51738 30.62907
3.51472 22.56314 2.31538 0.48836 31.12821
3.58532 22.08342 2.44668 0.48987 31.4082
3.86852 22.8853 2.75458 0.51052 30.00499
3.45423 22.40313 2.27351 0.44363 31.43923
3.29475 24.68628 2.53667 0.52968 28.98271
3.37682 23.60316 2.40088 0.55003 30.09047
3.57529 24.50071 2.52504 0.51528 28.90249
3.32948 23.14193 2.61788 0.43273 30.4908
3.51283 23.13015 2.73577 0.50198 30.14474
3.69995 23.85196 2.96286 0.54796 28.96002
3.73089 24.03475 2.30741 0.55728 29.39705
3.4214 24.25741 2.26034 0.43687 29.64578
3.55137 23.88588 2.21491 0.42693 29.94183
4.01665 23.33058 2.53896 0.44427 29.69701
3.66624 21.74208 2.60216 0.34189 31.66177
3.59712 23.03561 2.67527 0.35421 30.35107
3.7606 22.83545 2.46652 0.35113 30.59979
3.77636 23.81279 2.84415 0.39847 29.18305
3.43134 25.18009 2.38369 0.37892 28.65096
3.66808 23.87202 2.74741 0.39928 29.34015
3.79408 23.66616 2.63397 0.44753 29.48042
3.49393 23.55419 2.87037 0.43667 29.67069
3.04211 24.28185 2.27817 0.41624 29.99668
3.23881 23.09861 2.48524 0.46777 30.71979
3.46599 23.09308 2.75784 0.44749 30.24646
3.63463 22.93104 2.51963 0.45339 30.47757
3.78685 23.8415 2.72246 0.49218 29.17219
3.98605 23.78619 2.62431 0.52472 29.09618
3.29852 22.96121 2.61807 0.42617 30.71213
3.43186 24.41235 2.34424 0.52285 29.32086
3.36545 23.99192 2.40549 0.48303 29.77262
3.57799 23.99015 2.47643 0.65286 29.33319
3.62684 23.08304 2.2195 0.61669 30.4867
3.96037 22.65676 2.63502 0.62076 30.1575
3.87056 23.00518 2.26021 0.54649 30.34081
3.46746 23.36852 2.61113 0.49274 30.07202
3.4165 23.09907 2.46047 0.53837 30.50075
3.40678 23.5634 2.45531 0.58315 30.00637
3.83791 22.29925 2.30991 0.55619 31.02007
3.76209 23.17616 2.48404 0.54314 30.05103
3.54606 22.21986 2.4504 0.46758 31.32853
3.75401 22.21892 2.29676 0.55527 31.2012
3.3763 22.95364 2.45473 0.46248 30.76899
3.28242 21.83471 2.32966 0.44081 32.12224
3.27888 23.84038 2.07707 0.58674 30.23763
3.4163 23.26839 2.46608 0.48194 30.38472
3.34824 23.39672 2.58398 0.43764 30.25108
3.34325 24.03902 2.49951 0.4243 29.70988
3.36404 23.13814 2.23023 0.30699 30.96827
3.57329 22.77711 2.41041 0.37523 30.87601
3.6255 22.88339 2.62703 0.4417 30.438
3.51813 23.46963 2.68591 0.45769 29.88698
3.47866 23.606 2.36703 0.49456 30.06835
3.42325 22.84503 2.52485 0.44808 30.77572
3.65431 23.38497 2.78969 0.42706 29.76822
3.47029 22.66447 2.82658 0.38162 30.67058
4.19923 22.75396 2.69591 0.4982 29.87709
4.2214 22.87516 2.8316 0.53684 29.57415
3.76419 22.28726 2.82788 0.42218 30.72422
3.51799 22.3661 2.72747 0.35254 31.05277
3.69774 22.78593 2.73939 0.34876 30.44449
4.00498 23.62605 2.7813 0.4133 29.20195
4.30138 23.11715 2.62134 0.33039 29.64627
4.63346 22.50346 2.61632 0.39834 29.86446
4.3185 22.85904 2.66753 0.3565 29.81356
4.28367 21.51356 2.87694 0.33685 30.99741
4.42781 22.9135 2.78684 0.39965 29.48693
3.97756 23.31466 2.53445 0.40362 29.78868
3.78216 22.46284 2.59376 0.33413 30.83749
3.88432 23.82364 2.68442 0.33388 29.29531
3.85663 23.96098 2.43678 0.3272 29.4349
3.27418 23.54781 2.18844 0.32854 30.67904
3.65835 23.15951 2.35167 0.37272 30.48179
3.8007 22.95647 2.51996 0.39244 30.34353
3.51881 23.58686 2.42423 0.42546 30.0576
3.46074 23.60123 2.03001 0.42824 30.49053
3.17585 24.21846 2.26482 0.46346 29.89061
3.33271 24.4656 2.1858 0.52288 29.50676
3.48205 23.99913 2.41082 0.55878 29.55891
3.43486 23.2471 2.33246 0.46677 30.53065
3.38736 23.02439 2.39983 0.44797 30.75456
3.1305 22.65249 2.26483 0.39785 31.56466
3.36226 24.15336 2.1635 0.42844 29.90498
3.02806 24.5073 2.13651 0.4354 29.91504
3.52781 24.3879 2.19717 0.38479 29.52308
3.63701 23.41989 2.4457 0.39278 30.12103
3.37941 23.5288 2.69036 0.2981 30.11691
3.83809 23.76539 2.6233 0.34341 29.45147
3.3874 23.45034 2.46714 0.28481 30.42395
3.39744 22.62655 2.17614 0.26317 31.54707
3.27839 23.77079 2.1009 0.25025 30.61298
3.49201 22.44613 2.29263 0.22705 31.54807
3.32223 22.03026 2.59069 0.23793 31.82512
3.17125 23.6458 2.17578 0.26892 30.75
3.44264 22.94251 2.2167 0.27559 31.13105
3.27625 22.27805 2.34462 0.27484 31.83296
3.22093 22.18999 2.23112 0.27024 32.09221
3.25258 23.29623 2.14405 0.26459 31.04855
3.36787 23.43772 2.39304 0.33536 30.47421
3.27275 23.84498 2.3318 0.32124 30.23825
3.5936 23.39745 2.24307 0.30422 30.4757
3.72082 24.02483 2.30158 0.28722 29.67938
4.12769 23.92874 2.36483 0.3365 29.26301
3.49692 23.98094 2.51367 0.24912 29.77439
3.33308 23.1117 2.26613 0.24372 31.05364
3.40319 22.40143 2.34791 0.24217 31.61276
3.60488 21.797 2.27034 0.22263 32.11464
3.65674 22.69762 2.44961 0.25834 30.948
3.76729 21.80525 2.56358 0.22601 31.64656
3.53923 21.8766 2.37189 0.22825 31.98885
3.63247 23.19072 2.42807 0.28271 30.47306
3.61815 22.09997 2.17703 0.27817 31.83253
3.8007 22.74372 2.41015 0.33022 30.72068
3.16996 22.75855 2.29812 0.31683 31.46019
3.46125 22.7363 2.03937 0.34898 31.42278
3.3528 22.86208 2.36724 0.35747 31.06778
3.62799 22.9057 2.04547 0.406 31.02267
3.32044 22.68906 2.16022 0.31104 31.52766
3.68732 22.63263 2.7608 0.34178 30.58798
3.9007 22.31234 2.57289 0.31152 30.91082
3.49397 22.23239 2.57725 0.32961 31.37472
3.36277 23.70949 2.47343 0.33304 30.13172
3.96612 23.5685 2.59998 0.2894 29.5897
3.53095 22.86017 2.73816 0.30744 30.5719
3.63226 22.23274 2.63989 0.26636 31.23395
3.62121 22.15278 2.59636 0.28676 31.34928
3.58045 22.89158 2.45593 0.33085 30.74983
4.06647 23.76178 2.6591 0.41006 29.1196
3.61221 22.97712 2.55552 0.34697 30.52139
3.75753 24.29634 2.52989 0.42679 29.00826
3.56717 23.59268 2.17654 0.33585 30.33484
3.49457 23.94321 2.19721 0.42493 29.951
3.75075 23.7417 2.20905 0.42305 29.88366
3.5553 23.0874 2.20608 0.41402 30.74526
3.25766 22.53207 2.30281 0.4085 31.50598
3.31193 23.85106 2.24323 0.45361 30.14854
3.65782 23.24698 2.20441 0.4171 30.48348
3.24635 23.49083 1.86534 0.38671 31.01763
3.61383 23.31593 2.28031 0.40499 30.39462
3.904 24.50327 2.30179 0.32815 28.97565
3.64691 23.82261 2.21131 0.29124 30.03942
3.3107 24.61619 2.08581 0.36576 29.63118
3.77569 24.1085 2.35161 0.41249 29.36328
3.51606 24.11209 2.32979 0.38182 29.67202
3.39304 22.75311 2.19714 0.27296 31.38789
3.26154 23.45093 2.48457 0.3516 30.4633
3.63287 22.93144 2.49995 0.40202 30.54449
3.3416 23.7289 2.57594 0.36863 29.9906
3.34927 23.79185 2.49005 0.41313 29.96159
3.73924 24.26101 2.67553 0.44905 28.88445
4.43812 23.36527 2.83538 0.46744 28.90613
4.14556 23.25133 2.84316 0.43931 29.33152
3.56176 23.71088 2.43394 0.42187 29.88393
3.9524 24.05917 2.67695 0.42574 28.90432
3.7791 22.8673 2.82489 0.33374 30.207
3.45127 23.25482 2.69103 0.35818 30.25668
3.50039 23.93371 2.53029 0.37797 29.67418
4.08759 23.81095 2.40059 0.41527 29.30432
3.49453 22.7227 2.68906 0.37806 30.73055
3.77187 23.0812 2.51189 0.38167 30.26684
3.38478 22.6311 2.42579 0.33438 31.23429
3.57709 23.33435 2.33508 0.36423 30.40079
3.37553 23.28574 2.2216 0.31459 30.81214
3.64729 24.20928 2.50696 0.37924 29.27359
3.56851 23.96907 2.1324 0.35827 29.9872
3.34103 23.8281 2.10568 0.38758 30.34682
3.41527 23.54102 2.31441 0.35343 30.38454
3.61132 23.00272 2.55774 0.31969 30.52114
3.60299 23.26186 2.44323 0.30669 30.39431
3.56404 22.83595 2.29863 0.33023 30.97878
3.44121 22.08591 2.302 0.27186 31.90544
3.5029 23.8096 2.4608 0.27667 29.96047
3.65987 22.34564 2.54951 0.24594 31.2037
3.47407 22.88664 2.58328 0.32422 30.73932
4.05157 22.31108 2.86599 0.27584 30.50525
3.659 23.60928 2.79539 0.23541 29.71117
3.60614 23.29046 2.74954 0.26211 30.10113
3.36591 22.94146 2.48427 0.23479 30.98109
3.93119 23.79678 2.42249 0.31482 29.55398
3.80617 23.68643 2.52687 0.3256 29.66767
3.90221 22.99295 2.81495 0.36072 29.94518
3.54611 23.5243 2.77103 0.38826 29.79187
3.45584 21.70079 2.79445 0.3666 31.69211
4.08147 22.15772 2.62147 0.41337 30.74214
3.89479 22.5859 2.58155 0.47411 30.48191
4.08494 22.70469 2.31118 0.40306 30.51419
3.82496 23.02052 2.48118 0.39787 30.29134
3.92896 23.55919 2.27256 0.44579 29.81251
3.6346 23.49766 2.22887 0.41811 30.23653
3.53899 22.93206 2.22184 0.40994 30.90747
3.25558 23.57884 2.36768 0.46674 30.34547
3.37942 23.81275 2.5052 0.4822 29.83244
3.64569 23.74371 2.62099 0.54749 29.45547
3.31985 23.44078 2.586 0.50297 30.16103
3.40108 23.60612 2.81651 0.43976 29.7493
3.81863 23.15557 2.65932 0.41912 29.95865
3.77507 23.80782 2.55998 0.56089 29.31797
3.65269 23.17706 2.17681 0.50788 30.49972
3.30569 24.64145 2.13776 0.56941 29.35927
3.9205 23.7593 2.21287 0.55623 29.56108
3.71685 23.56882 2.41575 0.54278 29.7702
3.66645 23.43383 2.24825 0.51698 30.14437
3.90036 22.02777 2.32004 0.45872 31.30092
4.11232 23.90068 2.49102 0.5211 28.98703
3.7892 22.194 2.40171 0.47339 31.14787
3.58615 24.1107 2.31603 0.51046 29.48882
4.12869 23.17484 2.32757 0.44263 29.93939
3.68295 23.09915 2.18561 0.42761 30.62152
4.0297 24.08433 2.34574 0.43892 29.13247
4.02193 23.76276 2.44386 0.38897 29.41033
3.61525 23.43119 1.88291 0.38402 30.70119
3.28233 23.94952 2.12985 0.4333 30.21713
3.26606 23.9923 2.19801 0.49289 30.06982
3.73326 24.06502 2.28075 0.4545 29.48322
3.76907 23.56672 2.48705 0.53041 29.6612
3.50063 24.38461 2.48628 0.51453 29.12654
3.46228 23.60824 2.2539 0.56578 30.13168
4.01772 23.29405 2.54139 0.66489 29.51519
3.48215 23.39536 2.19569 0.69534 30.25711
3.96604 22.66255 2.58614 0.62798 30.18362
3.82305 23.75177 2.39118 0.60813 29.44694
3.7623 23.80403 2.57784 0.4809 29.4221
3.44686 23.69133 2.57629 0.466 29.85037
3.85943 23.54277 2.54559 0.44055 29.64602
4.34499 22.68116 2.36769 0.44074 30.19338
4.72674 22.13599 2.60934 0.50679 30.07122
4.08776 22.33126 2.64691 0.56906 30.42749
3.68596 22.87743 2.60765 0.5283 30.35081
3.3426 23.94871 2.50931 0.47641 29.75622
3.37295 23.53127 2.40914 0.43763 30.28211
3.49684 23.71168 2.26411 0.47954 30.07697
3.9055 23.36328 2.43812 0.46324 29.86023
3.87269 22.82113 2.47461 0.46349 30.39626
3.88742 23.41667 2.518 0.53405 29.67475
3.94826 23.07171 2.87951 0.55611 29.57437
3.96516 23.36731 2.73647 0.55492 29.42013
3.9502 23.86628 2.64691 0.55152 29.03023
3.71322 23.22032 2.32051 0.56552 30.21761
3.99827 22.8459 2.76166 0.61994 29.81841
3.84078 22.9345 2.56922 0.62036 30.07959
3.15599 22.75764 2.31304 0.52559 31.28418
3.33247 23.68732 2.37832 0.49707 30.14399
3.35487 22.87086 2.29189 0.39248 31.11226
3.4478 23.60762 2.19954 0.47069 30.30758
3.84693 23.07003 2.5673 0.44706 30.10603
4.38175 22.76798 2.63532 0.47163 29.78778
3.52488 22.43732 2.62924 0.34955 31.07301
3.40925 22.10188 2.54803 0.35219 31.60068
3.32378 23.04572 2.52148 0.40372 30.71652
3.37693 23.00378 2.72068 0.42467 30.48693
3.55727 23.84915 3.05988 0.51828 29.03593
3.67171 23.35816 2.61195 0.4654 29.91334
3.61562 23.52269 2.4529 0.52381 29.9079
4.0417 22.3606 2.72904 0.47381 30.42236
3.47302 23.15459 2.65821 0.53901 30.20583
3.59686 23.43551 2.58435 0.55383 29.8732
3.72159 23.13997 2.6138 0.47657 30.08911
3.88741 23.43215 2.4905 0.4184 29.7963
3.61542 22.51147 2.39693 0.43043 31.06767
3.82657 23.04411 2.29603 0.48991 30.3707
4.04088 22.41004 2.60495 0.55049 30.42698
3.99644 22.4297 2.55134 0.51604 30.54125
3.79905 21.79897 2.78246 0.52539 31.11986
3.66089 22.87682 2.79669 0.56741 30.14049
3.72491 22.75334 2.73975 0.48646 30.33219
3.47042 23.36673 2.3664 0.45477 30.39185
3.63232 24.93146 2.40273 0.5885 28.50795
3.45435 23.92934 2.32219 0.49123 29.83349
3.52066 24.02035 2.18146 0.49496 29.80819
3.6921 23.72983 2.29345 0.42095 29.89081
3.95545 23.12813 2.31419 0.36438 30.2638
3.87297 23.8434 2.53307 0.44538 29.34328
3.59729 23.97399 2.16496 0.52054 29.78741
3.53461 23.07495 2.41826 0.48293 30.51563
3.68864 23.22159 2.51198 0.42021 30.18796
3.69596 23.23993 2.61211 0.38555 30.0941
3.67693 23.13821 2.44566 0.35136 30.40379
3.47268 23.11595 2.47741 0.30275 30.64273
3.66453 21.76674 2.64362 0.36496 31.57659
3.48797 23.29754 2.37366 0.39504 30.46452
3.39914 23.52371 2.1298 0.4642 30.50854
3.41582 23.69861 2.59973 0.4906 29.82304
3.14609 23.38043 2.55773 0.46256 30.47616
2.9956 23.06483 2.24811 0.38792 31.31329
3.08407 23.46117 2.35418 0.41725 30.69711
3.23446 22.98357 2.4401 0.3811 30.97309
3.91174 22.94101 2.33688 0.50529 30.32854
3.72597 23.18832 2.81129 0.50068 29.7952
3.68596 23.44366 2.37527 0.44185 30.07508
3.25282 23.52157 2.28801 0.38791 30.56748
3.25162 22.8938 2.69104 0.39864 30.78532
3.86618 23.80122 2.4134 0.52315 29.44003
3.44731 24.08633 2.347 0.48165 29.68164
3.56484 22.72908 2.5593 0.39265 30.77386
3.81009 23.13306 2.64366 0.48878 29.96844
3.76367 24.13549 2.41532 0.48746 29.2349
4.00269 24.03814 2.40956 0.63683 28.97554
3.52744 23.76325 2.58928 0.57112 29.59053
3.79113 23.38154 3.06535 0.568 29.22274
3.4031 23.77342 2.43466 0.54811 29.8741
3.23448 23.65078 2.29691 0.60452 30.27126
3.82362 23.36991 2.54622 0.70198 29.64546
3.63185 24.15773 2.64685 0.62236 29.0069
3.5093 24.04873 2.44777 0.62087 29.43344
3.6097 23.17947 2.5233 0.58775 30.13692
3.77439 23.38993 2.60573 0.74116 29.55383
3.74871 23.36591 2.47994 0.64087 29.79689
3.30442 23.79982 2.71165 0.65753 29.57655
3.52777 23.12224 2.30924 0.59374 30.48309
3.33608 22.95437 2.5479 0.61654 30.59336
3.43043 23.23404 2.45188 0.68756 30.23906
3.54226 22.29756 2.50814 0.54183 31.15636
3.39701 22.87458 2.28811 0.5509 30.92208
3.42981 24.21197 2.36634 0.53463 29.48266
3.43471 23.90316 2.31133 0.55661 29.81991
3.57181 23.89066 2.51554 0.50512 29.53706
3.76116 22.96458 2.55142 0.46507 30.27472
3.53187 24.15989 2.41588 0.51723 29.39641
3.75449 24.03036 2.29987 0.57579 29.37222
3.74739 24.00572 2.47137 0.55581 29.23989
3.6614 24.61965 2.41008 0.63228 28.6957
3.37875 24.65116 2.6198 0.68563 28.70329
3.54332 23.19476 2.50817 0.54704 30.23257
3.79342 22.46773 2.75376 0.67815 30.34576
3.63305 22.87792 2.88119 0.68392 29.97854
4.26566 23.26392 2.77842 0.73449 29.0157
3.98237 22.4043 2.66874 0.57744 30.41479
3.52588 23.15858 2.40306 0.44989 30.48874
3.47585 22.79191 2.34535 0.40602 31.00777
3.40177 22.9457 2.47838 0.42162 30.78012
3.32577 22.90251 2.51626 0.55077 30.75157
3.79406 23.63609 2.53479 0.58517 29.48541
3.51441 22.57895 2.60972 0.61026 30.73784
3.42624 22.65874 2.54844 0.53015 30.86473
3.41593 23.07577 2.43951 0.46751 30.63485
3.47993 22.45016 2.43129 0.43589 31.22668
3.97294 23.11602 2.78719 0.59375 29.56162
3.6004 22.40358 2.5627 0.49849 30.96189
3.87158 22.54565 2.49232 0.44636 30.66729
3.27951 23.10691 2.49208 0.49448 30.65303
3.55525 23.65786 2.54092 0.5018 29.77997
3.37298 23.71942 2.51833 0.47746 29.93471
3.69258 23.91418 2.3531 0.4453 29.61467
3.8449 23.43074 2.38181 0.43753 29.92627
3.28906 23.28554 2.13414 0.41243 30.89867
3.24809 23.4911 2.23052 0.41792 30.62576
3.25415 22.79808 2.21248 0.40367 31.34824
3.31306 23.56552 2.33489 0.53512 30.27598
3.40162 22.53215 2.23752 0.5056 31.34268
3.89836 22.83001 2.36518 0.6534 30.28411
3.80226 22.3972 2.39001 0.57762 30.86983
3.54808 22.58366 2.25089 0.48052 31.16432
3.59351 23.56446 1.92487 0.60234 30.36545
3.1686 23.49847 1.98549 0.59675 30.79522
3.26328 23.97789 2.3539 0.52936 29.9224
3.71735 23.87557 2.72901 0.63962 29.09167
3.39138 23.34562 2.54164 0.67946 30.11315
3.45271 22.14959 2.84531 0.48838 31.09115
4.06533 24.34226 3.03512 0.70799 27.9306
3.68134 24.66235 2.55593 0.62548 28.54972
3.41507 23.06721 2.43165 0.44251 30.6798
3.35934 23.59743 2.37714 0.3479 30.34802
3.76366 22.9751 2.45371 0.35282 30.48645
3.53526 24.49954 2.27636 0.36949 29.34725
3.65888 23.62032 2.49686 0.34473 29.89727
3.67449 22.8772 2.61914 0.47702 30.38774
3.4468 23.85947 2.45643 0.41349 29.85097
3.54492 23.74486 2.49676 0.53112 29.72419
3.4582 22.48246 2.63647 0.42442 31.02896
3.38979 22.87048 2.30186 0.53203 30.94346
3.73613 24.3542 2.39767 0.7695 28.84145
3.26734 24.34902 2.35934 0.58922 29.48679
3.85947 24.4861 2.33167 0.61688 28.76508
3.46483 24.78694 2.34916 0.64543 28.83083
3.21654 25.12776 2.22115 0.63305 28.86068
3.62338 24.77726 2.47383 0.59893 28.59338
3.69768 24.63699 2.40471 0.55331 28.75631
3.48577 24.6491 2.17325 0.55314 29.1845
3.54955 23.75368 2.777 0.5886 29.37703
3.80914 23.93253 2.49363 0.56759 29.22689
3.65204 22.4507 2.55221 0.53517 30.84714
3.38207 22.83919 2.42118 0.52673 30.87519
3.50913 24.08252 2.06109 0.609 29.79546
3.6345 22.69001 2.71091 0.64198 30.39242
3.77141 23.59014 2.45403 0.69803 29.57657
3.64714 23.12484 2.40791 0.68962 30.19342
3.63538 23.21815 2.65151 0.61276 29.93317
3.8796 22.78162 2.83497 0.54109 30.00961
3.98347 23.13377 2.66434 0.62989 29.64663
4.17248 23.00383 3.00526 0.62655 29.23883
4.2446 23.22916 2.89016 0.63055 29.06814
3.62848 23.20497 2.52237 0.49912 30.17574
4.17895 22.95009 2.67896 0.63019 29.60648
3.40414 22.7872 2.47938 0.57038 30.80308
3.93062 23.3003 2.67765 0.57384 29.56674
3.71842 23.58617 2.45487 0.48388 29.77931
3.60405 22.78 2.39852 0.52139 30.72932
2.98385 23.91467 2.18807 0.55602 30.39326
3.55153 23.38151 2.40464 0.53849 30.16842
3.35224 24.20003 2.57197 0.49772 29.43133
3.13488 22.87507 2.33266 0.35417 31.32001
2.94245 23.59182 2.39149 0.41239 30.67917
3.34877 23.12507 2.55038 0.4304 30.56914
3.40906 22.92457 2.44095 0.48655 30.77268
3.25264 22.83246 2.39056 0.43366 31.11147
3.63347 23.32153 2.17383 0.41425 30.48127
3.77625 23.50804 2.35047 0.48356 29.92012
3.14456 23.20483 2.51283 0.37634 30.78178
3.73078 23.37255 2.34137 0.53248 30.06966
3.76886 23.19596 2.74609 0.494 29.82486
3.50296 23.65406 2.51705 0.43349 29.91488
3.39335 23.50827 2.95623 0.36638 29.80409
3.83658 24.48278 3.06418 0.47264 28.18647
3.72287 22.84035 2.80368 0.38906 30.2651
3.85496 23.08014 2.66361 0.44982 29.97761
3.5949 23.99797 2.48517 0.39041 29.56586
3.59013 23.64615 2.27555 0.31222 30.20334
3.58227 23.04925 2.49459 0.32151 30.57193
3.54885 22.41096 2.6911 0.33723 31.0355
3.39627 23.98812 2.48503 0.40662 29.75075
4.03018 23.86851 2.66843 0.40643 29.06196
3.76936 23.25658 2.48208 0.38355 30.13339
3.4795 23.0422 2.56474 0.35758 30.56856
3.36686 23.55859 2.42873 0.38027 30.28224
3.61893 23.60129 2.47227 0.41051 29.9219
3.42302 23.66595 2.50912 0.367 30.06328
3.56476 23.89346 2.53529 0.36135 29.67276
3.62374 24.28789 2.48833 0.44218 29.20411
3.61615 23.91377 2.60657 0.38104 29.51256
3.45681 22.9664 2.5121 0.36282 30.7225
3.95297 23.1726 2.73655 0.46652 29.72067
3.75731 23.24205 2.61852 0.46851 29.94404
3.77812 23.61264 2.75743 0.43658 29.44946
3.31072 23.14865 2.47483 0.35216 30.7392
3.56657 23.06989 2.46403 0.36188 30.55842
3.47734 23.37533 2.64468 0.36512 30.16212
3.48161 23.47752 2.27367 0.36914 30.41128
3.78286 24.38025 2.33767 0.37337 29.14958
3.89233 24.60651 2.44436 0.39822 28.68441
3.5166 22.80678 2.39341 0.30509 30.99397
3.80702 23.33671 2.44005 0.36579 30.08
3.86584 23.70546 2.63334 0.46546 29.38908
4.2916 23.57973 2.54764 0.39724 29.22356
3.6778 24.17316 2.33398 0.4113 29.45305
3.65857 23.57742 2.38183 0.36968 30.03807
3.66897 24.09203 2.33146 0.44399 29.49202
3.33312 22.88404 2.38868 0.38404 31.02684
3.53623 21.59133 2.45612 0.3539 32.06985
3.6095 23.01616 2.69485 0.47298 30.23083
4.08535 22.27429 2.66116 0.47776 30.53074
3.716 22.92061 2.28117 0.54896 30.5753
3.55425 23.07345 2.55554 0.48371 30.3602
3.62782 23.03351 2.49116 0.44184 30.43245
3.49463 22.83844 2.42417 0.45521 30.80983
3.69865 23.41373 2.49005 0.51581 29.90924
3.88407 23.65559 2.35653 0.54221 29.60342
3.39858 24.78429 2.41312 0.52205 28.9138
3.62562 23.97281 2.62637 0.52713 29.28544
3.84968 23.08312 2.36144 0.4812 30.24792
3.47817 23.1502 2.36016 0.47252 30.56901
3.80739 22.91428 2.65877 0.57309 30.0842
3.47268 24.21349 2.78753 0.65858 28.91865
3.39338 23.49369 2.40207 0.60425 30.13069
3.39541 23.49311 2.57834 0.52397 30.02691
3.24329 23.29111 2.60121 0.47267 30.4144
3.46587 22.62104 2.65084 0.49858 30.78536
3.26249 22.42859 2.33962 0.4732 31.51118
3.41055 22.63307 2.29634 0.47193 31.20744
3.52636 22.12882 2.3138 0.41319 31.63259
3.34914 23.67533 2.32761 0.45651 30.22196
3.45816 23.29476 2.21265 0.31534 30.73324
3.50947 23.37332 2.50841 0.4462 30.18672
3.59619 24.72445 2.45999 0.40478 28.83919
3.35994 23.13704 2.5806 0.40341 30.53561
3.18035 23.15489 2.36324 0.38007 30.93405
3.30985 22.95272 2.26058 0.33643 31.15439
3.60617 23.64019 2.53857 0.38545 29.84752
3.48427 22.30857 2.67814 0.34035 31.19917
3.78662 22.63575 2.76074 0.41014 30.42437
3.69666 22.81426 2.72055 0.4358 30.3517
3.75774 23.94916 2.53628 0.45162 29.32534
3.74664 23.67225 2.68811 0.39072 29.52007
3.83806 23.23972 2.77513 0.39721 29.77035
3.82903 22.98465 2.40624 0.39321 30.40147
3.71464 23.64689 2.33102 0.36919 29.95295
3.55899 24.18146 2.32339 0.38688 29.56437
3.41888 23.83923 2.37366 0.43812 29.94458
3.36469 23.19518 2.4955 0.4004 30.5571
3.75166 23.16858 2.55832 0.3612 30.1753
3.89535 23.53396 2.65467 0.39608 29.53658
3.90293 23.12253 2.77057 0.396 29.82884
3.80957 23.95255 2.62754 0.42526 29.2168
4.06859 23.25375 2.80688 0.41227 29.49702
3.69523 23.61313 2.52948 0.46789 29.72165
3.69148 23.43329 2.43659 0.48808 29.98149
3.50533 23.42415 2.52754 0.52815 30.04794
3.62077 23.12715 2.84503 0.4131 30.01858
3.64812 23.65529 2.78443 0.43276 29.50061
4.12392 23.47519 2.53907 0.37829 29.49911
3.7137 23.62052 2.50316 0.40907 29.7758
3.93255 23.00699 2.18207 0.40811 30.50301
3.57595 23.50921 2.29925 0.43381 30.19864
3.70699 23.94363 2.53681 0.50819 29.33305
3.74358 22.95144 2.41824 0.49733 30.41425
3.35455 23.34042 2.32365 0.46575 30.5329
3.67495 22.75883 2.60188 0.44483 30.53174
3.80768 23.22189 2.6276 0.49713 29.86971
3.51004 21.95761 2.49401 0.44902 31.60163
3.50883 23.70335 2.63513 0.54012 29.63947
3.87529 23.90229 2.32536 0.46507 29.47156
3.83143 22.74519 2.2229 0.43955 30.78375
3.91092 22.59335 2.5118 0.44764 30.56772
3.65276 23.12311 2.4998 0.42713 30.31971
3.47157 22.70419 2.1849 0.41273 31.24786
3.67947 22.82081 2.58167 0.38265 30.5552
3.71833 23.10392 2.4818 0.3813 30.32996
3.29318 23.5743 2.38674 0.39762 30.3651
3.56313 23.35575 2.5087 0.45675 30.13861
3.9511 22.53972 2.93223 0.39121 30.20972
4.00792 23.11162 2.91075 0.38669 29.61809
3.81318 22.44877 2.70224 0.35088 30.7078
3.51319 22.17546 2.63785 0.37913 31.3118
3.47571 23.25335 2.11662 0.42553 30.75243
3.55494 23.63519 2.36445 0.52429 29.94441
3.46702 23.53342 2.4512 0.56327 30.00915
3.71828 23.37343 2.51166 0.51524 29.90945
3.48408 23.87741 2.15743 0.47397 30.03101
3.49808 23.72958 2.08251 0.42769 30.28548
3.83699 23.72021 2.05899 0.46369 29.95174
3.67865 23.76558 2.06065 0.3982 30.12416
4.05747 23.42565 2.3148 0.41092 29.81438
4.18361 23.64946 2.71256 0.44139 29.05114
4.09901 23.38908 2.66272 0.46524 29.40667
3.81668 23.53528 2.43672 0.40885 29.83281
3.76563 23.19969 2.31498 0.42986 30.3116
3.76082 23.54676 2.31398 0.4263 29.98414
3.75192 23.01965 2.30778 0.37113 30.57775
3.91945 23.29116 2.54276 0.35853 29.91537
3.79671 22.47326 2.51959 0.39778 30.84933
3.78737 23.13873 2.51533 0.36761 30.2318
4.14632 22.91432 2.6186 0.35423 30.00893
3.63544 22.50498 2.43951 0.32523 31.12054
3.70218 22.60464 2.60456 0.34778 30.76129
3.83901 23.75093 2.6377 0.35995 29.43906
3.59401 23.2957 2.8837 0.35015 29.90545
3.66059 23.95095 2.69476 0.45899 29.27101
4.18314 24.17499 2.58547 0.48512 28.61154
3.97045 23.40096 2.67774 0.49706 29.47261
3.98135 23.70838 2.4806 0.50136 29.35402
4.14221 23.05013 2.34466 0.45229 30.03245
4.09772 22.61204 2.73358 0.48488 30.09892
3.67183 22.68814 2.43961 0.41706 30.80112
3.7455 23.03875 2.75022 0.468 30.02124
3.8741 22.41875 2.59164 0.39263 30.74181
3.44414 23.74204 2.39656 0.46332 29.98168
3.62128 22.72947 2.81183 0.47709 30.38818
3.64238 23.10417 2.9547 0.44519 29.8822
3.48229 23.21361 2.65175 0.45619 30.21655
3.47295 22.6637 2.35066 0.40078 31.13502
4.06506 22.59446 2.67523 0.37294 30.3184
4.1375 23.49119 3.06241 0.48955 28.85885
3.89083 23.1193 2.86187 0.48167 29.68553
3.62897 23.30185 2.66864 0.53158 29.90026
3.58722 23.57376 2.8191 0.48683 29.56026
3.62696 23.75129 2.80857 0.52802 29.32691
3.49836 22.72171 2.32618 0.38285 31.09284
3.39088 23.28146 2.58034 0.38918 30.3758
3.29989 23.31757 2.4293 0.32127 30.64254
3.64867 22.64239 2.54245 0.36539 30.81211
3.44967 22.72339 2.5394 0.29895 30.99964
3.88296 22.7317 2.42212 0.32634 30.65195
4.28974 21.98814 2.31368 0.31675 31.10811
4.17868 22.48745 2.42818 0.31993 30.61471
3.15872 23.94085 2.31137 0.39745 30.22327
3.39222 23.2777 2.6076 0.50664 30.25485
3.60416 24.54699 2.40389 0.59918 28.90105
3.76033 24.18097 2.83988 0.53706 28.75384
3.61108 24.45887 2.59617 0.44233 28.93913
3.5839 22.97178 2.92208 0.33404 30.21546
3.72041 23.05478 2.51066 0.29979 30.44774
3.95331 21.82826 2.58402 0.32079 31.33264
3.70712 22.7836 2.33402 0.30493 30.88439
3.28232 23.27983 2.17654 0.37935 30.89371
3.4311 23.43984 2.31191 0.50274 30.33241
3.46788 24.11396 2.27023 0.67134 29.50857
3.59412 23.62472 2.1774 0.65918 29.9788
3.50801 22.23335 2.22646 0.50964 31.53948
3.53419 23.67691 2.42084 0.60286 29.80019
3.52334 24.07526 2.25341 0.47287 29.69607
4.02556 24.21906 2.26981 0.57189 28.94255
3.42423 23.21951 2.51609 0.51705 30.33871
3.47741 22.57837 2.48071 0.44417 31.0383
3.46764 23.14326 2.36486 0.47869 30.57174
3.49156 23.17696 2.44912 0.4761 30.4284
3.82837 22.62544 2.78979 0.52674 30.27046
3.81791 23.44729 2.79981 0.61603 29.3734
3.76261 24.20186 2.65299 0.62036 28.80322
3.9945 23.6958 2.7451 0.56582 29.02685
3.90471 23.59562 2.42793 0.58277 29.51435
3.66753 22.80642 2.36182 0.49096 30.68881
3.70868 22.7673 2.5245 0.5664 30.45628
3.52977 23.26065 2.6961 0.43844 30.08779
3.81621 22.21181 2.67656 0.44765 30.86292
3.51624 23.10039 2.5555 0.43702 30.40472
3.71219 22.87385 2.36915 0.47031 30.59786
3.6509 22.86432 2.31217 0.41835 30.77343
4.10602 22.62794 2.87734 0.40218 30.00268
3.83398 22.43171 2.82299 0.34686 30.57733
3.736 21.88548 2.62202 0.34949 31.41826
4.18086 21.72589 2.6189 0.4961 31.00398
3.96009 22.37409 2.42999 0.4221 30.82695
3.38115 23.78436 2.41677 0.42093 30.01231
3.58545 22.86236 2.43839 0.38692 30.73737
3.72276 23.19092 2.4111 0.38752 30.31106
3.33718 23.47598 2.39641 0.42154 30.38897
3.69585 23.23024 2.39901 0.44127 30.24853
3.92383 23.40475 2.42196 0.49565 29.77153
3.32773 22.79738 2.32158 0.39975 31.16563
3.64736 23.70166 2.34075 0.43724 29.89227
3.70886 23.04984 2.44627 0.44189 30.37834
3.92807 23.42803 2.63057 0.39762 29.63624
3.7092 22.59233 2.40706 0.43559 30.87171
3.56378 23.16472 2.48772 0.37256 30.42357
3.7384 22.69079 2.88935 0.32936 30.36384
3.82989 23.30468 2.71256 0.32971 29.83583
3.49904 22.67524 2.73363 0.28673 30.81441
3.71288 22.29086 2.7401 0.31335 30.95516
3.36966 21.8191 2.36268 0.28839 32.16623
3.91983 22.13946 2.75836 0.33434 30.85679
3.65504 22.8391 2.75003 0.2986 30.47233
3.43365 22.63726 2.46017 0.31741 31.16465
3.45821 24.62998 2.19685 0.3913 29.34413
3.43802 23.02557 2.26377 0.3463 30.94357
3.23499 22.95562 2.38377 0.28395 31.15472
3.78749 22.23609 2.54062 0.31491 31.13658
3.68489 23.79674 2.40332 0.28706 29.84262
3.4093 24.03774 2.49068 0.32632 29.75174
3.39888 23.05364 2.55361 0.33233 30.67427
3.52054 23.03323 2.40612 0.28141 30.77308
3.67254 22.66371 2.73417 0.31659 30.62579
3.7005 22.66196 2.63685 0.31925 30.7028
3.611 22.75296 2.54481 0.32183 30.78406
3.87322 23.12299 2.58617 0.36908 30.06037
3.51563 23.75621 2.55849 0.37923 29.80147
3.75481 23.36074 2.72948 0.46022 29.71763
3.84511 24.15775 2.69004 0.4949 28.83682
3.57094 23.5923 2.71658 0.51754 29.63358
3.56754 24.42574 2.39874 0.51304 29.12473
3.48327 23.41319 2.36177 0.44526 30.31967
3.58909 24.53493 2.23539 0.50169 29.15851
3.3968 24.23673 2.31967 0.38789 29.67764
3.57941 22.53066 2.29293 0.29629 31.31725
3.52303 23.51257 2.2642 0.41368 30.30684
3.39208 22.89472 2.27377 0.37436 31.08531
3.10062 23.56094 2.27302 0.38294 30.70132
3.41676 23.75092 2.34058 0.38775 30.12914
3.60675 24.61115 2.28861 0.5981 28.95546
3.96797 23.39301 2.33511 0.49091 29.85121
3.55465 23.67886 2.37801 0.3425 30.06686
3.68821 22.79465 2.50091 0.32401 30.7174
3.99571 23.55122 2.54743 0.38298 29.56188
3.9771 23.18464 2.11014 0.33168 30.4201
3.7909 22.57085 2.36457 0.30199 30.99012
3.72429 23.26475 2.49935 0.45672 30.07847
3.8277 23.16212 2.5202 0.43745 30.07227
3.47814 23.28806 2.46677 0.39595 30.38303
3.64206 24.15352 2.5523 0.47955 29.20183
3.53602 23.61817 2.62261 0.39951 29.842
3.32699 23.82402 2.20651 0.4199 30.24437
2.95747 22.99423 2.08434 0.40645 31.57411
3.39289 23.22864 2.28941 0.42405 30.67959
3.61766 23.20733 2.17228 0.37768 30.63782
3.21216 23.57181 2.06553 0.36738 30.79377
3.11473 24.6795 2.00642 0.37565 29.8369
3.146 23.75878 2.04653 0.36974 30.68581
3.32506 24.01375 2.19612 0.39398 30.08036
3.19564 24.10173 2.30836 0.38363 30.02695
3.27514 23.91769 2.92859 0.42242 29.48022
3.7207 23.02569 2.77339 0.4443 30.05018
3.33241 23.0076 2.45591 0.45815 30.76191
3.16755 23.00584 2.2515 0.44415 31.14755
3.88531 23.86111 2.76647 0.5033 29.02306
3.81939 23.91285 2.3767 0.58117 29.34786
3.8611 24.1391 2.43367 0.54879 29.04892
3.45781 24.57221 2.79518 0.58337 28.62103
3.92297 23.33278 2.69325 0.54587 29.53101
4.00868 23.8648 2.72184 0.54935 28.87716
3.96706 23.31983 2.71954 0.40158 29.6068
4.04139 22.73375 2.75783 0.42034 30.05752
4.01568 22.32339 2.74801 0.36005 30.56223
3.9454 21.77747 2.80194 0.3707 31.11709
3.9913 22.49347 2.92813 0.45467 30.15265
4.05191 23.67538 2.7278 0.51065 29.07355
4.02116 23.8065 2.88668 0.50068 28.82068
3.84877 23.37109 2.53131 0.50131 29.78765
3.82456 24.69376 2.38136 0.48346 28.65721
3.72009 24.5892 2.78405 0.55669 28.38627
3.76898 24.34174 2.53713 0.48815 28.8949
4.03402 24.27325 2.2709 0.43685 29.00821
3.74625 23.94338 2.43762 0.38666 29.49868
4.08121 23.2984 2.39544 0.40064 29.84102
3.94659 23.78261 2.52976 0.44978 29.31452
3.67358 24.19363 2.3689 0.44328 29.33994
3.70667 24.11499 2.5209 0.49279 29.18422
3.64565 22.98899 2.43877 0.41265 30.52749
3.96603 23.18327 2.98257 0.45203 29.4314
4.19173 22.28538 2.87576 0.40042 30.26063
3.4237 23.94869 3.02922 0.42819 29.18606
3.10811 24.29053 2.58033 0.37585 29.6611
3.12238 23.1445 2.46446 0.35641 30.92265
3.39128 23.39819 2.69177 0.42202 30.11063
3.40132 23.6476 2.47726 0.48033 30.00495
3.68681 23.97522 2.34899 0.50658 29.50025
3.47278 23.01299 2.23164 0.44944 30.84492
3.49458 23.12391 2.28305 0.43446 30.67583
3.71665 23.29097 2.4483 0.42299 30.13713
3.71831 23.63841 2.33799 0.48503 29.83555
3.85073 23.85681 2.6987 0.46827 29.14512
3.86275 22.63075 2.48375 0.40159 30.62902
3.71221 23.26167 2.56236 0.42506 30.05255
3.26629 23.32629 2.35404 0.36446 30.69961
