"V1" "V2" "V3" "V4" "V5"
10.29312 12.31772 8.45191 1.09084 27.87777
9.64981 13.6649 9.09486 0.88466 26.75295
9.12798 15.13706 8.97717 0.79263 26.0138
9.10025 14.6618 9.04004 0.83535 26.40545
9.35962 15.81163 8.6557 0.83812 25.42134
9.92797 15.18754 9.14903 0.80546 25.04748
9.78958 14.62168 8.46396 0.73279 26.46961
10.2737 14.69409 9.36802 0.84912 24.93778
9.94197 14.66733 8.94422 0.97738 25.55971
10.00725 14.74719 10.1053 1.09356 24.16251
10.35703 15.17206 9.27261 1.25424 24.07242
9.74897 14.41683 9.19508 1.01553 25.70327
11.60027 14.76953 8.01073 0.8743 24.8413
10.02243 13.75558 9.16661 0.59508 26.50725
9.57134 14.05011 9.03224 0.73248 26.68776
9.86648 14.85527 9.87343 0.79051 24.76316
9.71685 15.0863 8.60399 0.92772 25.79958
9.44497 13.70951 10.56253 1.06579 25.33353
9.43426 13.87154 10.00809 1.20956 25.63267
9.72522 13.88392 9.33729 1.24602 25.95941
9.34039 14.11736 9.82469 1.0205 25.82131
8.60966 14.96383 8.34379 0.78415 27.35044
10.05868 14.54807 9.08345 0.89358 25.49572
9.83422 14.49273 9.68466 1.00451 25.11718
10.07674 13.90423 10.64689 1.19838 24.36456
10.34478 15.84526 8.73861 0.9618 24.24263
10.86539 13.87109 9.77151 0.91134 24.73695
10.10467 13.92246 10.22726 0.87801 25.0801
8.96537 13.95567 10.37704 0.91053 25.91308
10.74622 14.5815 10.35097 1.50773 23.12313
10.4361 13.58337 10.64577 0.88859 24.57919
10.0586 14.39113 9.66474 1.03128 24.99012
9.34502 15.74816 8.48107 0.87484 25.68823
10.13232 15.37 9.35132 1.08915 24.24653
9.96331 13.39418 10.97023 0.82873 24.94258
10.07168 15.62857 9.32275 1.16927 24.00508
11.21565 13.81574 9.4855 1.64594 24.17062
9.80088 14.90601 10.90454 1.3898 23.277
10.40142 14.73484 10.21125 1.25838 23.66755
10.20372 14.97187 9.34405 1.41076 24.3464
9.59546 14.3138 9.62293 1.06675 25.52484
10.32641 14.18364 10.23781 1.01936 24.38725
10.0597 14.36807 10.17734 0.99455 24.53135
9.41899 14.78837 9.56897 0.97171 25.36643
11.46458 13.22693 8.862 1.44652 25.15751
10.82832 14.30934 8.85157 1.34528 24.8488
10.12783 14.8949 8.79175 1.26009 25.11599
11.03695 14.33256 9.815 1.13846 23.91337
10.16811 13.97347 11.80878 1.16043 23.16599
9.14956 14.39832 10.1859 1.15276 25.2845
8.82148 15.49526 8.9058 1.05143 25.82179
9.46861 14.1777 8.37693 1.02037 27.01024
9.96945 14.28612 8.83535 1.36346 25.69881
10.01832 14.12004 7.19428 1.43955 27.36935
9.17456 13.85103 8.46341 1.23591 27.38298
10.61703 13.18681 10.75643 1.35755 24.31417
11.40032 14.01115 9.13382 1.10783 24.58355
10.84674 14.98723 8.83842 1.10016 24.46783
9.39267 15.17802 10.75842 0.9281 23.96883
11.55483 12.99145 9.96937 1.10275 24.52752
11.82354 13.93446 8.96101 1.21 24.1965
11.45693 13.65884 9.03833 1.26572 24.74518
9.03282 15.6246 7.65075 1.29986 26.54254
10.05116 14.64125 7.799 1.52797 26.23068
10.42423 15.25778 7.39302 2.11107 25.23158
10.28666 14.08302 7.49561 2.03626 26.38648
9.70495 15.07372 7.06114 1.96131 26.46832
10.20601 14.3836 7.82209 1.86885 26.00248
10.68123 13.34186 7.82856 1.60151 26.72311
10.74581 14.27137 7.38199 1.38841 26.34372
11.47976 13.84321 7.94291 1.74885 25.19541
9.52991 13.91081 8.9622 2.08405 25.80738
9.4832 12.7134 9.17956 1.64906 27.17055
9.29609 12.57184 9.79416 1.59677 26.8952
8.62403 13.42319 9.52302 1.33277 27.20688
8.86909 13.34064 8.99402 1.38411 27.52736
9.76247 13.71902 9.05818 1.34563 26.24405
10.2617 13.70282 8.85439 1.28505 25.9819
9.08628 14.64574 8.0082 1.4243 26.90694
9.27794 15.07268 8.34624 1.40905 25.97356
10.89343 13.1341 8.85049 1.42286 25.78456
9.57362 14.26145 9.77461 1.64325 24.86771
10.04584 13.75452 9.95978 1.95543 24.50936
10.23096 13.26663 8.63852 2.25959 25.93918
9.67687 13.94886 8.01348 1.37272 27.1149
11.24301 15.22106 7.50058 1.27774 24.89163
11.29613 15.27019 8.04905 1.68124 23.99964
10.05714 15.22095 7.50822 1.24688 26.10438
11.92548 14.67113 7.78547 1.26408 24.47661
11.47943 12.39773 10.03728 1.19767 25.00928
10.87126 12.63442 9.52989 0.87674 26.14265
11.56787 12.76955 9.2111 1.60719 25.03089
10.33102 15.06432 9.34819 1.71206 23.8283
10.29568 15.88341 7.71092 1.64739 24.63862
9.81884 15.4531 8.42673 1.87351 24.74295
9.7871 15.4532 8.11956 1.72223 25.28898
10.92478 15.0494 7.81031 2.1281 24.4743
9.32214 15.68047 8.98655 2.53863 24.21996
10.08801 15.47213 7.9371 2.34403 24.66031
9.58218 14.84218 7.89837 1.81495 26.1735
9.98461 14.01993 7.50547 1.11878 27.49256
11.15478 13.97229 8.23463 1.55656 25.22765
9.86754 13.88314 8.08028 1.27392 26.9546
10.77583 13.7993 7.42103 1.33026 26.78824
11.00277 13.06155 8.45797 1.50505 26.14584
10.30555 13.98963 8.25639 1.7684 25.89981
9.8312 14.48606 9.37228 1.89595 24.7029
11.49297 14.19709 8.88733 2.91466 23.38602
10.20742 13.2373 9.36714 2.01109 25.63357
10.00218 13.38628 8.34102 2.37083 26.38816
9.55485 14.79408 8.72659 1.81499 25.44367
8.65337 14.1531 9.98982 1.33116 26.03465
10.11923 13.62486 10.75158 1.33714 24.3887
10.48264 13.83871 9.37427 1.19603 25.28243
10.99882 15.25055 7.40225 0.9413 25.54859
9.33461 15.38298 7.6603 0.95406 26.7791
9.40111 15.24833 8.45691 1.04552 25.96023
9.06967 16.50496 8.05485 0.97032 25.5043
10.62441 15.06004 8.80258 1.19952 24.47958
9.84849 15.71792 8.37821 1.11208 25.09867
10.34862 15.21408 10.04398 1.47005 23.15442
10.70207 15.74168 8.71396 1.75294 23.36035
11.04394 15.55102 8.6381 1.90224 23.14083
10.06167 16.31054 9.3051 1.55114 22.99096
9.92031 14.76126 9.24509 1.66014 24.63832
9.50107 15.395 8.83854 1.42464 24.97733
10.35931 14.51208 8.65339 1.29909 25.2642
10.39837 14.65564 8.46633 1.08589 25.4911
10.54577 12.92119 8.73684 1.00689 26.86769
10.80933 14.27065 8.71226 1.33398 24.99312
11.78056 14.26412 9.29954 1.61819 23.23166
11.69733 14.66626 7.82028 1.52859 24.39351
10.80942 14.20318 7.87363 1.22866 25.95061
9.97346 13.65549 8.57164 1.06771 26.76787
11.19819 14.23703 8.74982 1.12501 24.78216
10.9669 14.13783 9.85893 1.20034 23.9779
10.83372 14.96195 8.44647 0.89461 24.97355
11.01608 14.94704 8.73598 0.95989 24.51053
10.07337 14.48773 8.52686 0.87114 26.13426
9.15482 15.16082 8.8504 1.01731 25.89247
10.4471 14.25584 9.66865 1.04067 24.72209
10.49435 14.8867 8.11436 0.92092 25.69726
10.66961 14.18759 8.77881 1.37744 25.14139
11.44196 13.89151 8.14537 1.43081 25.20898
10.48652 13.88288 8.95271 1.27025 25.51485
10.11622 14.00134 8.5651 0.94681 26.40864
9.81811 14.12329 9.91346 0.98379 25.23251
11.75171 13.88009 10.10146 1.31094 23.12249
11.25667 12.88446 9.55898 1.32251 25.11083
10.85822 12.84762 10.57286 1.43071 24.38864
9.9883 14.61591 9.63228 1.37593 24.48448
10.39569 13.73188 10.2996 1.3126 24.35123
10.40805 13.4368 10.02402 1.43854 24.83425
12.00719 13.72935 9.11075 1.65817 23.73107
10.80262 15.49622 8.43326 2.15916 23.38112
9.86802 14.67524 9.283 1.59451 24.72004
9.83653 14.42303 7.63853 1.15819 27.01699
10.6355 13.7308 7.93159 1.36689 26.42057
10.54165 14.26194 8.894 1.30807 25.0834
8.69738 15.65697 8.67231 1.28909 25.79263
10.04763 15.23455 8.66984 1.40978 24.82467
9.4368 14.61562 8.35656 1.22921 26.45178
9.72579 15.38319 7.77249 1.52185 25.75245
9.2085 15.64999 9.08565 1.67519 24.58604
9.4466 14.93421 7.97054 1.43561 26.31005
9.17663 14.7936 8.41609 1.27298 26.42162
9.95027 14.86226 7.47912 1.03892 26.72894
10.40601 14.61976 7.01786 0.90475 27.10001
11.26324 14.56123 7.70333 0.80044 25.72894
9.56966 16.19225 7.45457 0.87013 25.94453
9.1322 15.61042 7.50623 0.72828 27.05606
9.48655 14.55568 7.4489 0.72738 27.80788
9.26545 14.36875 7.48196 0.75262 28.15081
8.77412 14.39178 8.18607 1.08288 27.5987
9.69959 15.09457 7.15461 1.10287 26.97756
11.11761 13.88085 7.68943 0.87258 26.48521
10.1176 13.26512 8.73334 1.10433 26.82314
11.21404 13.75809 8.49259 1.13254 25.48685
11.20789 13.83711 8.29389 0.86579 25.86637
9.59559 15.2793 8.12689 0.90777 26.16497
10.68171 13.48285 8.1823 0.73574 26.95996
10.36026 14.30082 7.84109 0.65567 26.87885
10.04572 15.08464 9.02289 0.88147 25.02937
9.84344 13.34358 10.31286 0.82955 25.7028
11.01572 13.43796 9.57529 1.065 24.98327
9.63457 15.15361 9.5695 1.07331 24.6541
9.4664 14.8026 8.25021 1.12475 26.402
8.6662 15.33261 9.43579 1.11032 25.5275
10.02068 15.03613 8.39283 0.90047 25.68988
9.62821 13.6929 9.59553 0.93607 26.18853
9.11978 14.50981 8.58736 1.07125 26.74783
10.01165 13.79087 9.3828 1.38129 25.49995
10.50676 12.58968 10.7949 1.3817 24.83698
10.37453 14.06383 8.41019 1.41151 25.82978
9.34978 13.73108 9.36811 1.44862 26.18671
10.87092 13.57491 9.76148 1.44789 24.45585
9.32178 14.69291 8.34477 0.9797 26.69322
11.12372 14.24433 7.28494 1.17505 26.24278
9.19069 14.32616 8.88652 1.14774 26.5155
9.15655 14.6838 7.71202 0.99176 27.50364
8.58106 16.0942 7.25852 1.21198 26.9247
9.94109 15.06543 8.0478 1.43437 25.61544
9.92814 15.14103 7.59273 1.45473 26.0197
9.09219 15.21964 8.97465 1.28088 25.50622
9.7692 15.59211 8.48411 0.9467 25.26383
9.76518 16.03325 8.96966 1.11317 24.25048
9.48211 16.42378 8.2375 1.12468 24.87691
9.97439 15.61107 7.96696 1.60584 25.01396
9.60445 16.92971 8.28821 1.42908 23.91484
10.01178 14.79416 9.18377 1.4204 24.70938
10.77949 14.78854 8.64395 1.33652 24.58808
10.16524 13.82786 10.69047 1.09515 24.37879
9.9417 12.97842 11.17461 1.02609 25.01732
10.72263 13.55314 8.30149 1.13938 26.37594
11.22019 14.25162 9.46369 0.8663 24.30215
11.34304 13.69473 9.73675 1.03565 24.28257
9.37334 14.32081 10.28003 0.80004 25.30335
10.06943 13.69588 9.19483 0.48866 26.59982
8.63972 13.21626 10.43823 0.68655 27.06792
11.05318 12.84504 9.49134 0.83937 25.85285
10.67636 14.37763 9.49234 0.77519 24.81859
10.10016 13.524 10.37069 0.85202 25.26408
9.34875 14.42426 9.55655 0.83955 25.91659
9.93548 15.1184 9.67953 0.9945 24.3751
8.90888 15.04211 8.9287 0.77335 26.40264
9.68924 14.05753 9.6486 0.83583 25.82258
9.04792 14.51207 9.09906 0.79729 26.58845
10.23432 15.21414 7.72601 0.72382 26.16311
11.06223 14.66863 8.61325 0.8144 24.91554
10.79278 14.03866 7.97481 1.13138 26.10146
10.55783 14.14587 8.67176 0.85003 25.81815
10.18444 12.57064 9.92408 0.99522 26.37027
9.55139 13.64568 9.94661 0.87133 26.04137
10.21501 13.52849 8.97574 0.93289 26.39116
9.63965 13.3208 9.3544 0.93161 26.80322
10.08539 12.98275 10.00567 1.19938 25.81057
10.28409 14.67613 8.93637 1.48648 24.79564
9.0694 14.67596 8.89939 0.86897 26.53289
9.70389 16.36485 8.3028 0.83204 24.87473
10.20604 15.88386 8.40948 0.82262 24.75116
9.27513 16.28787 8.93323 0.72385 24.87006
9.79786 16.02796 8.33146 0.70078 25.22048
10.56625 14.82236 8.09613 0.68037 25.90321
8.9135 16.09593 8.51746 0.58073 25.95662
9.61635 13.71697 9.10605 0.68291 26.95107
11.00493 14.1653 8.94092 0.6855 25.31565
11.30557 12.99516 10.823 0.7639 24.25125
9.6284 13.94331 11.2763 0.70645 24.56965
10.19558 13.07426 11.40869 0.69119 24.72389
11.39949 14.07385 9.45998 0.72135 24.48001
9.43684 15.37412 9.55674 0.64435 25.1089
9.57689 15.06577 9.66736 0.8894 24.9778
10.61637 14.02087 9.45247 0.77842 25.26321
9.95458 14.70171 10.37041 0.91156 24.2194
10.98267 14.58596 9.63788 1.13302 23.86394
10.11088 14.06053 8.96371 0.87704 26.07367
9.37621 14.16041 9.99438 0.88224 25.67025
10.04082 12.0746 9.95335 0.85465 27.12197
10.378 13.24431 9.81658 0.96107 25.69402
10.31219 14.21599 9.56164 1.29209 24.79912
10.09574 14.34969 8.33372 1.11736 26.24437
10.39118 13.89949 8.04603 1.27484 26.52328
10.10285 14.44169 7.95504 1.38929 26.25261
10.29741 14.69733 7.74928 1.4053 26.01915
10.98212 13.76259 8.36428 1.27825 25.72734
11.24327 14.1023 7.5571 1.44319 25.82087
11.13099 15.17655 7.68276 1.75556 24.50341
10.35065 14.37427 8.78104 1.42324 25.24007
9.83833 14.40287 8.14789 1.96825 25.97928
10.77224 13.98558 9.30814 2.92942 23.75187
11.13956 13.41899 10.09635 2.48204 23.474
10.33484 14.79588 9.45235 1.96715 23.93789
9.87629 13.2438 11.1715 1.49102 24.47671
10.07967 14.79367 9.01902 1.45388 24.83769
9.38834 14.27935 9.59867 1.46747 25.40869
9.40281 14.2154 9.66939 1.36776 25.44145
10.48893 14.78151 8.37213 1.27963 25.24662
9.82249 16.44038 8.9505 1.52722 23.57345
9.51392 16.24362 9.8515 1.43634 23.25858
9.58713 15.63921 8.31053 1.12409 25.45843
9.9768 13.90828 9.19572 1.13826 25.88428
9.81558 13.73612 9.7043 0.88566 25.98728
8.70827 15.61777 9.63933 0.86124 25.30362
10.17731 14.55327 9.06493 0.90037 25.40591
9.37993 13.60055 9.70114 0.87344 26.49856
9.57713 14.69208 9.18496 0.80975 25.81444
8.41467 14.92057 9.16361 0.95985 26.60887
9.74368 13.95481 8.33659 1.07838 26.99626
10.41066 13.29766 8.27109 1.35922 26.86259
10.99496 14.33539 8.30252 1.36251 25.21915
9.80129 14.01798 8.36778 1.11818 26.79269
9.67262 14.90542 8.96607 1.01664 25.5783
9.50741 13.89302 8.68333 0.85974 27.15418
10.76131 14.2123 9.8855 1.066 24.21417
10.98063 14.32122 9.38305 1.05942 24.38899
9.97891 14.78807 9.17155 1.0963 25.0542
10.46833 14.43029 9.6536 0.95886 24.56416
10.94555 14.73851 8.59729 1.12125 24.70678
9.46983 15.32141 7.97918 1.06163 26.23938
11.14052 13.84521 9.13846 1.31496 24.636
10.72717 13.66495 8.38104 1.6353 25.6663
10.50129 14.83274 7.92358 1.57849 25.2391
11.12311 13.64248 9.03814 1.29417 24.98313
10.07028 14.02427 7.70183 0.89645 27.33937
9.27586 13.93144 8.45892 1.2266 27.18371
10.07919 13.04801 9.17337 1.10088 26.64379
9.18607 14.23179 9.99457 1.09085 25.58713
9.96076 13.76417 9.19746 0.9989 26.16226
9.60434 14.36423 10.1127 1.31419 24.80025
10.83353 13.73176 9.66081 1.11779 24.7996
10.594 13.56944 9.73177 1.44048 24.83867
9.9769 13.64185 10.32736 1.48883 24.76907
10.18076 13.33045 9.34752 1.50777 25.77325
11.65507 13.66792 8.24532 1.28871 25.25394
9.55552 15.48754 8.24184 1.14578 25.66398
11.35695 13.72185 8.8677 1.20124 24.9665
10.02157 13.89509 9.30345 0.97597 25.86337
9.76862 12.73952 9.32346 0.84788 27.37342
10.0975 14.42012 8.93666 0.91118 25.69615
9.02714 13.66849 9.6242 1.18965 26.54651
9.41526 14.1125 10.13218 1.2726 25.18973
11.66665 12.96932 8.91521 1.14084 25.41182
12.19536 13.67506 7.35303 0.78975 26.07541
10.88378 14.11317 8.28279 0.87511 25.92411
9.60895 13.85319 9.00963 1.02126 26.57094
9.83703 14.90218 9.67487 0.99753 24.72793
9.96865 14.10916 9.15721 1.04679 25.80154
9.86592 14.01643 9.9544 1.34809 24.93838
10.51183 13.65387 9.33022 1.38885 25.25448
10.57982 13.37885 9.06591 1.11664 25.94787
10.61648 12.93113 8.76009 1.15533 26.60802
9.69852 14.86986 8.12012 0.8469 26.50317
11.12204 12.60368 9.17661 1.06192 26.1013
11.84848 12.70442 8.29075 0.68841 26.53069
10.13955 14.51638 10.17505 0.93771 24.3152
12.45923 13.70362 8.85007 1.02401 24.08224
10.86633 15.17272 9.51193 1.20288 23.36689
12.08908 13.26155 8.7917 0.89949 25.04507
9.9921 14.51182 9.45705 0.72974 25.36769
10.54643 13.8925 8.62963 0.85815 26.11238
10.77951 14.018 8.44113 1.0156 25.80586
9.66858 14.84436 8.49876 0.89327 26.15429
10.76577 14.7116 7.68361 0.85077 26.0365
8.73711 13.18336 8.48256 0.57302 29.04479
10.20788 13.26496 8.78105 0.77325 27.01065
10.14774 13.49311 8.38214 0.75743 27.25684
11.37249 12.91188 8.46781 1.07923 26.21648
11.35338 13.72548 8.87665 1.13117 24.98197
11.18253 13.30934 8.72726 1.15509 25.70154
10.23344 13.34033 10.3151 1.23986 25.00452
10.38617 13.07695 8.91905 0.96778 26.75767
9.94623 13.43603 9.61065 1.24511 25.93159
11.02008 13.96617 9.64605 1.06478 24.42109
10.18753 14.1601 9.40437 1.32041 25.04267
10.31525 14.09265 8.74329 1.52979 25.46954
10.07778 13.2249 9.31186 1.6313 25.92115
10.04916 13.32546 8.44033 1.46142 26.79921
10.82245 14.01051 9.64525 1.37619 24.24626
11.19981 12.83966 9.50551 1.25028 25.32366
9.99626 15.41511 7.49091 1.29758 25.88003
8.83341 15.00209 7.51045 1.23683 27.49915
9.84813 14.2557 7.61971 1.17816 27.15307
8.47102 15.49727 7.65388 1.29984 27.16255
7.27989 15.35128 9.83449 1.37391 26.26138
9.6253 12.75344 9.74795 1.77238 26.21214
11.53692 13.51877 8.97107 1.48255 24.60326
10.25519 13.64625 9.1436 1.46063 25.59713
10.21034 14.03279 9.82533 1.47394 24.59853
9.98203 14.67706 8.41395 1.08111 25.92935
9.4305 14.73397 8.61824 1.15186 26.15179
9.93863 16.378 8.53789 1.50779 23.79342
10.33595 14.66676 8.66412 1.21395 25.21364
10.05437 14.3553 9.14455 1.17978 25.39366
11.58695 14.35357 8.90579 1.14922 24.12606
10.95106 13.73708 8.97743 1.22859 25.1878
9.38956 15.61464 7.57959 1.21908 26.27125
9.24023 15.53347 8.68425 1.07444 25.53614
8.53713 15.34812 8.92332 1.00861 26.25844
9.25902 15.80596 9.4841 1.19289 24.40665
8.71476 14.61681 8.75779 0.89412 27.10832
11.1464 16.03062 8.47359 1.04735 23.48186
11.51041 14.28682 8.7993 1.16929 24.36096
10.58705 14.96337 8.29529 0.72413 25.5045
10.87796 13.43709 9.32417 0.65787 25.74664
9.72945 13.59738 10.03336 0.59831 26.0783
10.22901 13.19905 8.93539 0.59173 27.07916
9.92195 12.99443 9.72321 0.55599 26.83319
8.96522 13.42234 9.39387 0.55243 27.69359
10.43442 13.99478 8.58239 0.54428 26.47532
10.8978 13.17664 9.9957 0.82234 25.16341
9.45987 14.44628 9.63564 0.63095 25.86651
11.43433 13.45464 8.32649 0.65937 26.15968
10.68565 13.97846 8.78033 0.80599 25.81653
9.61313 14.85768 8.37902 0.68113 26.52709
10.49982 14.19919 8.64566 0.99299 25.72173
9.7739 14.03124 8.96663 1.18347 26.10611
10.3565 14.97741 7.97091 1.42257 25.37399
8.57048 15.04849 8.35558 1.05346 27.01992
8.94391 14.10727 8.75793 1.13369 27.09251
8.65754 14.69999 8.77595 1.02112 26.88456
9.81533 13.91416 9.23406 1.08577 25.98835
10.12935 13.84234 8.64875 1.08819 26.33358
9.73398 14.32348 8.22636 1.07005 26.69374
10.55723 14.69037 9.88458 1.12591 23.82691
9.40533 15.02943 9.59092 0.80021 25.21652
10.3228 14.00195 9.23298 0.74142 25.75193
10.87277 13.39937 9.04955 0.71968 26.00196
10.03348 13.89281 9.49134 0.80021 25.83923
9.92385 14.63031 8.8301 0.70856 25.95045
10.5844 13.5575 8.70938 0.5281 26.64431
11.22114 14.20893 8.04237 0.59206 25.97777
10.09091 13.88826 9.37932 0.5419 26.1373
10.47373 13.31706 9.42479 0.67277 26.17205
9.83252 15.13026 8.90762 0.70738 25.46972
9.11456 15.30604 8.34928 0.66953 26.59451
9.89147 16.14709 7.84411 0.70282 25.46488
8.31279 15.86188 9.14046 0.69471 26.02439
8.30171 17.15505 8.62366 0.65234 25.30668
9.78108 14.59092 9.67165 0.65607 25.34357
9.47229 14.88545 9.35488 0.75629 25.58693
9.90553 14.62931 8.4247 0.94046 26.13491
10.64402 13.78558 8.3895 0.7304 26.47894
9.58441 14.528 8.7869 0.82443 26.3027
11.94935 13.56383 8.93478 0.97015 24.63359
10.66326 14.51359 8.65421 0.96104 25.27698
11.122 13.94378 8.67646 0.98747 25.32803
10.78122 12.84119 7.40447 0.80457 28.19053
10.18089 13.31496 8.58025 0.88341 27.0539
9.72936 13.19459 10.10228 0.93076 26.06152
10.7537 15.64544 8.35435 1.27788 24.01109
10.60222 14.21312 8.21047 1.29944 25.71172
10.33054 15.38248 8.29456 1.25584 24.81468
10.47479 14.4768 8.67835 1.29865 25.16505
9.80498 14.85289 8.72696 0.86255 25.81962
9.96992 16.19228 8.39359 0.84343 24.65905
10.66599 13.39527 7.53135 1.00379 27.43402
10.57519 14.7134 8.13392 0.9625 25.65701
10.12719 15.16945 8.57835 1.07601 25.10166
10.55326 13.92684 8.04415 0.92987 26.59392
10.53189 13.45715 8.30531 0.9923 26.75092
10.2976 13.18562 8.86433 1.13563 26.57599
10.57459 14.90728 8.25017 1.26752 25.07232
9.41094 15.39494 8.30471 0.8554 26.07201
10.23361 14.76072 8.44651 1.0637 25.57168
11.09882 14.81636 7.82822 1.18992 25.15984
10.69968 15.18467 7.97307 1.11518 25.11687
10.4803 13.51998 9.12972 1.06863 25.8771
9.3458 14.19693 9.11065 0.93349 26.46649
9.41602 13.35158 9.97974 0.9283 26.39202
9.86957 14.10638 11.12372 0.78005 24.20961
10.77459 13.95201 10.60248 0.94514 23.82518
9.48562 14.48379 10.21346 0.72193 25.13181
10.32514 14.2677 9.53051 1.13554 24.80334
10.56922 13.53668 9.0527 1.55061 25.36626
10.86996 14.3033 9.90942 1.28214 23.73187
10.0372 13.86782 10.10581 0.93049 25.1202
11.52477 13.01267 10.10308 1.02217 24.42919
10.29164 13.89425 9.21534 1.04732 25.62424
9.66274 14.0703 9.7727 1.07174 25.49358
9.7486 14.82139 9.458 1.25057 24.83921
9.07718 14.20323 9.84189 1.31441 25.66954
9.80102 14.53153 8.75474 1.14615 25.86957
10.39535 13.52259 10.04239 1.18355 24.97117
11.22377 13.02297 9.24391 1.48701 25.19401
11.29135 13.53057 10.31723 0.99222 24.0414
11.18137 14.66716 9.27705 0.94969 24.07464
10.53733 14.12839 8.58574 0.86568 25.94563
10.38365 13.82463 8.80611 0.93265 26.117
10.25501 15.43661 7.52323 1.15585 25.70017
10.68716 15.41427 7.80868 1.12013 25.0774
10.54416 15.76146 8.39272 1.43621 23.97499
10.99118 14.8763 7.81105 1.57652 24.90283
11.44298 14.09868 8.36787 1.6441 24.69174
10.15179 14.83306 9.19026 1.71094 24.31031
9.75313 14.94307 8.45192 1.72878 25.23477
10.51651 13.90216 9.17261 1.76899 24.79486
10.54564 13.10037 10.25168 1.56631 24.6483
10.9443 14.43387 8.72399 1.29954 24.70838
10.32506 14.76787 9.2816 1.28089 24.46999
11.69706 14.29137 8.08358 1.13324 24.91397
9.90391 14.17991 9.04385 1.03217 25.93163
9.08502 13.68324 9.17448 0.60112 27.49383
10.38575 14.8968 9.0183 0.71213 25.03594
10.20669 14.66371 8.75584 0.79687 25.62917
9.42955 15.02717 10.87845 0.80376 23.93753
9.58221 13.40625 9.81128 0.6784 26.55559
11.10697 13.85491 10.36651 0.88602 23.90433
9.29509 15.00361 8.92321 0.99898 25.83063
10.27594 15.30632 8.07721 0.97651 25.43036
9.88698 15.01358 8.02081 0.93573 26.17534
10.67462 13.33388 9.02709 1.01506 25.99576
10.68705 13.6928 8.62002 1.01707 26.04221
10.72318 14.33362 8.16535 1.17663 25.66781
10.64709 14.13521 9.38552 1.23819 24.67286
9.44767 14.84198 8.89932 1.48513 25.4049
9.06158 14.8736 9.61348 1.16988 25.34634
10.40648 14.15547 9.20649 1.40517 24.90591
10.48308 13.19054 8.05479 1.30656 26.99824
9.8988 14.06932 7.81333 1.00241 27.26202
10.0003 13.35477 9.24088 1.08135 26.353
11.62477 14.14106 8.92896 3.05632 23.27375
10.02306 13.93569 8.35008 1.71904 26.36809
10.52944 13.64125 9.47985 1.43772 25.22039
11.01129 13.89935 8.89246 1.79483 24.83231
9.9116 14.52998 7.8085 1.58093 26.48031
10.26053 13.55505 8.10493 2.51513 26.36067
11.96378 14.39418 9.03095 2.42545 22.91203
12.28525 13.91282 8.10579 2.24543 23.92783
11.38137 13.31319 7.45062 1.45189 26.70561
11.58515 12.41855 7.48518 1.23606 27.42858
11.95028 12.51182 9.10131 1.21707 25.35652
11.4656 11.95442 10.3136 1.3759 25.05842
11.46096 13.79394 8.11715 2.34342 24.77378
10.62336 14.95066 8.54407 2.19573 24.22292
10.03607 15.52001 8.45371 2.56493 24.05784
10.47261 14.30998 8.32947 1.96449 25.22998
9.83244 14.31351 7.44793 1.52152 27.07989
9.6722 14.38616 9.09005 1.49933 25.57433
9.45996 15.73263 8.87469 1.72138 24.60619
10.07836 13.85322 9.99295 1.51596 24.93835
10.1829 12.64121 10.81773 1.28411 25.40298
10.58176 12.18598 10.13961 1.31422 26.00797
10.90098 12.937 9.45791 1.75327 25.23913
10.57615 12.42159 10.34017 2.18507 24.91789
10.07832 13.94402 9.25737 2.12684 24.99122
9.9719 14.19908 9.63006 2.36485 24.25743
11.30801 11.86682 10.1381 2.34476 24.70312
10.54001 14.4788 9.27573 2.10436 23.94739
10.80739 13.9537 9.6918 1.89105 23.994
10.17551 14.51989 8.02836 1.88434 25.6765
9.66267 14.22301 9.04593 1.69426 25.62405
10.48014 14.24644 7.62446 2.5691 25.59396
9.79786 13.6394 8.42584 2.70324 26.0927
9.80963 14.59862 10.28824 2.69711 23.32138
9.48381 14.16352 10.36892 3.27068 23.73627
11.34189 13.57281 8.50514 1.98493 24.99315
9.95906 15.07192 10.17576 2.01341 23.15685
11.56984 13.82346 9.98996 2.35871 22.85887
10.57405 13.94914 11.05507 2.3599 22.7322
11.58764 14.58578 10.30264 2.95374 21.47678
11.34802 14.01995 10.26353 2.32093 22.66047
11.34681 13.94155 8.82072 1.74268 24.49271
9.791 13.88863 8.98714 2.06571 25.66791
10.27267 14.31924 9.24217 2.21722 24.45975
11.04185 14.19057 9.12065 1.50975 24.48711
11.07436 12.98417 9.22041 1.75486 25.44787
11.12328 12.99895 8.73643 1.40811 26.00761
11.62502 14.34813 8.37218 1.025 24.85648
10.8981 13.84053 8.92391 1.31687 25.27907
10.17211 15.59791 8.17003 1.39342 24.91549
10.58845 15.67134 7.63868 1.23615 25.0751
10.00322 15.67117 6.99676 0.88031 26.56115
10.74816 14.51239 8.81199 1.1843 24.88858
10.44435 14.85688 8.86184 0.94432 25.02446
10.87107 13.60336 7.98175 0.76115 26.87628
10.13768 15.57848 8.62726 0.80472 24.9841
11.03399 14.36591 9.65707 0.70943 24.39798
10.42449 14.39222 8.14695 0.6724 26.49747
10.56744 14.72302 8.7581 0.69133 25.42636
9.75763 15.07748 8.41051 1.14128 25.95278
10.30518 13.17779 11.06397 1.28994 24.50989
11.9922 13.6069 11.40851 1.32484 22.19048
10.41944 14.37627 10.16817 0.96594 24.29862
10.32925 14.66608 8.87326 1.40723 25.07774
10.8646 14.08036 8.63012 1.48137 25.31564
11.6317 14.38042 8.39404 1.39914 24.59198
9.93096 13.87169 9.06589 1.30858 26.08493
9.88932 15.62311 8.18418 1.06297 25.46682
10.09406 14.1957 9.19065 1.34071 25.47111
9.91078 15.30298 8.71576 1.28691 25.10802
10.72778 14.20701 8.90694 1.20519 25.23596
9.86872 13.70816 9.59198 0.96506 26.0655
10.43783 12.93877 10.09322 1.26156 25.53118
9.89809 14.29218 9.39894 2.23152 25.00636
9.27828 13.91649 9.85495 2.90804 25.14823
10.16412 13.77221 9.86805 2.95976 24.28733
11.34909 14.42271 8.59845 3.32485 23.5836
11.42426 13.66733 8.93747 2.01491 24.46403
10.11697 14.74165 8.12729 1.59279 25.82039
9.7611 15.31745 8.02575 1.62973 25.672
9.81615 14.91461 8.48193 1.82495 25.42624
10.56455 14.7714 8.09283 1.6446 25.30053
11.27857 14.00099 8.99564 1.70444 24.5019
11.58279 13.67267 8.74142 1.13846 25.06523
9.70158 14.75502 8.41198 1.17416 26.12134
9.91026 14.22355 7.85332 1.0722 27.00299
10.13855 14.17498 8.54951 1.14233 26.08167
9.58635 13.79234 8.9496 1.56425 26.32131
10.58228 14.1395 8.21005 1.2751 25.99224
10.10613 14.61616 8.71062 1.57684 25.28458
10.4469 14.05911 8.52359 1.70534 25.61046
9.99014 16.06559 8.55357 2.9341 23.35455
9.67856 15.23513 7.90069 2.01084 25.70537
11.05808 13.63684 9.61918 2.63697 23.75065
11.32766 13.90999 8.48671 2.06083 24.66631
9.26519 14.78046 8.5659 2.22037 25.68036
8.68219 15.34596 7.8527 1.66182 26.77112
10.7157 14.54768 8.56329 2.56254 24.26388
10.7736 14.5811 7.66094 1.44155 25.70474
11.0204 14.72112 8.143 2.34652 24.34674
13.48696 13.4374 8.40234 2.35896 23.04087
9.95024 13.96788 9.96055 1.57163 25.04887
9.73655 13.91766 9.15657 1.67538 26.04122
11.21802 13.59633 9.62698 1.48243 24.60309
11.42232 13.2389 8.64925 1.36712 25.73236
10.31639 13.66464 9.99561 1.43848 24.91621
9.44394 14.3771 8.73751 0.92318 26.67189
10.01389 15.13615 8.48489 0.94537 25.5758
8.93073 15.30536 8.19744 0.86964 26.79503
9.72985 14.60804 8.55284 1.08367 26.24723
11.17438 14.34039 8.65551 1.57041 24.55862
11.63306 14.8115 8.13091 2.50264 23.56824
12.74857 13.25653 9.14492 2.30574 23.1055
10.26251 13.43358 9.57415 2.00686 25.20178
10.77058 13.32418 9.07704 1.41548 25.64634
11.01797 13.31159 11.01252 2.00197 23.01315
10.96821 13.79869 8.86032 2.03415 24.62055
9.54417 14.09001 9.74973 1.73103 25.16571
10.68274 13.40762 9.86592 2.43346 24.13495
9.65334 13.53382 9.77942 1.74705 25.57462
10.28726 13.60073 9.21762 1.1099 25.88886
12.01492 12.7311 9.12587 0.99745 25.25872
10.37 14.05649 11.17332 1.10314 23.48077
10.3223 13.35906 10.17222 1.20723 25.06639
10.49101 14.92362 8.99829 1.3664 24.35583
9.6568 14.12098 9.16025 1.27498 25.95559
9.56807 15.23219 8.95455 1.20109 25.24299
9.60553 15.48093 8.86087 1.53947 24.86288
9.61582 13.82385 8.43895 1.73808 26.72284
9.31744 15.0303 7.96297 2.17039 26.04466
9.13812 14.69825 9.64514 2.32392 24.76425
9.61533 14.14013 9.94322 2.38612 24.58152
10.54165 13.75512 8.89393 1.45253 25.64192
9.86969 12.93498 10.27321 1.69652 25.62109
11.56583 13.50913 10.08269 1.68864 23.54326
11.17813 13.17697 10.00305 1.51958 24.53116
9.55517 14.37396 10.61743 0.87306 24.82448
10.36668 13.95769 9.76554 1.28222 25.01048
10.70252 14.72676 9.18872 1.61881 24.29669
9.73037 14.20122 8.64879 0.98309 26.62664
9.57024 15.50255 8.56136 0.92583 25.61218
9.7742 15.07655 8.57474 1.12759 25.65068
10.04725 14.50821 10.44569 1.18339 24.03614
11.34794 13.60677 9.52891 2.00894 23.8099
9.92024 13.638 8.88138 1.59439 26.19625
10.07017 13.84559 9.60261 1.82651 25.00133
10.34047 13.53532 10.06994 1.74525 24.73948
10.3608 13.94816 8.93638 1.7232 25.35363
10.00806 14.8603 8.87567 1.57109 24.95002
9.76438 13.83454 9.78655 1.7433 25.2674
11.07104 13.03943 7.45558 1.39595 27.2381
10.89167 14.0233 9.18568 1.86115 24.41279
11.9169 13.30767 8.21569 1.84587 25.1164
10.6631 15.17578 9.13977 2.24987 23.23174
9.71457 15.03305 9.99202 2.15674 23.51951
9.75345 15.1522 9.28784 1.62892 24.38709
9.96608 14.13508 9.26107 1.57215 25.28979
9.9193 14.74491 9.15709 1.22644 25.07392
10.28652 14.54743 8.37014 0.86841 25.99713
12.1372 13.89296 8.45883 1.25173 24.52707
10.20163 14.21081 8.62005 0.96707 26.12172
10.43159 15.94228 8.42021 1.2424 24.15979
10.13119 14.69758 9.45943 2.19694 24.05856
11.86197 14.13476 8.44349 1.89249 24.18979
11.59408 12.8148 8.95985 1.66455 25.28785
11.36949 14.11477 9.06308 1.79512 24.08307
12.1863 13.27598 9.59085 2.14271 23.39537
10.07797 13.92802 9.67057 2.06974 24.69866
10.37099 16.241 8.07126 1.42763 24.20069
11.06045 14.76507 9.80387 1.57612 23.22985
10.59312 13.87814 8.76478 1.33984 25.63473
10.56046 15.64314 7.94904 1.28271 24.81698
10.29183 13.72196 9.02668 1.29524 25.90768
10.71467 12.77933 9.65918 1.03166 26.00566
11.24439 13.8234 8.49923 1.0044 25.62306
10.69584 13.92615 8.3903 0.95719 26.25046
10.27544 14.41072 8.5915 0.91935 26.00047
10.03471 14.46433 8.42352 0.81846 26.45754
8.86447 15.03685 8.965 0.70937 26.60064
9.24118 13.99802 10.35281 0.60749 25.92838
9.60994 15.65701 9.00529 0.84408 25.07094
9.40676 14.34763 9.23329 0.83496 26.3091
10.39913 14.69249 9.20341 0.768 25.10982
10.93981 13.90045 10.77635 0.70581 23.8755
12.21462 14.50073 9.49653 0.83471 23.21407
10.57391 14.92839 12.43162 1.11089 21.4612
10.5523 14.35657 9.48546 0.87707 24.89783
10.43898 13.85288 10.34368 1.09307 24.49574
11.45082 13.83927 10.16161 0.99569 23.81048
10.61882 14.73493 9.0571 0.88591 24.87398
9.68777 16.21007 8.34492 0.90907 25.04786
9.75058 15.12508 8.66626 1.02767 25.62643
9.52429 14.09295 8.80965 0.79129 26.90608
9.90225 15.77513 8.43055 0.61003 25.41361
9.11325 14.87085 10.2289 0.67649 25.25772
10.11742 14.83862 9.29468 0.74254 25.16953
9.3331 14.25929 10.19464 0.84701 25.53874
9.99681 14.67733 9.52276 0.82025 25.15472
9.13635 13.34612 10.64442 0.63462 26.35017
9.79967 13.47019 10.69924 0.55536 25.58568
9.72078 14.24154 10.30051 0.82612 25.09135
9.2416 15.09602 9.12764 0.89713 25.73359
9.89871 15.32146 7.92577 1.11438 25.89546
9.03512 15.73928 8.85094 0.75232 25.78459
9.91997 14.44639 9.15551 0.81171 25.88137
9.19423 15.25492 8.00741 0.96693 26.74371
10.508 15.41588 8.62772 1.42663 24.51035
9.91103 15.06713 9.18953 1.20966 24.94622
11.09054 14.58825 9.51332 1.36764 23.8454
9.70634 14.54831 9.92682 1.76167 24.55712
9.66165 15.16025 8.53888 1.15011 25.75627
9.93497 15.3322 8.77304 1.374 24.94216
9.50249 15.52095 7.66084 1.0989 26.43756
9.83324 14.49535 8.91887 1.41079 25.60829
10.41813 13.90271 7.88874 1.15847 26.79989
9.67717 14.83513 7.95909 1.05124 26.58351
11.26732 14.53915 7.80778 1.05807 25.48483
10.20358 14.84675 8.35273 0.8175 25.86912
10.76401 13.60339 8.66116 1.15935 25.92508
10.8767 13.9086 9.2366 1.21953 25.01914
11.49136 13.89202 8.66154 1.45215 24.8464
10.2323 15.31532 8.21223 1.15682 25.27111
10.691 14.69361 8.37766 1.16102 25.2444
11.48824 14.05834 9.67761 1.51908 23.48749
11.20918 16.60628 7.78915 1.27118 23.31916
10.13015 14.79285 9.68961 1.41004 24.11721
9.80165 14.76854 8.09781 1.27408 26.12059
10.73552 13.26052 9.49732 1.41627 25.23606
10.23176 14.33599 9.75632 1.40143 24.5042
10.9058 13.86066 8.05866 1.05447 26.31251
10.3553 15.15693 9.15076 1.15426 24.39506
10.02612 15.2934 8.56609 1.23157 25.08451
9.45426 14.63332 8.8515 1.16724 26.07199
9.99671 13.87453 9.25793 1.61163 25.57233
10.18188 15.4035 8.92295 2.36229 23.67482
10.34232 15.11866 9.0552 1.59471 24.1719
11.06521 14.19715 9.70319 1.7501 23.676
11.80063 14.00022 8.7818 1.47606 24.28282
9.51707 14.37825 8.6209 1.07087 26.5629
10.89127 14.54322 8.5793 1.14964 25.05126
10.49433 13.41916 10.25447 1.31404 24.78283
10.5317 14.10532 9.50404 1.42374 24.65587
10.87788 12.68703 10.05122 1.72961 24.83046
10.07274 14.1834 9.59601 1.90233 24.48863
10.14422 14.54826 8.5024 2.08955 25.01182
10.57141 13.26789 8.40799 2.1196 25.91274
10.42487 13.06963 8.998 1.99831 25.84565
9.9539 13.23171 8.58599 1.54856 26.87556
10.08097 13.77197 8.50767 1.42231 26.32935
9.96536 14.12245 9.30291 1.16171 25.5312
10.84087 14.84261 7.86746 1.95728 24.7264
10.92365 14.52154 7.09455 1.228 26.31383
10.60896 12.79529 8.79648 1.79169 26.18496
9.13602 14.32034 10.91882 1.60533 24.25272
10.84625 14.71274 9.3939 1.84945 23.46114
12.09947 13.32165 8.23057 2.13589 24.39031
10.98073 14.50284 8.55044 2.20592 23.96449
11.24713 12.84202 9.05483 1.44992 25.51716
9.93465 14.61852 8.54625 1.38693 25.62573
10.50698 14.0117 8.40843 1.3341 25.84056
10.69278 14.0988 8.56096 1.57948 25.20943
11.24607 14.2291 9.19951 1.53665 23.99986
9.44278 15.13026 9.21857 1.41074 24.91381
9.36744 13.33844 9.12896 1.39909 26.8354
9.36149 13.82216 8.36411 1.87409 26.70451
9.45815 14.67045 7.53288 1.85335 26.71771
10.28367 13.78781 8.51637 1.99831 25.67485
10.56638 13.32963 8.82526 2.06551 25.50251
10.5096 14.0831 7.25576 1.61902 26.69207
10.42281 13.40522 8.19181 1.67902 26.47001
9.51995 14.75424 8.94102 2.31876 24.74989
10.60973 13.39426 8.98786 1.87406 25.31523
9.4021 14.08017 8.47265 1.72316 26.4559
10.21627 13.88355 8.05165 2.00316 26.08769
10.25167 12.88083 10.18347 1.70743 25.18606
10.77906 13.78133 9.15281 1.81647 24.65126
9.61991 14.36574 9.30883 2.16413 24.80283
8.78634 14.99154 10.53539 1.87357 23.96312
9.9404 14.77762 9.33854 2.67863 23.53172
10.82066 13.87291 7.78709 1.60439 25.98835
9.45187 15.04011 8.35518 1.63156 25.58727
10.33065 13.86054 7.61089 1.98785 26.36571
10.75523 13.39613 9.09119 1.77683 25.19515
10.67629 13.76505 8.09775 1.30166 26.2048
8.98442 15.08684 9.32643 1.35909 25.33425
9.92578 13.83611 8.95482 1.30121 26.06711
9.39761 14.50534 9.5425 1.56486 25.12462
9.60732 15.66773 10.1965 1.32466 23.35091
10.01742 14.30071 10.33504 1.32386 24.20617
11.18138 14.18796 8.93411 1.20322 24.65588
11.5166 13.27032 8.16361 0.7716 26.38765
10.59118 13.49539 8.27068 0.64904 27.03787
12.71096 14.16336 7.27888 0.99001 24.96512
11.09143 14.15437 8.18452 0.98152 25.67146
11.25478 13.30719 9.28847 0.76611 25.44627
10.96104 15.01972 8.23304 0.91749 24.96217
10.51749 12.702 9.46054 1.17574 26.2281
10.89649 14.2687 8.62507 1.33758 25.01423
10.68538 13.96989 9.51194 1.19317 24.73954
9.9942 14.81588 9.24434 1.04958 25.01825
9.76535 15.40621 8.64307 0.97482 25.26487
9.63504 15.19189 8.52437 0.92642 25.76751
9.74203 13.45138 8.1502 1.175 27.52026
8.91995 14.14771 9.09133 0.99017 26.89776
9.83879 13.67658 9.35404 0.70931 26.48242
10.43426 13.7596 8.52946 1.00998 26.38121
10.54457 13.62416 8.64459 1.10109 26.22826
10.80988 14.85803 8.61909 1.14332 24.7546
11.17998 13.77173 7.77355 1.41257 26.06212
11.59386 13.6271 8.37728 1.9465 24.74427
11.32912 14.03987 8.24199 1.49062 25.12369
11.38866 13.47108 8.34813 1.5181 25.43707
9.75434 14.41475 9.20645 1.49722 25.41592
10.22932 14.34679 8.87256 1.40117 25.40345
9.21554 13.54985 10.89373 1.58986 24.98625
10.89713 13.31067 9.79413 1.37563 24.77684
10.59957 12.44363 10.10219 1.30329 25.68362
10.92149 12.98921 9.63189 1.63626 25.09162
10.50527 12.61172 9.11923 1.12737 26.73544
10.31735 13.71831 9.32384 1.54763 25.26594
10.76059 12.74798 9.34395 1.36863 25.87733
10.94121 12.3575 8.46268 1.20852 27.11546
11.874 12.7814 7.59837 1.2147 26.61673
10.71297 12.5366 10.26583 1.0327 25.54298
11.75318 13.46833 9.13768 1.2526 24.53965
10.78874 12.42346 10.56559 1.25862 25.10503
10.75444 12.54028 10.61988 1.52037 24.70487
10.26895 13.75522 9.2524 1.72617 25.12436
9.71326 13.57499 9.06438 1.59733 26.1384
9.85776 14.94541 8.97097 1.58311 24.77484
9.43116 14.82259 8.99937 1.52807 25.32311
9.30926 13.44767 8.35212 1.94234 27.12092
9.82926 13.33081 8.08108 1.6177 27.26005
10.79307 14.2227 7.53362 1.75674 25.88093
10.05734 14.15722 7.68394 1.18369 27.00975
9.10701 14.76662 7.83303 1.0997 27.29349
9.02112 15.25858 8.0729 1.27454 26.48054
9.36917 13.60399 8.17067 1.15468 27.81087
11.32763 13.6279 7.86754 1.36258 26.0185
11.94453 13.88219 8.73588 1.39238 24.33563
10.79274 13.55875 8.39044 1.04462 26.40605
10.0206 15.01155 7.76996 1.28562 26.12792
9.38195 13.95627 8.74033 1.18157 26.88785
10.64083 14.53671 8.00265 1.48986 25.55383
10.0475 13.5715 9.22457 1.57739 25.79674
11.67856 12.7805 9.70754 1.36576 24.6234
10.99428 13.71203 10.49864 1.4206 23.53192
9.62793 15.12811 9.34869 1.16906 24.851
9.34872 12.69493 10.36007 1.19184 26.50058
10.1997 15.48714 8.41614 1.09356 24.89965
10.32562 14.65351 8.48827 1.14289 25.48589
10.08988 15.40182 8.68865 1.21733 24.73613
10.62083 13.5935 10.09212 1.07676 24.72174
10.48639 13.61984 8.80996 1.32341 25.90446
9.50076 12.93908 9.65906 1.26615 26.76275
10.28601 13.69322 9.62383 1.59004 25.06284
10.11654 13.22904 10.72283 1.69738 24.52138
10.27881 12.87006 10.43085 1.28261 25.31966
11.44246 13.09221 9.66191 1.33331 24.71426
10.35219 13.13708 10.19911 1.2561 25.25462
10.94868 13.05151 9.22313 1.3525 25.64238
10.81919 14.06117 8.73878 1.58584 25.09071
9.5938 15.31713 7.78599 0.94739 26.47591
10.27652 13.78544 8.06486 0.81277 27.13574
10.19559 14.45105 8.78211 1.15289 25.55401
9.14068 15.00438 7.9776 0.81568 27.12576
9.27308 15.26674 8.88194 0.94507 25.73411
9.95545 13.75919 9.68967 0.84513 25.83539
9.62649 15.6045 8.96564 0.85663 25.05121
9.96059 14.1451 10.11924 0.84257 25.04704
10.10627 13.37581 9.52194 1.2857 25.89701
10.65925 14.06249 8.88356 1.46272 25.1148
9.9041 14.8539 9.86008 1.22182 24.33408
10.90278 14.32347 10.79222 1.21014 23.00771
10.80031 13.36178 9.52948 1.46008 25.06152
10.17669 12.90198 11.17064 1.57148 24.40778
9.80809 12.78584 9.43553 1.20986 26.84953
10.51992 13.54389 9.32607 1.60295 25.14266
9.90885 14.24465 8.72835 1.22691 25.95762
10.87057 13.74728 8.20426 1.18836 26.05541
9.47905 14.02255 8.30872 0.82797 27.38323
9.18323 14.9424 8.68452 0.98692 26.23813
9.3924 14.2563 8.51315 1.01656 26.85748
9.13201 13.86367 8.43166 1.11606 27.50635
9.88504 13.31364 9.41858 1.05004 26.38557
10.8053 14.43463 9.00449 1.09559 24.7305
11.13408 14.04516 7.91527 1.04968 25.91656
9.86863 14.3627 7.5783 1.07875 27.17212
10.56977 14.09117 9.01246 1.80437 24.74228
9.57503 14.4825 8.73996 1.24665 26.02659
9.55075 14.29471 8.73104 1.01288 26.45549
9.73776 13.80789 9.64985 1.02459 25.82446
10.74267 13.8853 8.40176 1.26653 25.77957
10.49412 13.37209 8.46892 0.94982 26.7674
10.09542 15.57966 7.79362 0.7943 25.77759
10.44101 13.55245 8.2285 0.74556 27.06729
10.42445 14.637 8.27664 0.78584 25.91879
11.63089 14.0098 8.61967 1.01281 24.80266
11.9577 13.51968 8.58368 1.12468 24.91807
10.5747 14.95199 7.81503 1.22912 25.52377
9.06304 13.54998 9.46087 1.05195 26.91734
9.89944 14.93726 8.17264 1.08126 25.97244
10.23013 14.15614 9.66562 1.23728 24.81793
10.58297 13.31766 9.83175 1.12657 25.23977
10.46381 13.54648 8.736 1.11723 26.19846
8.8189 14.29826 9.50689 1.18501 26.26525
10.96422 13.70534 9.08408 1.29672 25.04867
10.27054 14.46518 9.98866 1.38198 23.97589
10.18035 14.12742 9.36299 1.43503 25.00444
9.12818 15.34684 9.55217 1.66888 24.49882
10.40826 14.77392 9.3202 1.68361 23.96694
9.6967 14.06208 9.10863 1.54511 25.78743
10.18429 13.40221 9.5922 1.33756 25.62565
11.93508 14.40616 7.94114 1.14512 24.69361
11.01601 14.71982 8.15037 1.17857 25.07339
10.18335 16.11316 7.22751 1.30945 25.30475
10.88003 15.16378 7.90188 1.08963 25.1081
10.3923 13.22005 9.40732 1.0668 26.0124
9.93948 14.55692 8.33265 0.93432 26.28313
10.49555 15.31085 7.66928 1.10115 25.51105
11.08025 14.41781 9.06878 1.12917 24.42378
11.32726 13.68198 9.50533 1.06896 24.56103
8.89686 16.52008 8.79918 1.2685 24.63334
9.7047 14.71355 9.897 1.23268 24.61713
9.90342 14.51366 9.71706 1.46657 24.58807
11.12948 12.98764 9.64164 1.62052 24.79284
9.85503 14.3951 10.14829 1.41624 24.34614
10.30563 13.61282 10.01661 1.61871 24.60124
10.74462 14.08937 8.46859 1.77376 25.03077
9.32456 14.00285 9.49026 1.68231 25.6444
10.09352 14.23246 9.35249 0.92567 25.5269
10.49864 13.46228 9.34869 0.95457 25.8086
9.54555 14.12764 10.77343 0.89414 24.76613
9.95068 14.11065 8.82103 1.07493 26.13655
10.06666 14.5575 8.08716 1.15544 26.24089
10.41319 14.49929 7.95932 1.22923 26.07053
10.21214 14.71832 8.24231 1.6195 25.44347
11.00003 13.50775 8.64757 1.45088 25.53873
10.8598 16.11767 7.2731 1.18213 24.74161
10.57956 14.89555 8.09411 1.39252 25.2177
10.65689 14.92481 8.84471 1.21528 24.57643
8.21452 16.70725 10.65662 0.96522 23.61761
9.14272 16.00965 8.03745 1.1259 25.80394
10.02543 13.94605 10.62092 1.38868 24.17594
10.1015 14.2762 9.00607 0.95871 25.73498
9.99515 15.19655 8.70724 1.05741 25.20177
8.85386 15.20081 9.44857 0.77494 25.82481
10.23663 14.56893 7.94059 0.95915 26.40879
9.54964 13.73933 7.68071 0.86358 28.25525
9.3956 14.6732 8.36274 0.83776 26.80084
10.3069 15.26226 7.27254 0.95525 26.31813
10.85844 13.95994 8.50209 0.91351 25.89594
9.92598 14.62418 8.20732 0.98026 26.3898
10.2433 14.84411 8.15092 1.27553 25.66819
10.48271 14.19967 8.12562 1.51067 25.86535
11.08292 13.85866 8.08186 1.35747 25.77616
11.14853 14.75987 8.87874 1.38834 24.08681
10.41304 15.27209 8.09974 1.35981 25.01893
10.01327 15.58365 8.77923 1.37625 24.44505
10.36773 13.87456 8.32235 1.05193 26.50246
10.21847 14.02699 9.5352 1.33929 25.08484
11.24302 13.14582 9.07357 1.38395 25.40615
9.79376 14.04581 8.79104 1.17971 26.3864
9.94691 14.01326 9.06538 1.15796 25.99684
11.46976 13.11705 9.02187 1.6041 25.13667
11.22368 13.67015 9.61045 1.53208 24.43658
10.87202 14.98936 9.56739 1.49974 23.51064
10.97981 13.21508 8.80474 1.43233 25.84775
11.56928 12.69727 9.55723 1.1588 25.30535
10.52334 15.06321 8.37931 1.21645 25.10039
11.13621 14.62948 8.1515 1.41907 24.9816
11.92139 14.30076 9.38227 1.55836 23.34302
12.23725 13.31912 9.27422 1.94179 23.62764
11.93555 13.31846 8.65722 2.15771 24.4781
10.99617 12.81379 9.00384 1.69926 25.75763
11.70754 13.95382 8.26729 2.44153 24.32399
11.44005 13.72689 7.54921 1.90638 25.88927
13.02335 13.2108 7.54295 1.45247 25.08774
11.29718 13.24971 9.954 1.15371 24.54845
11.8525 13.60857 10.04624 1.50332 23.26909
11.56664 13.14052 9.92151 1.52721 24.14614
11.00739 13.53968 10.72559 1.70792 23.38843
9.7933 14.2795 10.47904 1.55722 24.10173
11.10883 13.36067 9.28938 1.4592 24.96172
10.97899 13.99135 9.30923 1.35793 24.53091
10.04752 13.79515 8.7263 1.34736 26.18769
9.97564 14.60975 9.10959 1.52078 24.8958
10.287 14.48695 8.92242 1.83611 24.60456
11.12308 14.68696 7.6153 1.5841 25.07296
11.16374 14.73253 8.8486 1.5274 23.86493
11.40634 13.88868 9.26177 1.34811 24.21726
11.23701 15.39788 8.70395 1.53454 23.31586
10.9383 14.50988 8.76096 1.39831 24.54764
9.94581 14.68015 8.96144 1.05611 25.4617
10.2187 13.37337 9.81827 1.02022 25.66331
10.29393 13.42652 8.94226 1.2066 26.22916
8.60872 13.94096 9.0418 1.50003 26.99649
10.32642 14.18719 8.36986 1.17053 26.00569
10.19881 13.58497 10.47114 1.06653 24.77018
10.24797 14.55916 7.83209 1.38691 26.07237
