"V1" "V2" "V3" "V4" "V5"
5.65168 18.1643 2.89968 0.41842 32.88904
5.72433 18.0316 3.22904 0.4104 32.62336
5.35908 19.01934 3.01529 0.38006 32.23972
5.27607 19.14476 2.86677 0.40197 32.32367
4.9108 18.51568 2.94202 0.38568 33.26097
5.2171 19.16584 2.92279 0.40711 32.30659
5.04446 19.22338 2.91219 0.45241 32.39543
5.21053 18.88112 3.1695 0.42901 32.3316
5.166 18.63962 3.12513 0.39259 32.69318
5.34521 19.02903 3.0656 0.44496 32.13923
5.29812 18.97149 2.94108 0.38641 32.42511
5.83644 18.5561 3.29257 0.38968 31.94812
5.74399 18.53044 3.23017 0.33851 32.17245
5.5209 19.17406 3.19038 0.35875 31.77444
5.58889 17.72369 3.34494 0.34251 33.01902
5.55189 18.28103 3.16927 0.42062 32.61159
5.62358 18.57148 3.3246 0.43491 32.07751
6.10905 18.8126 3.30182 0.44781 31.35794
5.84447 18.36839 3.21426 0.39409 32.20013
5.70738 19.37834 3.29849 0.45618 31.19435
5.7859 18.70381 3.38701 0.43445 31.72253
5.77755 18.48219 3.12242 0.37825 32.26036
5.37643 18.89666 3.20658 0.40616 32.14024
5.53785 18.07106 3.44595 0.40039 32.56914
5.95953 18.15689 3.59949 0.46917 31.84774
5.95293 18.18298 3.49852 0.35128 32.03085
5.6099 19.05184 2.89904 0.32946 32.12009
5.57488 18.4762 3.39531 0.36594 32.21466
5.64802 18.76018 2.91976 0.4069 32.28198
5.05665 18.99342 2.97951 0.38933 32.59885
5.55872 18.81077 2.87381 0.39379 32.3788
5.37807 18.84013 2.76101 0.40177 32.63339
5.41773 18.50593 3.00791 0.39004 32.69164
5.64153 18.21078 3.15774 0.41434 32.59196
5.35874 19.00468 2.92514 0.40683 32.31577
5.47786 18.77117 3.21892 0.37776 32.16796
5.70084 19.37705 3.23842 0.45035 31.25487
5.46707 18.67737 3.08079 0.41409 32.37948
5.62085 18.63878 3.15148 0.40483 32.20591
5.24596 18.97403 2.97169 0.39306 32.4323
5.47826 18.78079 3.06085 0.37226 32.32032
5.50787 18.57959 3.12336 0.36429 32.43901
5.51226 18.75313 2.89565 0.4223 32.43125
5.73204 19.10275 3.05342 0.48121 31.65114
5.49925 18.99779 3.21164 0.3948 31.91145
5.34043 18.56548 3.0694 0.36145 32.67382
5.48864 18.5056 3.21182 0.32908 32.47696
5.51753 18.9909 3.07874 0.33669 32.08968
5.23273 19.76671 3.08446 0.33171 31.59817
5.62272 18.48507 3.2008 0.33436 32.36739
5.48991 18.52611 3.21718 0.32367 32.4506
5.58816 18.68251 3.3444 0.30968 32.08303
5.51461 18.22127 3.12982 0.33319 32.81444
5.63345 18.42508 3.20493 0.36625 32.38496
5.20905 18.90771 3.18408 0.38703 32.32805
5.35186 18.11828 3.18963 0.33429 33.01895
5.45854 18.07265 3.02777 0.37413 33.08143
5.24209 18.55992 3.05824 0.37033 32.7828
5.41381 18.59758 3.21674 0.33531 32.45174
5.05816 19.06476 2.89041 0.31886 32.67597
4.96975 19.17212 2.91015 0.31158 32.64664
5.2686 19.15182 3.16248 0.32265 32.10856
5.59348 18.82877 3.2574 0.41915 31.92338
5.89893 18.7726 3.16757 0.40854 31.77696
6.0113 18.20974 3.23571 0.42252 32.14271
5.91521 18.61844 3.23482 0.41101 31.83994
5.65585 17.83868 3.18883 0.38823 32.94264
5.82762 18.05662 3.13868 0.44479 32.55776
5.40763 18.32819 3.27677 0.46389 32.54294
5.03526 18.7595 3.18955 0.42074 32.60939
5.18882 18.48749 3.20056 0.46011 32.68532
5.59579 18.90725 3.60778 0.49996 31.42508
5.91175 17.7055 3.55131 0.38155 32.46703
5.71157 17.98388 3.41568 0.35398 32.54815
5.42703 18.61185 3.16594 0.34468 32.4629
5.39007 18.57789 3.07401 0.40077 32.57936
5.42161 17.52296 3.12186 0.32019 33.62291
5.43763 18.41195 3.11327 0.37281 32.67398
5.75019 18.17212 3.22025 0.39659 32.47076
5.70504 18.48907 3.36813 0.434 32.01631
5.0709 18.76856 3.04967 0.39878 32.71949
5.40647 18.48677 3.13904 0.372 32.60166
5.65561 18.88394 3.14938 0.4672 31.86013
5.34942 18.86865 3.1309 0.38784 32.27418
5.48211 18.72596 3.21319 0.42995 32.16165
5.27732 18.72367 3.43927 0.43804 32.13365
5.25856 18.30053 3.32439 0.39141 32.74206
5.3839 18.93303 2.83264 0.38758 32.47778
5.11236 18.3222 3.08989 0.3359 33.14812
5.14077 18.61782 2.93958 0.39122 32.91997
5.67119 18.62301 3.0782 0.37717 32.26055
5.1404 18.95012 2.97418 0.36798 32.57628
5.72261 19.05447 3.04926 0.46285 31.72733
5.49808 18.72746 2.97367 0.38342 32.42848
5.39098 18.28086 3.32472 0.42534 32.5973
5.55108 18.16279 3.31197 0.45805 32.53706
5.5532 17.91321 3.12863 0.40216 33.02027
5.11917 18.29583 2.9204 0.37936 33.30252
5.26897 18.58844 2.76203 0.38765 33.00918
5.24862 18.78766 3.00617 0.40117 32.57096
5.23746 18.89179 3.09492 0.35592 32.42961
5.36895 18.61212 3.07787 0.36062 32.58915
5.55878 18.05005 3.2183 0.39511 32.78417
5.65257 17.99576 3.3633 0.44158 32.55647
5.66689 18.07306 3.43036 0.41871 32.42117
5.3178 18.36113 3.2573 0.42124 32.65622
5.56267 18.72047 3.26705 0.41739 32.05392
5.21098 18.79302 3.25983 0.40631 32.3467
5.14685 17.9787 3.37729 0.38765 33.12454
5.51182 17.84031 3.24078 0.4346 33.00225
5.54553 18.96292 3.16783 0.51954 31.83918
5.28015 18.7552 2.81747 0.48028 32.68968
5.11741 18.68771 3.02927 0.42273 32.75923
5.71944 18.62297 3.19003 0.46069 32.02487
5.55416 18.36755 3.2946 0.38528 32.4139
5.57539 18.31852 3.18539 0.40098 32.53866
5.40177 18.47398 3.02188 0.43947 32.68402
5.9182 18.41919 3.3416 0.44808 31.89715
5.5514 18.54609 3.64689 0.4783 31.80219
5.97948 17.7863 3.78678 0.43656 32.03026
5.63992 18.31404 3.3327 0.42431 32.30733
5.61307 18.63511 3.41512 0.46982 31.8885
5.10597 18.70168 3.28033 0.44072 32.48989
5.16522 19.53831 2.99496 0.48266 31.85037
5.42542 19.14992 3.28368 0.44228 31.72593
5.56363 18.40874 3.31227 0.38929 32.33959
5.49315 17.85537 3.14945 0.35653 33.1576
5.339 18.46214 2.9541 0.34315 32.91462
5.23608 18.53538 3.1513 0.35066 32.74239
5.47636 17.50472 3.13025 0.3226 33.57843
5.41973 18.1598 3.00282 0.36729 33.06571
5.5002 18.98782 3.09873 0.42641 32.00641
5.54909 18.86525 2.96535 0.38757 32.25164
5.6044 18.48285 3.1209 0.35752 32.4493
5.74497 18.34805 3.19759 0.42246 32.31032
5.14452 19.23179 3.19247 0.40788 32.04317
4.99139 19.2225 3.26283 0.41106 32.1262
5.49307 18.46032 3.27304 0.41672 32.37034
5.31061 18.8408 3.21869 0.37989 32.26059
5.43515 18.75909 3.3652 0.39888 32.05229
5.67881 18.21295 3.26948 0.40608 32.44259
5.39465 18.61166 3.24832 0.45909 32.30384
6.00497 18.42484 3.14971 0.50017 31.9443
5.76736 18.35662 3.15752 0.44388 32.29229
5.32702 18.68671 3.13798 0.38831 32.47221
5.40505 18.33731 3.17408 0.35245 32.74368
5.3219 18.27761 3.1767 0.38197 32.85487
5.55453 18.21747 3.17521 0.3902 32.67652
5.5455 17.83739 3.35905 0.41756 32.85951
5.41551 17.70568 3.16212 0.35943 33.36661
5.42862 19.15139 3.12202 0.39114 31.91965
5.34707 18.66603 3.0319 0.34705 32.61744
5.33166 17.97216 3.36076 0.37548 32.97229
5.17361 18.9907 3.36902 0.39412 32.08757
5.05511 18.47508 3.28103 0.29792 32.89768
5.81106 18.29486 3.41294 0.33381 32.16142
6.05049 18.53988 3.67374 0.37483 31.38049
5.50547 18.19782 3.43912 0.3177 32.54843
5.59197 18.36923 3.12611 0.34092 32.58161
6.00276 18.40016 3.47663 0.3721 31.77061
5.55549 18.53293 3.39808 0.46246 32.07969
5.44055 18.31807 3.08934 0.3911 32.77727
5.42934 19.23695 3.28078 0.44668 31.63085
5.63578 19.03933 3.20605 0.40915 31.73543
5.25552 18.89418 3.13545 0.30907 32.41627
5.18539 19.1612 3.42274 0.35692 31.89153
5.45971 18.45868 3.15429 0.29951 32.64094
5.46459 18.77563 3.10127 0.30806 32.36257
5.3156 18.62093 3.21327 0.26327 32.59679
5.21294 18.499 3.21773 0.27786 32.79665
5.63318 17.90981 3.13773 0.31252 33.01421
5.52115 18.15467 3.3265 0.33197 32.67367
5.54893 18.49832 3.41315 0.3543 32.19404
5.51642 18.38779 3.32312 0.34326 32.43811
5.48571 18.52729 3.08043 0.34284 32.56891
5.13999 18.87975 3.19048 0.31348 32.48338
5.53581 18.19217 3.42399 0.33314 32.52415
5.76602 18.69725 3.51434 0.36531 31.66941
5.95509 18.76371 3.34897 0.34131 31.60659
5.69218 18.55512 3.43321 0.35225 31.98655
5.14688 18.0804 3.25795 0.28853 33.23961
5.32957 18.35802 3.49156 0.32432 32.5095
5.2572 18.84785 3.36394 0.30912 32.23314
5.69125 18.10937 3.44528 0.3376 32.42331
5.59217 18.35975 3.19944 0.38702 32.47386
5.56601 17.85395 3.23102 0.34434 33.01794
5.514 17.95231 3.1736 0.32356 33.04823
5.52805 17.68896 3.32673 0.2958 33.17009
5.84367 17.8566 3.43418 0.30264 32.56943
5.77845 18.82208 3.46016 0.37018 31.58089
5.35879 18.28901 3.53554 0.34193 32.48225
5.42156 18.50087 3.39394 0.37884 32.31734
5.77212 18.29893 3.35597 0.37759 32.21148
5.40383 18.81587 3.2251 0.36471 32.20619
5.69909 18.73978 3.26446 0.41171 31.90334
5.79854 18.28818 3.13378 0.45562 32.34657
5.46063 18.4805 3.13632 0.451 32.49016
5.75967 17.88167 3.09855 0.43491 32.84674
5.73535 17.24871 3.2614 0.35699 33.41201
5.69599 18.37375 3.24993 0.37334 32.32397
5.75457 17.75154 3.40248 0.42097 32.68867
5.70849 18.49095 3.2332 0.46067 32.12417
5.26215 18.35553 3.37794 0.45938 32.56172
5.24445 17.51414 3.3592 0.39443 33.49532
5.31206 17.77626 3.43896 0.32933 33.14962
5.53162 18.61203 3.4003 0.31458 32.14865
5.48323 19.08999 3.33511 0.32685 31.77315
5.36597 19.03432 3.40939 0.36204 31.84313
5.60818 18.50685 3.17878 0.3516 32.3628
5.43319 18.15507 3.38181 0.30695 32.72818
5.65562 18.91173 3.37078 0.44469 31.62819
5.71116 19.19703 3.37332 0.44447 31.28898
5.85758 18.32889 3.42235 0.45364 31.95447
5.40465 18.83441 3.15302 0.48532 32.13773
5.75391 18.97452 3.19656 0.48148 31.60754
5.76015 18.40937 3.3439 0.41458 32.08065
5.96642 18.6489 3.25728 0.41009 31.72715
5.7769 18.57243 3.08449 0.40024 32.17374
5.44564 19.08633 2.97465 0.4873 32.01524
5.35143 19.22505 2.8488 0.45828 32.12323
5.34195 19.46425 3.16787 0.43535 31.60119
5.37845 18.29956 3.19795 0.34105 32.78987
5.69979 17.63403 3.44902 0.43288 32.79398
5.31768 18.57558 3.12514 0.43686 32.55461
5.23686 19.05732 2.98875 0.49158 32.2366
5.47266 18.68846 2.97592 0.53858 32.33664
5.58944 18.51481 3.09587 0.53455 32.27848
5.45525 18.64502 3.18024 0.53893 32.19124
5.69148 18.83134 3.14993 0.49044 31.84808
5.25336 18.57396 2.98452 0.43712 32.75694
5.42383 18.89823 3.19823 0.4916 31.99605
5.58891 19.13357 3.0036 0.49649 31.78667
5.33444 18.94387 3.01941 0.43874 32.27443
5.30812 18.86257 3.2777 0.4574 32.10473
5.21375 19.28994 3.1938 0.45377 31.8616
5.32205 19.49213 3.20361 0.44428 31.55078
5.24239 19.13446 3.09077 0.41239 32.13197
5.51858 18.23028 3.15161 0.37208 32.73484
5.60118 18.62143 3.34903 0.35947 32.07762
5.54404 18.65256 3.04909 0.37247 32.39093
5.35216 18.97665 2.98996 0.40745 32.28465
5.1958 18.87188 3.05902 0.41587 32.46968
5.12297 18.9896 3.17906 0.42692 32.29093
5.11402 18.96319 3.00783 0.36292 32.56152
5.38258 18.05102 3.23624 0.38716 32.95491
5.26481 18.95624 3.09036 0.38404 32.32307
5.42329 18.66039 2.97447 0.3563 32.59896
5.17759 18.60507 2.9668 0.36333 32.90124
5.19766 19.17288 2.83103 0.39038 32.42245
5.17227 18.43478 3.13535 0.3864 32.88473
5.25175 19.26558 2.99991 0.37627 32.12248
5.29758 19.33942 2.83945 0.41334 32.13191
5.62265 18.59884 2.87533 0.37577 32.54324
5.62765 18.71332 3.19318 0.37311 32.10748
5.23192 18.86157 3.33861 0.39642 32.18676
5.14556 18.50874 3.1922 0.38365 32.7797
4.97756 19.36042 3.06783 0.38847 32.21478
5.04619 19.70076 2.9284 0.37053 31.96527
5.39329 18.79217 3.14741 0.37029 32.30764
5.19337 18.55197 3.0933 0.37738 32.7968
5.52038 18.77317 3.22033 0.43248 32.07949
5.35715 18.53761 3.31549 0.36978 32.4344
5.43562 19.01754 3.221 0.38058 31.9574
5.37935 19.49444 3.18716 0.41203 31.54172
5.18867 19.35544 3.11565 0.38378 31.97271
5.65678 18.57865 3.20801 0.39549 32.18122
5.60197 17.64872 3.27155 0.38918 33.10471
5.66594 17.91894 3.31932 0.40271 32.70987
5.46422 18.88842 3.29252 0.40993 31.95939
5.44045 18.45382 3.29299 0.42237 32.40777
5.43573 18.86445 3.26438 0.44593 32.01346
5.3672 18.41726 3.26531 0.40775 32.5652
5.65663 18.29055 3.46443 0.43285 32.1799
5.55277 18.21175 3.31052 0.43707 32.50918
5.45054 19.05607 3.09302 0.38814 32.0242
5.60238 18.846 3.2261 0.40257 31.93163
5.41891 18.6635 2.85408 0.3559 32.71785
5.70541 18.25957 3.0356 0.40338 32.61116
5.50009 18.52654 3.37116 0.38955 32.22289
5.55918 18.78751 3.23332 0.35924 32.06925
5.62384 18.39325 3.55113 0.40242 32.04137
5.58585 18.16352 3.39101 0.40291 32.47149
5.57732 17.65427 3.0699 0.34121 33.36597
5.66839 18.25697 3.19763 0.44712 32.44657
5.66007 18.60543 3.27071 0.49056 31.98681
5.19885 18.48272 3.06378 0.39592 32.86607
5.4266 18.57608 3.02732 0.49824 32.48052
5.43147 17.86807 3.28602 0.52987 32.90131
5.46101 18.0606 3.27499 0.51951 32.69948
5.44437 18.00441 3.36871 0.53613 32.6686
5.79872 18.37785 3.26831 0.51675 32.06101
5.6183 18.49316 3.12146 0.528 32.26559
5.75599 18.16928 2.97743 0.55728 32.57015
5.26574 18.82384 3.07201 0.49192 32.36197
5.5926 18.62927 3.20473 0.47227 32.11515
5.44852 19.09531 3.3205 0.55893 31.59409
5.63619 19.19686 3.31022 0.59593 31.28014
5.47853 18.88209 3.01331 0.4945 32.14938
5.47327 18.55139 3.51704 0.47524 32.00349
5.60291 18.57016 3.25081 0.48623 32.10587
5.73644 18.209 3.09081 0.42791 32.55115
5.4654 18.85869 3.01628 0.41799 32.252
5.51101 18.80556 2.95251 0.43702 32.3034
5.64367 18.71002 2.93081 0.43595 32.28886
5.34524 18.60058 3.04345 0.46231 32.55741
5.31518 18.49329 2.85845 0.43172 32.90769
5.28001 18.61212 2.90777 0.53274 32.67868
5.37076 18.03335 3.14916 0.50977 32.94821
5.20475 18.56631 2.96706 0.53284 32.75444
5.21486 19.26483 3.00381 0.47819 32.05429
5.57229 18.88059 3.11134 0.46549 31.98402
5.49846 18.41373 2.96269 0.48387 32.6552
5.51748 18.37874 3.00023 0.46651 32.65174
5.77168 19.04297 2.98364 0.4662 31.75285
5.14368 18.56124 2.94697 0.37042 32.9853
5.2704 18.24352 2.92887 0.3785 33.18717
5.25738 18.10621 3.15827 0.3785 33.10523
5.14444 18.46253 3.10843 0.42038 32.87603
5.11743 18.38154 2.9459 0.40692 33.15493
5.3323 18.05776 3.33174 0.364 32.91937
5.2649 18.36469 2.90609 0.43836 33.03636
5.22914 18.68142 2.95192 0.44988 32.6968
5.2416 18.67558 2.98534 0.44669 32.66119
5.19285 18.75216 2.7998 0.46133 32.80313
5.20823 18.3486 2.81127 0.38373 33.25495
5.52108 18.51725 3.11893 0.43909 32.41832
5.5287 18.6157 3.066 0.46099 32.33808
5.09532 18.72129 2.87541 0.39606 32.91804
5.15485 18.43581 2.79891 0.37437 33.24262
5.6991 18.53868 3.18828 0.3909 32.19172
4.98337 18.77119 3.06708 0.40827 32.77975
5.00985 19.37566 2.89132 0.40669 32.32405
5.35597 18.20866 3.27054 0.42796 32.74839
5.36542 18.92636 3.18888 0.39204 32.13857
5.30073 18.70396 3.18535 0.40434 32.41365
5.59484 18.88238 3.10586 0.34791 32.07776
5.43649 18.73253 3.26667 0.38604 32.19124
5.56643 18.77274 3.2309 0.38062 32.06519
5.51335 18.26678 3.29456 0.36395 32.57317
5.69603 18.58567 3.5378 0.36709 31.82496
5.59994 18.2316 3.64139 0.37085 32.16994
5.48615 18.97184 3.38383 0.29625 31.87174
5.73972 18.92586 3.19373 0.31181 31.83856
5.67433 18.23104 3.12555 0.26415 32.71269
5.62811 18.4274 3.23623 0.31066 32.4037
5.83974 18.17684 3.23958 0.28457 32.46596
5.6098 18.07518 3.35383 0.32368 32.64516
5.72718 18.17557 3.36378 0.37429 32.36836
5.85423 17.78524 3.37356 0.34616 32.65236
5.3811 18.21459 3.19974 0.32482 32.88663
5.14885 18.49983 3.09615 0.32636 32.9388
4.86117 18.57341 3.22677 0.30821 33.04102
5.17064 18.05145 3.49674 0.35039 32.93666
5.03686 18.66969 3.41778 0.39524 32.48691
4.92427 19.62087 2.94413 0.3877 32.13342
5.50164 19.00613 3.2897 0.45034 31.76668
4.92728 18.49143 2.90642 0.36765 33.31241
5.04548 18.7762 3.01707 0.40082 32.76474
5.30458 18.62369 3.17889 0.41005 32.49059
5.41755 18.04082 3.02316 0.37229 33.1523
5.32005 17.73538 2.99449 0.40326 33.55559
5.45006 18.2916 3.01211 0.38952 32.86418
5.42146 18.18375 2.93632 0.40205 33.0666
5.64406 18.21426 3.05461 0.35692 32.73873
5.56973 17.98221 3.16425 0.37852 32.91407
5.52761 19.21395 2.97304 0.36121 31.93545
5.26811 18.73722 2.99536 0.34941 32.65974
5.50304 18.82103 3.18821 0.36706 32.13047
5.50351 18.51076 3.05516 0.37845 32.5617
5.46738 18.50374 3.13762 0.34065 32.5586
5.87754 18.41519 3.17642 0.36458 32.1734
5.86708 18.49503 3.35538 0.40923 31.88112
5.74173 18.75483 3.17399 0.42814 31.91149
5.4213 19.40716 3.16891 0.49729 31.516
5.41873 18.35283 3.12986 0.41854 32.68785
5.12591 18.79145 3.10737 0.39906 32.58302
5.10717 18.4902 3.17571 0.36058 32.87237
5.16904 18.30923 3.1039 0.40209 33.02589
5.36449 19.09054 2.99792 0.40777 32.15273
5.449 19.13412 2.99638 0.39717 32.03669
5.21974 18.52369 3.15044 0.35233 32.7628
5.34442 18.87155 3.0629 0.37889 32.35436
5.45543 18.89137 3.20823 0.32544 32.1278
5.30334 18.62223 3.06386 0.33521 32.68144
5.36323 18.40719 3.03183 0.32578 32.87766
5.51569 18.72276 3.09422 0.37693 32.29966
5.4374 18.78817 3.08357 0.36683 32.33233
5.51681 18.85162 2.98902 0.34791 32.30458
5.65722 19.48057 3.0963 0.36908 31.4046
5.48071 18.52509 3.13659 0.35925 32.5044
5.59404 18.5197 3.17378 0.3286 32.38893
5.85133 18.1891 3.29622 0.34325 32.32475
5.68061 18.4825 3.41657 0.36761 32.05888
6.03432 18.88972 3.20371 0.44733 31.43501
5.35159 18.2959 3.12021 0.36662 32.87095
5.78148 18.13196 3.08987 0.35407 32.64718
5.76743 17.97119 3.28698 0.32282 32.65836
5.51454 18.08539 3.37359 0.33771 32.69597
5.20652 17.66414 3.26257 0.30172 33.56867
5.57966 18.60169 3.1414 0.31586 32.36835
5.60658 18.97074 3.13654 0.36835 31.92499
5.1559 18.69818 2.97701 0.34817 32.82556
5.10482 18.62365 2.91241 0.3631 33.00194
5.37699 18.74647 2.82444 0.34759 32.70843
5.43547 17.94939 2.96698 0.3467 33.30442
5.4165 18.21823 3.23565 0.41141 32.72284
5.19967 18.47688 3.12346 0.38377 32.81958
5.2459 17.69179 3.33132 0.33812 33.39592
5.58405 17.05436 3.35717 0.32716 33.68084
5.9606 18.2089 3.54061 0.35882 31.93481
5.60724 18.61879 3.2988 0.3461 32.13352
6.02032 18.40249 3.26818 0.33756 31.97455
5.56307 18.17154 3.34272 0.33259 32.59389
5.11039 18.47204 3.07608 0.30658 33.03793
5.23065 18.59565 3.11483 0.33927 32.72265
5.08353 18.72138 3.11972 0.31256 32.7668
5.51031 18.37508 3.26837 0.33587 32.51396
5.37338 18.41341 3.07674 0.34109 32.79943
5.28051 18.65098 3.05908 0.32215 32.69068
4.80691 17.85765 2.99806 0.3 34.041
5.22207 18.40452 2.99818 0.35355 33.02619
5.28549 18.25407 3.28457 0.37649 32.80448
5.28863 18.6584 3.34786 0.3768 32.33252
5.20983 18.88775 3.16334 0.38791 32.35413
5.16811 18.60122 3.22885 0.42453 32.58238
5.43863 18.50949 3.04699 0.4406 32.56972
5.28981 18.92216 2.99454 0.42464 32.37284
5.28619 18.10084 3.13052 0.38911 33.0956
5.70642 17.98974 3.07731 0.37001 32.8595
5.67016 17.9943 3.11409 0.39015 32.83484
5.59697 17.9075 3.46762 0.44007 32.59179
5.80386 18.27981 3.32067 0.482 32.12213
5.60727 18.9829 3.14717 0.51198 31.75928
5.69693 18.6073 3.29657 0.47 31.93645
6.00368 17.68167 3.47913 0.44665 32.39429
5.85047 17.53507 3.22793 0.46646 32.92728
5.53647 18.47349 2.81544 0.47006 32.71097
5.79044 18.45294 2.98806 0.52869 32.24989
5.634 18.76485 2.92125 0.50057 32.18642
5.55599 17.83681 3.19307 0.46421 32.95588
5.35549 18.6531 3.00182 0.46553 32.53057
5.39925 18.25243 3.11975 0.461 32.77534
5.50239 18.91008 3.10319 0.5269 31.96852
5.41801 18.38272 2.88174 0.44933 32.87689
5.18892 18.64242 2.90603 0.45275 32.81559
5.31267 18.92878 2.98897 0.41929 32.35491
4.94354 18.3589 2.89684 0.38525 33.42097
4.89111 18.74636 3.03517 0.3635 32.96889
5.38531 18.41641 3.14387 0.33126 32.72791
5.35793 18.23639 3.18866 0.35852 32.86435
5.20554 18.9948 3.02348 0.37414 32.40687
5.17373 18.73666 2.98745 0.30774 32.79648
5.41859 18.62535 3.1578 0.36043 32.44308
5.2862 18.59808 3.32383 0.34525 32.45097
5.56284 18.36398 3.27067 0.34517 32.46136
5.69917 17.81883 3.31438 0.36245 32.80908
5.79714 17.5391 3.12423 0.36942 33.17477
5.4104 18.53144 3.01612 0.42654 32.62273
5.56781 18.05182 3.22888 0.37804 32.7782
5.66539 18.29887 3.38731 0.40394 32.25296
5.66071 17.82807 3.35405 0.36266 32.80382
5.62724 18.52304 3.28847 0.35887 32.20992
5.2813 18.3382 3.05224 0.30185 33.03138
5.34938 18.05683 3.15024 0.30152 33.14847
5.54568 18.33457 3.29069 0.32473 32.51386
5.36411 18.77128 3.11017 0.32639 32.4335
5.13958 18.19493 3.1555 0.29627 33.21843
5.24873 18.49318 3.33143 0.34623 32.5864
5.36626 18.47592 3.09212 0.36705 32.70373
5.4783 18.74778 3.20025 0.40322 32.17868
5.46364 18.60301 3.23283 0.42272 32.28513
5.31393 17.99862 3.23637 0.38121 33.07576
5.35262 18.2623 3.20351 0.41655 32.77223
5.54661 18.44096 3.42469 0.44597 32.14975
5.71902 18.30139 3.20545 0.37311 32.40704
5.75076 18.37126 3.3158 0.39044 32.17963
5.51858 17.96731 3.19201 0.34907 32.97997
5.46529 19.14225 3.26329 0.39808 31.73967
5.76322 18.71617 3.30365 0.41035 31.81436
5.74156 17.77603 3.51901 0.39525 32.57812
5.15747 18.33162 3.41519 0.42209 32.68214
5.8935 17.96622 3.4064 0.4719 32.2713
5.53943 18.11745 3.08921 0.42184 32.83547
5.69333 18.21888 3.39916 0.4894 32.20426
5.60453 18.77878 3.38151 0.46344 31.77909
5.36781 18.89206 2.86369 0.38975 32.49214
5.67923 18.56337 3.25209 0.41953 32.09923
5.23004 19.57189 3.05331 0.45834 31.7031
5.06639 19.67668 3.1088 0.4312 31.72996
5.34067 19.83038 3.2645 0.50063 31.0791
5.41923 19.55573 3.03935 0.51484 31.48333
5.07668 19.01369 3.0148 0.39932 32.50584
5.81488 17.57267 3.44837 0.3683 32.80207
5.43393 17.60622 3.45804 0.31847 33.18823
5.29722 18.96905 3.20967 0.27782 32.25167
5.49541 18.59647 3.07212 0.34087 32.50579
5.53243 18.32551 3.14068 0.4029 32.60892
5.46959 19.08536 3.24255 0.43948 31.7736
5.7059 18.70872 3.17472 0.46428 31.95841
5.58748 19.23191 3.0867 0.47313 31.63073
5.53475 18.20071 3.21922 0.36281 32.70705
5.34735 18.3201 3.30377 0.37233 32.67596
5.33268 18.35723 3.27322 0.36894 32.68684
5.63485 17.57741 3.20384 0.37545 33.22586
5.26447 18.19245 3.13868 0.39 33.03674
5.50225 18.56672 3.08703 0.46912 32.41112
5.24065 18.38702 3.13778 0.37675 32.87769
5.59421 18.77552 3.33022 0.43095 31.89001
5.63483 18.77359 3.00157 0.38111 32.22629
5.52417 18.84167 2.92846 0.38652 32.33064
5.31035 19.44079 2.94506 0.42499 31.89235
5.59068 18.50687 3.14488 0.41208 32.36212
5.40687 18.46177 3.11001 0.40693 32.6291
5.33038 18.44355 3.23772 0.3437 32.65835
5.22071 19.02974 3.20524 0.39044 32.17511
5.41765 19.00393 3.23825 0.38804 31.97292
5.44364 18.39297 3.18337 0.36801 32.63029
5.40164 18.18129 3.2997 0.33427 32.79357
5.48064 18.85816 3.0266 0.38499 32.26818
5.7727 18.24501 3.04671 0.41008 32.54685
5.10768 18.66954 3.11584 0.38777 32.73504
5.09785 19.15293 3.06743 0.37117 32.32684
5.06206 19.27253 2.92994 0.38987 32.36851
5.04467 19.25229 2.87659 0.37214 32.47829
5.06751 18.71769 3.16023 0.3589 32.71509
5.27236 18.93535 3.184 0.33939 32.28087
5.39948 18.68995 3.04134 0.34359 32.53987
5.26969 18.76889 2.94594 0.37613 32.65176
5.47555 18.95864 3.13568 0.41211 32.03316
5.55265 18.98239 3.26113 0.48016 31.73882
5.54954 18.64652 3.16615 0.43173 32.21968
5.77989 18.11213 3.64405 0.41864 32.05935
5.45802 18.07575 3.3433 0.46579 32.67616
5.55578 17.38025 3.41205 0.41632 33.24851
5.75567 17.95517 3.5538 0.53004 32.22632
5.55817 18.60579 3.57445 0.47316 31.80804
5.44938 18.78874 3.13635 0.41049 32.22583
5.55638 18.57504 3.10561 0.38368 32.39133
5.77921 18.47684 3.14327 0.38682 32.22619
5.50462 18.37873 3.29625 0.35567 32.4761
5.81897 18.52987 3.25314 0.41067 32.00802
5.59583 18.86702 3.25111 0.41887 31.88471
5.67311 18.49188 3.42455 0.42317 32.0078
5.8043 18.33956 3.47953 0.38927 32.00497
5.51322 18.54516 3.19215 0.36317 32.40369
5.45318 18.35361 2.98827 0.37011 32.85103
5.36046 18.97156 3.01743 0.38401 32.28015
5.17511 19.07168 3.03714 0.39463 32.32964
5.31245 18.86926 3.14469 0.39957 32.2854
5.36088 18.16997 3.15036 0.37447 32.95388
5.40155 18.4 3.26391 0.35451 32.59434
5.2753 19.20395 3.09128 0.37909 32.06586
5.40778 18.25821 3.17215 0.38422 32.79179
5.18244 18.58716 3.23509 0.38233 32.62901
5.51155 18.71902 3.50385 0.33922 31.94173
5.66177 18.25334 3.33779 0.29586 32.45978
5.54848 19.09106 3.26693 0.31334 31.78868
5.84476 19.00901 3.1397 0.37287 31.65016
5.83014 18.26883 3.10439 0.32972 32.47982
5.5406 18.66193 3.13001 0.32066 32.36217
5.35024 18.39671 3.12598 0.33653 32.80188
5.7542 18.69907 3.26471 0.38584 31.91067
5.98375 18.25583 3.26481 0.41413 32.09306
5.3655 18.73626 3.07047 0.37824 32.46405
5.30016 18.47476 3.28293 0.33113 32.62257
5.61296 17.86832 3.33494 0.39063 32.81262
5.46067 18.50502 3.49806 0.35326 32.2008
5.60707 18.7763 3.21276 0.38689 32.03907
5.57352 18.20879 3.39906 0.388 32.45273
5.59855 18.28295 3.4194 0.38909 32.33007
5.62163 18.10504 3.13883 0.40403 32.75333
5.69698 18.79241 3.12985 0.4674 31.951
5.79978 18.05703 3.08812 0.48784 32.59584
6.08272 17.93143 3.35427 0.64804 32.05138
5.99879 18.68326 2.99033 0.57848 31.79753
5.86328 18.59573 3.13592 0.62752 31.8313
5.55813 18.82493 3.05535 0.57336 32.03294
5.48844 18.55872 3.29699 0.5166 32.16534
5.44953 18.07203 3.29219 0.4829 32.72941
5.43407 18.40355 3.25091 0.62253 32.33834
5.42694 17.93058 3.37682 0.56098 32.75015
5.06376 18.58582 3.20261 0.49499 32.68608
5.17083 19.27365 3.06579 0.62349 31.91215
5.05238 19.24068 3.16472 0.5826 31.99044
5.45763 18.09017 3.17725 0.49483 32.80184
5.31071 18.43232 2.93268 0.41259 32.92168
5.39896 18.50898 3.24606 0.46146 32.39966
5.34985 18.73998 3.05879 0.5218 32.35104
5.4843 18.54512 3.02557 0.55602 32.41833
5.65071 18.53754 3.12558 0.66948 32.05724
5.39596 18.23532 3.01228 0.61296 32.78535
5.47403 18.3674 3.10757 0.68545 32.41531
5.46304 18.00723 3.10806 0.51724 32.92555
5.37734 19.15871 2.95467 0.60332 31.94142
5.45602 18.48781 3.05678 0.51776 32.50849
5.60617 17.97814 3.22277 0.50054 32.71625
5.78669 18.74116 3.15124 0.51993 31.82428
5.22309 18.48624 3.00312 0.59834 32.72706
5.48951 18.96544 2.96598 0.60769 31.99806
5.20124 18.85383 3.09252 0.56529 32.30725
5.26142 18.85278 3.23325 0.53674 32.13763
5.38568 18.77623 3.04619 0.58884 32.22739
5.26593 19.22168 2.90832 0.70984 31.95446
5.16433 18.62099 2.82625 0.5798 32.85308
5.37271 18.90754 3.0429 0.59051 32.13011
5.40766 18.84243 3.10298 0.47223 32.19822
5.52094 18.52378 3.28789 0.47322 32.21115
5.19516 18.83974 3.15885 0.47887 32.34567
5.34992 19.11217 3.10475 0.49553 31.96573
5.46247 18.7222 3.18541 0.54152 32.12522
5.59782 18.19428 3.20254 0.43937 32.58349
5.34883 18.03996 2.99458 0.48834 33.15594
5.31948 18.56876 3.09392 0.51886 32.52721
5.26003 18.83334 2.88769 0.49647 32.55218
5.33921 19.11929 2.81576 0.51725 32.23214
5.63654 18.57815 2.99468 0.59415 32.21625
5.39541 18.96577 2.91308 0.53621 32.21229
5.29027 18.49472 3.16664 0.50828 32.55422
5.16059 18.82949 3.23083 0.59296 32.21129
5.32135 17.6983 3.16022 0.48464 33.35922
5.68201 17.97691 3.26113 0.49603 32.60059
5.52055 18.8601 3.06279 0.48856 32.08513
5.71048 18.91647 2.93454 0.47714 31.97806
5.28142 18.8728 3.17144 0.49059 32.19876
5.32067 18.82913 2.96244 0.44377 32.45431
5.37345 18.45488 3.08778 0.45503 32.63928
5.5794 18.59663 3.20823 0.47244 32.15312
5.76467 18.80661 3.01296 0.51962 31.91157
5.71288 19.09424 3.12692 0.50036 31.58334
5.30061 18.95942 2.90266 0.46414 32.39698
5.64917 19.09135 2.96223 0.49205 31.84117
5.79394 18.53447 3.11722 0.57114 32.03014
5.53455 18.83971 3.06619 0.60861 32.0013
5.62194 18.47507 3.33385 0.59706 32.0223
5.66075 18.26213 3.40797 0.4982 32.20292
5.63707 18.78004 3.15812 0.62369 31.86212
5.72704 17.96514 3.41951 0.51645 32.4067
5.78156 18.26285 3.50747 0.62248 31.89111
5.56559 18.88216 3.15731 0.63634 31.82401
5.7748 18.72551 3.33133 0.49131 31.71095
5.45039 19.03939 3.13427 0.47377 31.92789
5.33052 18.51908 3.15412 0.45668 32.5605
5.40289 18.45919 2.91165 0.41637 32.82342
5.70895 18.22288 3.1618 0.3928 32.52395
6.01004 18.29315 3.27182 0.39985 32.04712
5.74509 18.58282 3.31448 0.39307 31.98367
5.69853 18.73709 3.19989 0.40353 31.98052
5.49076 18.76932 3.16319 0.40458 32.1882
5.48422 18.62542 2.91337 0.40321 32.59178
5.5412 19.25966 3.11119 0.47585 31.64842
5.36247 18.42534 2.98317 0.33014 32.91129
5.47395 18.19796 3.1421 0.31346 32.88327
5.23185 18.62009 2.95629 0.38091 32.82825
5.11023 18.3492 3.04216 0.39634 33.11501
5.49996 18.59043 3.15168 0.38746 32.38487
5.22545 19.03503 3.17196 0.39164 32.1879
5.5364 18.65788 3.0351 0.35423 32.42664
5.70173 17.9448 3.11592 0.34984 32.89614
5.73327 18.61092 3.07074 0.38 32.21184
5.67858 17.96076 3.23808 0.42357 32.71156
5.02867 18.76311 3.09563 0.41967 32.70431
5.10903 18.75975 2.73689 0.38351 33.02051
4.96434 18.06633 3.25776 0.42036 33.30641
5.12011 17.81599 3.06676 0.41167 33.60234
5.60704 18.0591 3.25182 0.40761 32.68735
5.24548 17.88616 3.40214 0.38354 33.09442
5.4288 18.2021 3.14204 0.42998 32.81078
5.32123 17.89969 3.21829 0.44484 33.13191
5.65366 18.28873 3.12572 0.44829 32.49532
5.76024 18.72483 3.11644 0.41868 31.99787
5.15504 18.69982 2.96142 0.39699 32.79756
5.43336 18.21734 2.92456 0.40365 33.03145
5.55694 17.23298 3.23713 0.43823 33.54399
5.54332 18.30782 3.11343 0.49777 32.55017
5.36079 18.17084 3.12092 0.47251 32.88236
5.61628 17.87717 3.18381 0.59199 32.75049
5.07014 18.21158 2.97276 0.49223 33.26184
4.99792 18.71896 3.19133 0.5264 32.58382
5.28386 18.55513 3.46741 0.43765 32.27385
5.3127 18.73764 3.08772 0.37416 32.49762
5.16714 18.67308 3.27523 0.36685 32.52622
5.73757 19.15587 3.12013 0.38882 31.61023
5.59204 18.74382 3.07026 0.42813 32.18463
5.4544 18.45004 3.04437 0.38499 32.67547
5.59502 18.09583 3.15883 0.38715 32.77023
5.93177 18.12132 2.9896 0.40998 32.5565
5.63567 18.41794 2.91564 0.38759 32.65161
5.46205 18.57515 2.97916 0.45647 32.54012
5.42299 18.19792 3.25068 0.44541 32.69418
5.74946 18.45642 3.12379 0.41685 32.26596
5.34052 18.41375 2.99194 0.37592 32.88754
5.38883 18.75244 3.05551 0.41989 32.39487
5.3135 18.51948 3.20457 0.40083 32.57338
5.08636 18.85989 3.32316 0.4063 32.33735
5.34761 18.4297 3.359 0.38414 32.49611
5.5021 18.84441 3.10017 0.36264 32.2052
5.56555 18.66082 3.34721 0.38264 32.05871
5.36941 18.70038 3.3432 0.40512 32.20089
5.1502 19.08894 3.25264 0.32226 32.19665
5.5098 18.71943 3.16173 0.32201 32.29779
5.25426 19.08011 3.0853 0.36848 32.22716
5.18297 18.81441 3.19995 0.35121 32.45875
5.17677 19.35283 3.11219 0.33333 32.0351
5.49351 18.125 3.45415 0.2968 32.63937
5.72964 18.52049 3.25708 0.30649 32.20335
5.47599 18.16309 3.24528 0.31999 32.80747
5.34698 18.23785 3.19611 0.37574 32.85863
5.46429 18.65798 3.15856 0.42635 32.30723
5.53872 18.67575 3.18473 0.44925 32.16941
5.77494 19.15462 3.37778 0.47328 31.2504
5.56319 18.51958 3.41155 0.48277 32.04055
5.43556 18.45797 3.56586 0.44547 32.11329
5.76595 18.43579 3.55391 0.42566 31.83919
5.55181 18.66673 3.3976 0.32887 32.06371
5.78472 18.70145 3.37646 0.30651 31.84065
5.54239 19.06726 3.19365 0.29176 31.90967
5.69133 18.78464 3.4821 0.31298 31.73654
6.16835 19.20155 3.01199 0.38302 31.24569
5.5622 19.09634 3.07164 0.37797 31.90093
5.84202 18.89039 3.14947 0.39946 31.73361
5.34956 18.488 2.95637 0.38352 32.83975
5.3934 18.70239 3.09298 0.33076 32.49029
5.37815 18.28429 2.92296 0.3561 33.07501
6.01648 18.08804 3.19029 0.39213 32.32867
5.74426 18.10447 3.14917 0.37814 32.63982
5.34864 18.3105 3.23217 0.36871 32.75008
5.86845 17.73123 3.35714 0.29737 32.7514
5.70563 17.92991 3.22427 0.33732 32.81123
5.92186 17.92939 3.42999 0.38916 32.34407
5.76808 18.29003 3.31608 0.41552 32.22613
5.53852 18.98286 3.19749 0.40509 31.88611
5.53295 19.15171 3.31866 0.4269 31.57953
5.31546 18.8291 3.18336 0.44086 32.23961
5.21588 18.39942 3.17769 0.40218 32.81149
5.29835 18.67245 2.84257 0.44157 32.75387
5.03369 18.84078 3.03866 0.45224 32.64299
5.08319 18.63614 3.23107 0.42545 32.63556
5.32878 18.06798 3.20861 0.42417 32.98017
5.30463 18.17565 3.03241 0.39636 33.10282
5.82356 18.18077 2.96292 0.41506 32.62913
6.09081 18.51575 3.32913 0.42278 31.65828
5.62779 18.90853 3.20783 0.38975 31.87476
5.49738 18.58465 3.24664 0.38283 32.29474
5.2735 18.98092 3.08806 0.36786 32.2967
5.51449 18.66686 3.22419 0.36827 32.23761
5.36865 18.56681 3.18004 0.37713 32.51665
5.59221 18.98893 3.2573 0.4455 31.73421
5.31603 18.55214 3.09667 0.42168 32.62608
5.55915 18.28893 3.14773 0.47051 32.54729
5.3317 18.7111 3.28637 0.37662 32.30093
5.10353 18.62252 3.42527 0.39827 32.45958
5.24267 18.01801 3.06074 0.31564 33.36771
5.12691 18.44573 2.9163 0.33869 33.1777
5.17701 18.87443 2.95364 0.33728 32.66479
4.8658 18.9127 3.01891 0.31617 32.89277
5.22863 17.90996 3.23987 0.34515 33.28273
5.30426 18.83438 3.22507 0.37498 32.26666
5.57505 18.59414 3.53744 0.43478 31.86838
5.16718 18.78564 3.36308 0.38505 32.30747
5.62696 18.36301 3.45489 0.38353 32.18002
5.40625 18.90716 3.29972 0.39667 31.99983
5.41593 18.57057 3.29052 0.40157 32.33296
5.27628 19.29896 3.14126 0.46248 31.82979
5.73111 18.74244 3.0022 0.39077 32.14084
5.62242 18.67016 2.87567 0.38045 32.45921
5.29708 18.85425 2.96868 0.41863 32.46952
5.686 18.70978 3.23035 0.49164 31.89401
5.7452 18.63818 3.15034 0.44335 32.03289
5.32163 18.61002 3.10499 0.39489 32.57529
5.85887 17.46636 3.24539 0.40161 33.03657
5.75721 18.28592 3.02631 0.44082 32.50254
5.61044 18.39342 3.12719 0.48245 32.40271
5.21304 18.3164 3.09823 0.45241 32.92817
5.22187 18.02311 3.1742 0.44463 33.14539
5.37434 17.71601 3.08389 0.41338 33.42334
5.26047 18.11948 3.11919 0.37342 33.13353
5.66205 18.78605 3.41237 0.42288 31.72637
5.57794 18.9373 3.26409 0.4168 31.81144
5.4432 18.83342 3.05782 0.38262 32.2931
5.46625 18.4007 3.31148 0.38121 32.45138
5.79277 18.4885 3.3503 0.38912 31.9866
5.55825 18.69352 3.23207 0.42957 32.09901
5.48674 18.84651 3.31362 0.46534 31.90239
5.08989 18.82555 3.37667 0.4255 32.2898
5.24486 18.19229 3.44276 0.37387 32.75258
5.25089 18.65799 3.19676 0.37262 32.53109
5.18546 18.70927 3.19805 0.39633 32.51965
5.61762 17.81818 3.49155 0.40475 32.6789
5.34404 18.36844 3.18354 0.33571 32.78265
5.50992 18.2898 3.07855 0.3211 32.81268
5.49464 18.46015 3.2378 0.33754 32.48377
5.72872 17.68293 3.14607 0.30436 33.14829
5.76371 18.00411 3.16512 0.33873 32.74418
5.52704 18.35922 3.10751 0.33723 32.68319
5.45984 17.64186 3.14777 0.28184 33.47709
5.44776 18.28867 3.13083 0.35708 32.78662
5.26364 18.43568 3.04818 0.33991 32.92132
5.3018 18.66074 2.93116 0.34708 32.76908
5.37171 18.51416 3.02803 0.3827 32.71288
5.49628 18.998 2.79099 0.41078 32.31631
5.51973 18.21082 2.96127 0.40387 32.91185
5.74457 18.44383 3.22695 0.46923 32.12855
5.56406 18.32918 2.94594 0.40509 32.76513
5.30764 18.57259 3.06194 0.39785 32.66901
5.82643 17.9781 3.27756 0.43898 32.49215
5.7611 18.30126 3.31991 0.39677 32.23674
5.83502 18.27144 3.38452 0.36244 32.16236
5.67384 17.88097 3.43191 0.35114 32.67593
5.81202 18.40308 3.2841 0.3588 32.15938
6.24013 17.58912 3.54384 0.36429 32.27481
6.00399 17.41311 3.67685 0.37838 32.54283
5.63293 17.55245 3.25553 0.33653 33.22975
5.59996 18.32145 3.03927 0.40032 32.6607
5.58056 18.58426 3.13433 0.44282 32.2726
5.37188 18.72709 2.84234 0.43226 32.6408
5.31251 18.04426 3.17753 0.39736 33.07948
5.07538 18.22266 3.04782 0.35865 33.30449
5.46427 18.034 3.09864 0.36954 33.04864
5.28959 18.52342 3.07882 0.31936 32.80022
5.24885 18.28616 3.32691 0.30129 32.84443
5.69449 18.62354 3.09866 0.31781 32.28094
5.4689 19.22019 3.30864 0.3674 31.64919
5.33431 18.78136 3.40184 0.32065 32.16963
5.52429 18.58618 3.30132 0.35363 32.24477
5.61011 18.38602 3.19395 0.39776 32.42107
5.27371 18.77223 3.24018 0.41883 32.30364
5.2657 18.54516 3.16763 0.42909 32.59921
5.53913 18.58987 3.00528 0.4359 32.43724
5.6099 18.75266 3.00614 0.42335 32.21707
5.42601 18.25617 3.06902 0.39543 32.86254
5.35876 17.66143 3.39429 0.42669 33.16733
5.39041 18.75688 3.14386 0.40263 32.31671
5.1626 18.03063 3.20201 0.37672 33.23604
5.48746 17.93372 3.23149 0.42425 32.93502
5.44038 18.73658 3.36135 0.47712 31.99912
5.19717 18.75049 3.12251 0.40718 32.53505
5.28668 19.00213 3.30379 0.4107 32.00559
5.65285 19.16724 3.2191 0.40644 31.5762
5.36179 18.73019 3.408 0.42334 32.09186
5.22362 17.99839 3.03044 0.33327 33.42463
5.14762 18.20775 3.17707 0.33413 33.14475
5.21908 18.43037 3.23654 0.367 32.75615
5.60318 18.56441 3.36262 0.38965 32.08996
5.55751 18.65901 3.43644 0.4585 31.90516
5.49641 18.25119 3.15208 0.41566 32.69655
5.45856 18.32158 3.39083 0.42302 32.41481
5.63523 18.87431 3.21861 0.42305 31.85816
6.1335 18.00358 3.23379 0.44119 32.19618
5.77253 18.34202 3.07606 0.42297 32.39542
5.27421 18.50127 2.9926 0.4435 32.79652
5.8231 17.6512 2.87855 0.42829 33.2286
5.39474 18.35289 3.09472 0.49016 32.684
5.13478 18.05922 3.33719 0.48575 32.99811
5.40336 18.22364 3.23818 0.50386 32.65312
5.32392 19.2359 3.13145 0.52567 31.80912
5.61755 18.2704 3.08714 0.46926 32.5783
5.26275 18.95187 2.92012 0.43411 32.44464
5.90103 19.04077 3.2647 0.40471 31.40593
5.44081 18.27791 3.06932 0.35492 32.87128
5.85811 18.38337 3.07093 0.3775 32.32638
5.38394 18.6613 2.96963 0.32005 32.67387
5.31795 18.18351 3.09516 0.36417 33.04819
5.12943 18.72687 2.91709 0.38036 32.85515
5.33942 18.71161 3.1514 0.42321 32.38379
5.60546 18.43809 3.03178 0.43867 32.49764
5.08147 18.72508 3.01791 0.42045 32.76404
5.31956 18.21646 3.17851 0.43068 32.86438
5.65315 18.35701 2.98425 0.40192 32.61125
5.85238 17.34944 3.10424 0.34622 33.35214
5.67583 18.14333 3.2154 0.4333 32.53999
5.53409 17.38548 3.29021 0.3535 33.44487
5.54926 18.26461 3.18185 0.37346 32.64373
5.66315 18.1377 3.16032 0.38103 32.66551
5.51612 18.22396 3.43348 0.38477 32.45677
5.97877 18.14175 3.5549 0.42734 31.91738
5.22188 18.56939 3.35194 0.42958 32.43913
5.33981 18.29952 3.22236 0.39052 32.75629
5.42409 18.16123 3.29833 0.46012 32.66766
5.53089 18.38097 3.16652 0.43975 32.48953
5.45327 18.17088 3.19425 0.48143 32.71325
5.54348 17.98182 3.18393 0.40935 32.88896
5.62938 18.35581 3.25836 0.45761 32.31074
5.34196 18.42607 3.33939 0.39117 32.50977
5.49564 18.46831 3.16665 0.42194 32.4613
5.3572 18.47715 2.97906 0.39367 32.80338
5.44677 18.17434 3.17565 0.33192 32.87725
5.47642 18.43554 3.1559 0.31965 32.61927
5.82971 18.11734 3.27976 0.35338 32.4309
5.52242 18.40244 3.1839 0.34602 32.5584
5.76996 18.17793 3.36804 0.31117 32.38193
5.46446 18.78125 3.27567 0.33135 32.15699
5.25177 18.48986 3.3617 0.29177 32.61093
5.48264 18.03591 3.32544 0.32687 32.84196
5.51689 18.62126 3.16441 0.34749 32.36252
5.54958 18.75097 2.96643 0.31723 32.42452
5.53668 18.57923 3.04858 0.30785 32.53467
5.14572 19.23696 3.09021 0.36236 32.17325
5.1534 19.73269 3.01946 0.38015 31.72257
5.03352 18.34018 3.0174 0.29429 33.32132
5.36303 18.25977 2.99964 0.27141 33.11263
5.87706 18.10189 3.04965 0.33384 32.64972
5.63315 18.90747 2.9763 0.36479 32.12672
5.04263 18.28953 3.21445 0.3028 33.1575
5.31372 18.80776 3.01838 0.32879 32.53886
5.33853 18.56058 2.98031 0.29725 32.82688
5.37537 18.56179 3.16797 0.34267 32.55874
5.38296 18.59339 3.05852 0.3562 32.61463
5.79258 18.52004 3.19302 0.39036 32.10989
5.54277 18.80626 3.04277 0.37841 32.23844
5.83303 18.55434 3.21507 0.40485 32.00672
5.39985 18.3778 3.39764 0.33104 32.50101
5.24256 18.09919 3.43764 0.36285 32.86801
5.14183 17.87431 3.43268 0.32342 33.23539
5.40258 18.07597 3.33143 0.3666 32.83727
5.39139 18.14009 3.29494 0.37219 32.81235
5.37261 17.95489 3.13731 0.38257 33.15954
5.32345 18.39995 3.18711 0.47505 32.62697
5.31127 18.85065 3.28711 0.44179 32.12055
5.67086 18.13964 3.19892 0.43083 32.56841
5.71491 17.72628 3.18034 0.4394 32.9485
5.55614 18.2609 3.3456 0.47542 32.37041
5.61043 18.02337 3.2737 0.43784 32.66145
5.50831 18.08706 3.36595 0.39191 32.65231
5.8408 18.96315 3.21658 0.45022 31.54267
5.53561 18.0818 3.20958 0.46926 32.71382
5.35657 18.44158 3.1937 0.49027 32.52908
5.10394 19.01295 3.09713 0.54588 32.25237
5.47915 18.94472 3.21572 0.5358 31.84041
5.56756 18.52093 3.14178 0.48625 32.29174
5.95495 17.97258 3.16333 0.44183 32.48028
5.36975 17.82177 3.29917 0.50383 33.02063
5.59908 18.14723 3.13349 0.50106 32.63585
5.54271 17.85519 3.03102 0.46604 33.11777
6.13376 18.08625 3.20055 0.55342 32.04762
5.44336 18.14276 3.40412 0.52189 32.50196
5.64509 18.22868 3.23662 0.52714 32.38468
5.68035 18.37141 3.15976 0.52327 32.2805
5.72 18.49334 3.25913 0.49804 32.04136
5.85289 18.50942 3.32968 0.47473 31.84758
5.27731 18.67026 3.08932 0.49052 32.48527
5.32152 18.74279 3.02364 0.45426 32.46894
5.3657 18.99164 3.02303 0.46975 32.1638
5.48301 18.67983 3.12067 0.5898 32.1467
5.50171 19.26441 3.0496 0.47899 31.7227
5.15822 18.53757 3.17442 0.47634 32.66582
5.28907 18.43402 3.09072 0.55543 32.66018
5.45458 18.99833 3.21863 0.51769 31.83317
5.50432 18.06934 3.12692 0.56639 32.76889
5.27689 18.8224 3.01921 0.57315 32.34465
5.29667 18.651 3.08123 0.53892 32.45203
5.53894 18.25869 3.23223 0.53938 32.45406
5.82837 18.02474 3.14708 0.53261 32.48463
5.54503 18.31718 3.15851 0.41114 32.5761
5.50733 18.37915 3.34467 0.43948 32.33967
5.17784 19.10505 3.10016 0.45832 32.16847
5.34502 18.63991 3.17485 0.52097 32.33213
5.46969 18.02974 3.25607 0.49556 32.76376
5.55237 18.39596 3.14121 0.50231 32.4203
5.26114 18.08536 3.12444 0.45635 33.0835
5.3051 18.90166 3.16513 0.51148 32.13239
5.2862 18.55237 3.09921 0.56617 32.51467
5.41576 18.56087 3.16699 0.65016 32.23011
5.24912 18.98461 3.13737 0.55941 32.08849
5.73108 18.69411 3.37298 0.52655 31.69533
5.64645 17.88469 3.35238 0.46384 32.66649
5.49989 18.43255 3.21038 0.54365 32.3292
5.61303 18.04434 3.35262 0.45497 32.54565
5.56097 18.23805 3.19309 0.4712 32.54696
5.68173 18.93859 3.12336 0.43608 31.83167
5.87916 18.11898 3.36095 0.44733 32.20753
5.33793 18.2518 3.38619 0.45468 32.58533
5.5636 17.49279 3.34336 0.41605 33.20155
5.87069 17.97021 3.19494 0.45714 32.52857
5.69592 18.33157 3.29249 0.47803 32.23276
6.19076 18.83562 3.14778 0.53207 31.32498
5.92552 18.82225 3.2381 0.56749 31.47596
5.91614 18.30693 3.37816 0.51898 31.90252
5.77739 18.77884 3.25046 0.46271 31.74531
5.28463 18.729 3.31805 0.40647 32.27032
5.43401 18.40997 3.26549 0.35574 32.54429
5.47756 19.00406 3.27348 0.36985 31.89429
5.41422 17.88318 3.17455 0.37431 33.16461
5.53896 18.10311 3.03555 0.36611 32.96643
5.55286 17.9269 3.07163 0.36424 33.09565
5.07814 18.67312 3.1136 0.37544 32.7668
5.37768 18.55317 3.10877 0.38361 32.58519
5.61777 18.73721 3.14167 0.33491 32.17545
5.63067 18.38644 3.47628 0.35125 32.16234
5.37321 18.89193 3.04511 0.34815 32.34845
5.32765 18.7107 3.21666 0.36749 32.3845
5.65836 17.92123 3.43085 0.32731 32.66729
5.82227 18.68929 3.10336 0.33679 32.05647
6.04922 18.34607 3.23428 0.37584 32.00523
5.82789 18.63044 3.06471 0.39502 32.09233
5.64065 18.66156 2.78986 0.32016 32.59569
5.75622 18.55081 2.97608 0.32309 32.40318
5.75755 18.94154 2.96458 0.33809 32.00901
5.91743 18.92162 3.16 0.36269 31.64563
5.81049 18.73683 3.35386 0.46704 31.64493
5.46973 18.60906 3.33581 0.49817 32.10158
