"V1" "V2" "V3" "V4" "V5"
3.56457 23.85532 2.51602 0.38124 29.71006
3.80208 22.73987 2.55276 0.31432 30.61003
3.51911 23.91092 2.36347 0.33167 29.89032
3.60964 23.77592 2.39934 0.33372 29.89591
3.78633 22.83085 2.41909 0.32346 30.65927
3.59147 23.68319 2.16704 0.35963 30.22472
3.6129 24.06863 2.4463 0.43005 29.48106
3.98068 23.09055 2.44709 0.43032 30.09467
3.64017 23.07977 2.61494 0.40334 30.30098
3.7733 23.13184 2.85566 0.50931 29.77568
3.50663 23.16655 2.48592 0.41487 30.4636
3.61377 23.15638 2.64249 0.44627 30.17777
4.05999 23.69801 2.6681 0.46704 29.14902
3.85393 22.99205 2.50251 0.41066 30.2665
3.69667 23.01959 2.68205 0.45463 30.18813
3.59125 23.98064 2.70232 0.51696 29.27642
3.53701 23.89105 2.77663 0.42776 29.40344
3.95702 24.03453 2.59035 0.4548 28.99325
3.81236 23.96254 2.52271 0.60437 29.14962
3.61509 23.97251 2.50731 0.53549 29.42029
3.48599 23.07564 2.70785 0.39751 30.37777
3.81441 23.8806 2.97059 0.41326 28.95884
3.42041 23.77446 2.9841 0.44711 29.42116
3.83136 23.95841 3.18817 0.46933 28.61176
4.07298 23.73448 3.3101 0.50674 28.45431
4.05333 22.7896 3.0582 0.37912 29.76784
3.6767 22.63972 2.49254 0.31858 30.89477
3.48876 24.56325 2.65911 0.38112 28.97045
3.35809 24.3079 2.3593 0.41059 29.6013
3.66515 24.78067 2.39534 0.52124 28.69969
3.49909 24.58996 2.25736 0.49337 29.21458
3.56241 24.10971 2.24458 0.3961 29.72876
3.29237 24.08932 2.44739 0.38577 29.82147
3.73973 23.82893 2.62049 0.44625 29.40254
3.91255 23.82162 2.45914 0.44036 29.39034
4.15712 22.78057 2.61616 0.36457 30.10201
3.8997 22.96376 2.5878 0.3614 30.21453
3.49288 24.1468 2.57051 0.5244 29.30493
3.51344 23.891 2.70041 0.5619 29.37741
3.6937 23.98211 2.75661 0.56217 29.04922
3.1984 23.0894 2.3941 0.48254 30.85651
3.58805 22.99084 2.81316 0.44472 30.18729
3.82625 23.83437 2.71617 0.57734 29.0728
3.45679 23.61464 2.69329 0.4522 29.80368
3.91577 23.60028 2.50574 0.373 29.62105
3.84593 24.04827 2.56684 0.35045 29.20646
4.01629 23.82823 2.91056 0.40377 28.87355
3.63255 23.76806 2.74282 0.36812 29.50695
3.80983 24.19759 2.64641 0.35611 29.01457
3.75828 23.75856 2.89861 0.3532 29.25112
3.87792 24.08649 2.84364 0.33538 28.87352
3.7756 24.61647 3.00346 0.36432 28.25801
3.51564 23.34305 2.75203 0.36061 30.04673
3.29315 23.97355 2.47997 0.4345 29.83656
3.42781 23.529 2.45336 0.42396 30.1867
3.52104 23.22916 2.44338 0.40513 30.42294
3.26539 22.4931 2.68552 0.39412 31.18127
3.60412 23.74326 2.56494 0.5002 29.61221
3.59832 24.08866 2.77876 0.46564 29.09839
3.28693 23.67739 2.62403 0.42478 30.00319
3.5735 24.35947 2.65462 0.39964 29.03948
3.75197 24.18712 2.60405 0.38488 29.10336
3.79086 23.57893 2.66157 0.39742 29.60773
3.31987 23.41396 2.60845 0.37774 30.30731
3.47408 23.62434 2.40021 0.33909 30.18325
3.66 24.09535 2.60921 0.3379 29.32304
3.69323 24.37614 2.51557 0.35672 29.09117
4.09785 24.08627 2.6921 0.32453 28.83276
3.61451 23.29887 2.92412 0.34725 29.84034
3.9594 23.67807 3.11266 0.38172 28.89725
3.78635 22.94879 2.67155 0.38779 30.24366
3.86643 23.33874 3.0063 0.44944 29.40217
3.80544 23.53037 3.19831 0.35973 29.14735
3.76412 22.84617 3.26129 0.30222 29.85421
3.54877 24.06132 2.89234 0.33137 29.20402
3.68312 23.52558 2.91347 0.43075 29.51481
3.70765 22.89781 3.03387 0.39825 29.99781
3.40936 23.9841 2.82552 0.34219 29.4638
3.29754 23.37714 2.54469 0.355 30.44373
3.55148 24.0171 2.82162 0.42636 29.21554
3.30989 24.11949 2.59832 0.36556 29.62652
3.18849 24.20082 2.55523 0.3671 29.70555
3.74946 23.79466 2.55745 0.47744 29.45284
3.91536 22.9309 2.65291 0.42221 30.10345
3.69828 23.60941 2.7951 0.42612 29.49283
3.37899 24.01812 2.49484 0.46416 29.66084
3.48497 23.4867 2.64848 0.56877 29.83691
3.39052 23.13607 2.40846 0.55104 30.53884
3.35744 23.29292 2.55366 0.57578 30.24633
3.29709 23.05755 2.43146 0.56576 30.67365
3.31317 23.48955 2.56094 0.42638 30.2269
3.33576 25.04778 2.37679 0.55058 28.71432
3.43839 24.70344 2.39643 0.54629 28.94777
3.48668 24.35443 2.41205 0.46321 29.30747
3.80848 24.24561 2.46215 0.53388 29.0013
3.39529 23.45896 2.30509 0.50874 30.38201
3.67141 23.9772 2.40336 0.56853 29.43952
3.4308 24.07241 2.16885 0.52037 29.86191
3.79717 23.5772 2.28282 0.49847 29.88826
3.75805 24.66137 2.29942 0.55255 28.77566
3.75264 23.41475 2.78476 0.43977 29.62663
3.79073 24.04032 2.71077 0.48006 29.00248
3.68726 23.64203 2.65594 0.50774 29.5232
3.77363 23.43327 2.63807 0.4755 29.70018
3.84393 23.8707 2.68936 0.43542 29.18265
3.63156 24.25294 2.55681 0.44113 29.14487
3.64428 23.51803 2.68205 0.43331 29.75757
3.46237 23.87875 2.88463 0.37497 29.43121
3.26519 23.29957 2.68159 0.34003 30.43668
3.57323 23.18968 2.37641 0.5276 30.41165
3.40523 23.3001 2.56971 0.50139 30.28771
3.52627 24.51448 2.38376 0.49741 29.12547
3.48382 24.04609 2.79336 0.44016 29.26764
3.81969 24.04593 2.7754 0.47095 28.92279
3.59342 23.51496 2.75059 0.39783 29.77682
3.98621 23.4892 2.68184 0.42364 29.45622
3.80969 23.28919 2.84331 0.47039 29.6375
3.80532 24.04471 2.37547 0.45293 29.36807
3.76897 22.88117 2.61004 0.37098 30.3975
3.50462 22.88552 2.52751 0.40172 30.70746
3.94838 23.71673 2.41456 0.50932 29.44805
3.86876 23.78482 2.4245 0.53905 29.42128
3.78959 24.53956 2.50408 0.58574 28.62188
3.49822 25.94553 2.38924 0.56878 27.65708
3.50742 24.85084 2.65786 0.4961 28.53498
3.54733 23.74849 2.42691 0.38369 29.912
3.43584 23.38048 2.60805 0.44213 30.15443
3.52965 23.89497 2.48868 0.43917 29.67391
3.6254 24.06835 2.74759 0.51898 29.07571
3.72611 24.52568 2.57987 0.50309 28.69387
3.63301 23.55824 2.64088 0.47883 29.71943
3.73273 23.16677 2.641 0.50799 29.97501
3.87277 23.85855 2.66811 0.50498 29.12279
3.45065 23.96956 2.47277 0.44081 29.68808
3.7126 23.12806 2.38309 0.38463 30.41384
3.53106 23.84062 2.69121 0.38816 29.56955
3.25436 24.07014 2.36895 0.41237 29.91576
3.482 23.83968 2.59339 0.40149 29.71199
3.73147 24.14638 2.81792 0.41114 28.91806
3.90406 24.51387 2.72486 0.45971 28.42666
3.96491 24.08428 2.68326 0.48965 28.81149
3.5896 24.6033 2.64133 0.5453 28.66028
3.60369 23.5835 2.71433 0.53128 29.59895
3.58635 23.57436 2.93911 0.56402 29.35982
3.52748 23.22108 2.69208 0.48101 30.10181
3.64138 23.74371 2.62524 0.44489 29.56482
3.91312 24.05282 2.5762 0.42583 29.05567
4.08959 23.86267 2.58932 0.40554 29.07512
3.66681 24.13488 2.54672 0.45432 29.23155
3.46603 24.44486 2.42673 0.44827 29.24987
3.71751 22.89128 2.62611 0.38651 30.40273
3.68183 24.06947 2.78349 0.43835 29.05379
3.88069 22.45828 2.63475 0.35408 30.69618
3.54328 23.5128 2.66298 0.3556 29.9494
3.31912 23.47647 2.86561 0.35731 30.00455
3.81399 24.09091 2.75864 0.45223 28.92869
3.3878 24.03643 2.74282 0.33409 29.52397
3.46006 24.68595 2.7228 0.27588 28.88078
3.55393 23.95084 2.41102 0.26745 29.84491
3.99593 23.49965 2.48727 0.27691 29.7693
4.04938 22.97254 2.63543 0.32999 30.04725
3.82201 23.10169 2.59653 0.28767 30.22071
4.08479 23.16306 2.9743 0.30947 29.49909
4.00005 23.61069 2.97959 0.42834 29.02994
3.72032 23.2251 2.79835 0.33486 29.94216
3.32697 24.1359 2.45395 0.40724 29.70602
3.73364 23.44296 2.55604 0.38547 29.90827
3.56796 24.99331 2.42699 0.45392 28.58964
3.81111 25.10253 2.58432 0.47032 28.06632
3.7455 24.45178 2.41173 0.39918 29.00885
3.22609 23.08868 2.32306 0.33339 31.04554
3.85401 22.98675 2.48596 0.30897 30.38533
3.63155 22.73168 2.54302 0.27367 30.83641
3.33039 23.52762 3.17285 0.33879 29.65332
3.21497 24.00364 2.41018 0.30654 30.07745
3.5992 24.5575 2.7777 0.34227 28.74879
3.70298 23.71856 2.87861 0.3609 29.36694
3.63655 24.0763 2.57076 0.439 29.30114
3.92614 24.05328 2.59693 0.41533 29.03928
3.64778 23.04796 2.71421 0.41086 30.21352
3.67866 22.86301 2.64848 0.41446 30.42964
3.55913 22.81659 2.53731 0.42248 30.69213
3.51513 23.70766 2.64253 0.49141 29.67607
3.72402 23.62987 2.87355 0.51813 29.27846
3.473 24.50751 2.81931 0.64525 28.60504
3.44457 23.06567 2.86753 0.70865 29.95583
3.4627 22.96691 2.60669 0.63471 30.35497
3.42344 24.0281 2.63773 0.55389 29.38549
3.35059 23.73419 2.86847 0.45599 29.60722
3.64633 24.07989 3.0751 0.47847 28.74512
4.05572 22.5295 2.89671 0.41836 30.1153
3.29233 23.64601 2.59436 0.5113 29.98229
3.86566 23.9761 3.08119 0.57241 28.55114
3.71359 22.66539 2.71534 0.47737 30.45628
3.79111 23.56816 2.7493 0.58083 29.34964
3.83694 23.24866 2.79407 0.49936 29.65257
3.78379 22.60868 2.7846 0.48315 30.36234
3.66123 22.48594 2.67744 0.46311 30.73402
3.37587 22.89109 2.9378 0.41929 30.39469
3.54635 23.64663 2.84629 0.4502 29.53171
3.59871 22.92826 2.87133 0.45293 30.17189
3.87936 22.34069 3.17994 0.45081 30.17199
3.3555 22.15746 2.81189 0.44802 31.24372
3.30027 23.16853 3.00199 0.5171 30.02592
3.62565 23.59189 3.00859 0.53121 29.26141
3.78882 23.51254 2.92944 0.49961 29.28736
4.00841 23.10476 3.02171 0.53372 29.35076
4.18432 23.49858 3.03644 0.54502 28.77209
3.92144 23.82412 2.65185 0.55844 29.07353
4.06459 24.02468 2.97099 0.57345 28.3898
4.10048 23.1933 2.75573 0.54143 29.42937
4.03784 23.15934 2.82019 0.47493 29.52638
3.90406 24.31367 2.75688 0.58926 28.47479
3.36552 25.18429 2.64867 0.62328 28.21366
3.74453 23.94613 2.52911 0.48276 29.31566
3.75212 23.27261 2.5776 0.39557 30.01674
3.84088 23.27204 2.67723 0.43803 29.78695
3.62803 24.26659 2.40225 0.41154 29.3099
3.7138 24.9237 2.24877 0.46612 28.67197
3.95301 24.59584 2.52282 0.40732 28.5466
3.50168 25.32214 2.66465 0.38573 28.15669
3.46757 24.4519 2.69437 0.31921 29.0883
3.1842 23.29529 2.60426 0.31679 30.61513
3.5878 23.73648 2.72714 0.30392 29.66442
3.91175 24.30783 2.82164 0.32096 28.665
3.96371 23.82147 2.86604 0.3974 28.98334
3.68711 23.70649 2.61964 0.37567 29.6369
3.59737 24.06236 2.72528 0.36199 29.27348
3.55032 23.88789 2.51155 0.34375 29.72218
3.44287 24.44386 2.64969 0.38784 29.09455
3.43301 23.41313 2.89585 0.38831 29.88412
3.68571 24.27449 2.76881 0.48174 28.80503
3.64177 23.97537 2.74645 0.43904 29.22242
3.43785 23.30708 2.51396 0.37916 30.37752
3.04345 22.93866 2.47071 0.33244 31.23027
3.48104 23.17544 2.66283 0.41963 30.28018
3.73673 23.4714 2.41909 0.44007 29.9595
3.40529 24.11059 2.25998 0.43574 29.80541
3.50716 24.19497 2.69205 0.44021 29.18513
3.27083 23.83394 2.32161 0.38692 30.19966
3.4118 23.49244 2.50981 0.40513 30.19448
3.26508 24.63169 2.14921 0.46045 29.51409
3.49255 23.90743 2.32789 0.43375 29.85917
3.6425 23.08456 2.32881 0.4051 30.55606
3.93036 22.92633 2.59 0.43976 30.13725
3.69405 23.64678 2.66946 0.44565 29.5804
3.70236 24.19298 2.43845 0.43775 29.26141
3.52723 22.86828 2.56394 0.44885 30.62537
3.282 23.82835 2.14744 0.46339 30.31156
3.22005 24.8592 2.47263 0.60497 28.89261
3.59038 24.56827 2.60826 0.57008 28.72592
3.79116 24.91839 2.53283 0.56486 28.24932
3.86404 23.71445 2.44893 0.47129 29.53802
3.7957 24.44163 2.94367 0.5132 28.34977
3.86743 22.91211 2.95227 0.49336 29.80715
3.62022 23.27363 2.64871 0.48964 29.9969
3.3327 24.13822 2.6726 0.48796 29.39397
3.20001 24.80586 2.4753 0.48699 29.06727
3.09106 24.07844 2.36815 0.54006 29.95111
3.4306 24.42538 2.21971 0.64674 29.32511
3.71753 23.66517 2.50018 0.55652 29.6156
3.96504 23.19133 2.47305 0.5035 29.90466
3.91593 23.49259 2.53367 0.49816 29.59158
4.02632 23.02631 2.76407 0.52658 29.69355
3.95085 23.35414 2.39393 0.46609 29.85863
3.80146 23.63557 2.71196 0.49938 29.38971
3.54992 23.34101 2.68169 0.45442 30.00354
3.5276 23.90621 2.60798 0.4858 29.50412
3.45307 24.09992 2.47329 0.52385 29.47135
3.61116 23.73527 2.15597 0.53242 29.99826
3.60326 23.45001 2.23096 0.52108 30.23196
3.70414 23.91911 2.5052 0.5584 29.36957
3.84422 23.5594 2.46448 0.58738 29.58503
3.88694 23.51613 2.3657 0.57641 29.68767
3.72083 25.01366 2.18654 0.53324 28.56977
3.61181 24.33309 2.30037 0.55422 29.21607
3.78571 23.22479 2.1869 0.55238 30.26702
3.76939 23.10697 2.41533 0.58208 30.14879
3.61675 23.29074 2.45766 0.52592 30.12421
3.51743 22.95418 2.44483 0.49192 30.60326
3.5347 22.59709 2.54837 0.50501 30.83077
3.79502 23.29407 2.84435 0.51743 29.57675
3.45014 22.87679 2.37128 0.45691 30.86128
3.28982 25.07149 2.62281 0.54301 28.50687
3.36131 24.07521 2.4884 0.56153 29.53697
3.53765 24.89588 2.63326 0.52296 28.43087
3.3214 23.70756 2.70848 0.45786 29.81968
3.48863 23.65842 2.81725 0.52433 29.53991
3.67961 24.23131 3.059 0.56606 28.48973
3.74016 24.42759 2.43466 0.58895 28.84093
3.42461 24.80391 2.37972 0.46297 28.95619
3.53208 24.36374 2.32675 0.45447 29.34851
3.97417 23.80652 2.63183 0.46148 29.15767
3.67645 22.23303 2.71356 0.36271 31.03081
3.59756 23.51096 2.78294 0.37158 29.75298
3.71595 23.27609 2.5882 0.36773 30.06806
3.74748 24.17632 2.95771 0.42056 28.71542
3.44241 25.48063 2.50871 0.4017 28.19596
3.70242 24.35151 2.90096 0.42751 28.65162
3.77325 24.14514 2.73586 0.46564 28.90668
3.46788 24.15501 2.93963 0.45314 29.01597
3.0621 24.81733 2.34703 0.4353 29.357
3.23388 23.65984 2.55028 0.48668 30.08187
3.47658 23.70662 2.81849 0.46954 29.54242
3.61041 23.46452 2.62036 0.47047 29.85337
3.71072 24.35901 2.75707 0.49972 28.69062
3.91279 24.25002 2.68805 0.53435 28.63445
3.3074 23.40349 2.70446 0.44681 30.15628
3.40488 24.81811 2.41728 0.54984 28.84626
3.39217 24.4031 2.49537 0.50532 29.22611
3.62572 24.3839 2.59831 0.67467 28.75266
3.62783 23.66005 2.33785 0.65971 29.7527
3.9589 23.21575 2.76454 0.64764 29.44865
3.86231 23.57409 2.37411 0.57196 29.64508
3.44496 23.74381 2.70985 0.49558 29.61978
3.39224 23.66546 2.54831 0.54907 29.86327
3.37664 24.02159 2.54661 0.58811 29.48448
3.81914 22.74138 2.41281 0.57084 30.48277
3.72378 23.55694 2.5905 0.55318 29.59489
3.55462 22.68402 2.54849 0.47973 30.74771
3.75023 22.75971 2.3899 0.5757 30.55429
3.35184 23.38652 2.55726 0.48279 30.24064
3.28582 22.30916 2.43923 0.4566 31.52099
3.27105 24.23316 2.20012 0.59616 29.72241
3.41295 23.69059 2.57406 0.49057 29.85208
3.37762 23.80381 2.68485 0.45918 29.69597
3.3662 24.49914 2.61704 0.44359 29.09413
3.37228 23.58711 2.35938 0.31589 30.37502
3.54465 23.23252 2.50015 0.37587 30.36137
3.61951 23.35419 2.75374 0.4434 29.84785
3.50627 23.98547 2.79211 0.45733 29.2807
3.49457 24.12059 2.4843 0.49345 29.42422
3.4322 23.41723 2.64274 0.45721 30.0717
3.66434 23.82862 2.862 0.42894 29.24422
3.4489 23.06198 2.89218 0.37702 30.23518
4.12068 23.26659 2.7708 0.48678 29.38205
4.17636 23.40966 2.96213 0.53841 28.95896
3.71865 22.80389 2.92881 0.4262 30.15289
3.51114 22.85997 2.831 0.35851 30.46027
3.65972 23.31479 2.8517 0.35157 29.84272
3.9896 24.09611 2.86937 0.41758 28.66061
4.26428 23.63134 2.73184 0.32948 29.0633
4.63716 23.02904 2.74956 0.4007 29.20404
4.33528 23.40086 2.80822 0.35692 29.1183
4.26061 22.13198 2.9663 0.34095 30.31117
4.40419 23.456 2.87735 0.40269 28.87823
3.97675 23.92333 2.65582 0.41945 29.04916
3.75982 23.0332 2.69717 0.35149 30.17175
3.85116 24.26317 2.82588 0.34583 28.74056
3.82597 24.28148 2.5433 0.33469 29.03468
3.27374 24.00006 2.33472 0.33953 30.07506
3.66297 23.61656 2.49523 0.38155 29.87359
3.76891 23.40526 2.64808 0.39908 29.79502
3.51272 23.99006 2.57037 0.43684 29.50598
3.48769 24.06216 2.16764 0.44062 29.85558
3.19515 24.61228 2.38383 0.48023 29.34483
3.32432 24.88083 2.2995 0.53443 28.97791
3.44872 24.39842 2.52621 0.56434 29.07407
3.40966 23.69715 2.44317 0.47873 29.98552
3.37449 23.47551 2.53291 0.46521 30.16941
3.15793 23.09036 2.38844 0.42402 30.95229
3.36507 24.53566 2.28575 0.44858 29.38017
3.08276 24.99013 2.26644 0.46772 29.22038
3.5073 24.76784 2.28501 0.40139 29.06212
3.59785 23.96189 2.53533 0.41307 29.51165
3.40019 23.94968 2.81227 0.31805 29.53652
3.85843 24.16628 2.7347 0.36197 28.90409
3.39813 23.93801 2.54537 0.29874 29.83633
3.37168 23.14483 2.29295 0.27388 30.92958
3.24721 24.14785 2.20085 0.26202 30.15767
3.47512 22.97985 2.40827 0.2431 30.90125
3.33729 22.61206 2.7059 0.25655 31.09646
3.17943 24.12199 2.2938 0.28669 30.13268
3.42185 23.58436 2.32483 0.29897 30.38088
3.27946 22.84731 2.45803 0.29584 31.12797
3.22369 22.7218 2.32682 0.28973 31.44383
3.2386 23.76395 2.22368 0.28285 30.4983
3.337 23.77355 2.50375 0.349 30.04675
3.28105 24.37361 2.45008 0.34201 29.56483
3.60356 23.85535 2.36749 0.3215 29.86918
3.68731 24.41006 2.40559 0.29673 29.21616
4.07716 24.36373 2.46109 0.34313 28.77804
3.48632 24.44906 2.62414 0.26262 29.19649
3.33511 23.6719 2.38886 0.26468 30.34997
3.40726 22.9222 2.4639 0.26365 30.95231
3.59145 22.29997 2.3863 0.24263 31.49126
3.63888 23.11736 2.5159 0.27388 30.46583
3.79637 22.42797 2.65569 0.24637 30.88485
3.56158 22.50918 2.46242 0.2496 31.22363
3.62238 23.60328 2.51928 0.30646 29.9573
3.6128 22.65667 2.27691 0.30289 31.15807
3.79714 23.25614 2.51951 0.35948 30.07455
3.20954 23.2903 2.42775 0.35448 30.72274
3.49603 23.28151 2.16686 0.37937 30.68706
3.37369 23.30583 2.48325 0.38121 30.46486
3.61348 23.42146 2.14153 0.42976 30.40296
3.32186 23.16644 2.26525 0.32782 30.92863
3.65559 23.18777 2.82125 0.35661 29.99125
3.87833 22.81621 2.65981 0.32655 30.32893
3.47423 22.74338 2.64886 0.34481 30.7979
3.33264 24.10903 2.55778 0.34392 29.66859
3.90272 24.03806 2.66545 0.3021 29.10745
3.50538 23.45744 2.80029 0.3274 29.92032
3.6267 22.7631 2.72055 0.28945 30.6069
3.59163 22.66078 2.6693 0.30593 30.78012
3.54596 23.33692 2.52746 0.3513 30.24884
3.99113 24.11499 2.76131 0.42435 28.72773
3.62037 23.34211 2.67638 0.35795 30.01884
3.79581 24.5308 2.68585 0.43253 28.57659
3.57051 23.93029 2.28346 0.34312 29.88087
3.49958 24.29976 2.3059 0.43568 29.47193
3.69404 24.12233 2.315 0.42422 29.45412
3.56302 23.51354 2.34635 0.42812 30.15923
3.26741 23.0743 2.42606 0.42381 30.81764
3.33893 24.25045 2.36011 0.46293 29.59793
3.67594 23.77418 2.3182 0.43781 29.80583
3.26443 23.9894 2.00673 0.40501 30.34295
3.60535 23.67678 2.40286 0.40884 29.91729
3.86473 24.86035 2.40293 0.33627 28.55045
3.59756 24.3072 2.33341 0.29803 29.47787
3.2741 24.97822 2.20458 0.37364 29.18103
3.73508 24.44402 2.44654 0.42063 28.9672
3.47427 24.50948 2.41882 0.38824 29.22315
3.3181 23.18753 2.29971 0.28213 30.91748
3.23917 23.93448 2.5785 0.37211 29.89033
3.59645 23.47565 2.5782 0.42238 29.94071
3.31943 24.10618 2.65921 0.38472 29.5373
3.32446 24.30198 2.59179 0.43043 29.35901
3.71148 24.59638 2.75494 0.45548 28.49254
4.36119 23.78659 2.93264 0.47502 28.45891
4.06342 23.6574 2.95088 0.4538 28.88693
3.52163 24.10626 2.54737 0.43651 29.40279
3.89702 24.55766 2.7611 0.44029 28.36562
3.73994 23.40215 2.9084 0.35124 29.61295
3.42435 23.65661 2.77929 0.36758 29.78629
3.51145 24.42066 2.59893 0.39183 29.0971
4.05079 24.1904 2.48265 0.42167 28.87559
3.51342 23.19346 2.76497 0.38755 30.15804
3.75525 23.54141 2.58971 0.39415 29.73487
3.37387 23.21041 2.52993 0.35159 30.54753
3.56666 23.85846 2.41397 0.37479 29.80048
3.37535 23.78614 2.31746 0.32655 30.20643
3.65954 24.57633 2.6024 0.39231 28.78907
3.58252 24.44849 2.24684 0.3734 29.3683
3.33375 24.26763 2.19722 0.40389 29.809
3.39535 24.00536 2.4106 0.36195 29.83775
3.57781 23.48354 2.64445 0.3322 29.97788
3.58585 23.68682 2.53172 0.31883 29.8879
3.53001 23.27142 2.37887 0.335 30.494
3.4495 22.55969 2.3984 0.28272 31.31773
3.47102 24.26573 2.53541 0.28449 29.45628
3.58611 22.87828 2.62031 0.24916 30.67206
3.45971 23.36963 2.65712 0.32489 30.19802
3.96575 22.83954 2.94945 0.27736 29.97933
3.62417 24.06922 2.89934 0.24245 29.17751
3.5727 23.8107 2.82964 0.26694 29.53172
3.34104 23.47063 2.55491 0.2388 30.40417
3.87081 24.31908 2.5156 0.31734 29.0007
3.77839 24.16868 2.62778 0.33378 29.10702
3.87941 23.46636 2.9121 0.37191 29.38928
3.57335 23.92799 2.87162 0.40262 29.25034
3.4974 22.18649 2.91192 0.38167 31.03466
4.07522 22.65735 2.72155 0.41954 30.14578
3.90713 23.0514 2.7051 0.48232 29.87614
4.05813 23.23967 2.41609 0.42039 29.88806
3.80537 23.47928 2.57072 0.40909 29.75422
3.91685 24.04203 2.36164 0.45564 29.2464
3.59772 23.96614 2.31642 0.43213 29.70598
3.48669 23.45135 2.34262 0.42833 30.30314
3.25391 24.03397 2.47928 0.48508 29.76522
3.36142 24.31635 2.60282 0.50711 29.22758
3.60924 24.18617 2.7426 0.57349 28.90474
3.308 23.93271 2.68062 0.52852 29.5636
3.40949 24.10579 2.92757 0.46891 29.1048
3.78962 23.69957 2.74237 0.44122 29.34135
3.73156 24.28747 2.65548 0.58423 28.76738
3.59041 23.59751 2.25331 0.523 30.0524
3.29668 25.01905 2.23181 0.58337 28.8852
3.91441 24.1627 2.32353 0.57671 29.03471
3.72616 23.96029 2.55325 0.55708 29.22096
3.65028 23.8928 2.35672 0.5324 29.58046
3.88165 22.60228 2.44683 0.47729 30.60212
4.0637 24.24237 2.61206 0.52733 28.56811
3.75058 22.71802 2.52419 0.49054 30.52429
3.56517 24.56531 2.43061 0.51931 28.93436
4.09649 23.67071 2.41994 0.45052 29.37803
3.72281 23.56105 2.30715 0.44153 29.988
4.00645 24.47941 2.44625 0.45155 28.65195
4.0087 24.16686 2.54552 0.39904 28.91201
3.62264 23.91584 1.99407 0.3987 30.08652
3.28951 24.39886 2.2432 0.44453 29.63904
3.2723 24.43989 2.30784 0.48693 29.51596
3.72417 24.48803 2.37999 0.45286 28.97483
3.68429 24.03546 2.5462 0.52438 29.22655
3.48393 24.80114 2.57111 0.50481 28.6541
3.46738 24.05015 2.34595 0.55692 29.60471
3.94437 23.7225 2.63306 0.66498 29.07088
3.49454 23.86244 2.29941 0.69482 29.67681
3.95495 23.1481 2.65606 0.63151 29.63855
3.82317 24.32527 2.50126 0.62701 28.74833
3.7441 24.23449 2.69984 0.49888 28.87486
3.48341 24.13549 2.71142 0.48365 29.22094
3.85153 24.01686 2.65338 0.44861 29.06742
4.29257 23.10939 2.46369 0.4392 29.72478
4.66031 22.64042 2.72132 0.5145 29.51608
4.02953 22.81695 2.72721 0.56655 29.9233
3.66055 23.34536 2.68526 0.53476 29.82644
3.36753 24.35302 2.61088 0.48586 29.21878
3.37751 24.0832 2.48397 0.45164 29.64096
3.50287 24.30604 2.34469 0.49245 29.38762
3.87647 23.89541 2.498 0.47125 29.29257
3.83715 23.26003 2.55694 0.46102 29.91524
3.88523 24.01217 2.60506 0.53591 28.99641
3.90964 23.62645 2.95301 0.54896 28.99464
3.92909 23.78796 2.82007 0.54373 28.96469
3.91064 24.36626 2.74367 0.55745 28.47247
3.68743 23.72819 2.39834 0.57925 29.64748
3.9656 23.28064 2.82165 0.62168 29.35655
3.82387 23.47868 2.67321 0.62762 29.44555
3.1833 23.34866 2.38693 0.54173 30.58129
3.29709 24.22777 2.43207 0.51266 29.57441
3.29405 23.43689 2.35589 0.39735 30.54118
3.37976 24.24873 2.2593 0.48658 29.66436
3.76386 23.66414 2.61316 0.46618 29.53547
4.28958 23.31253 2.67387 0.489 29.28383
3.48244 22.97006 2.68371 0.36248 30.51747
3.38803 22.67899 2.62827 0.3702 30.94878
3.32295 23.44971 2.61208 0.41222 30.21573
3.41202 23.32373 2.82654 0.42736 30.02535
3.57906 24.29776 3.14369 0.52577 28.47676
3.69957 23.85436 2.71657 0.48132 29.27182
3.59734 23.92693 2.58521 0.52995 29.38608
3.9971 22.79189 2.84091 0.48908 29.91098
3.46458 23.50775 2.76235 0.54429 29.75351
3.60635 23.84602 2.71182 0.56307 29.31976
3.73462 23.62126 2.75072 0.48885 29.44927
3.90823 23.84506 2.6034 0.42529 29.24486
3.62748 23.03058 2.51094 0.43488 30.42079
3.82148 23.46349 2.41435 0.48988 29.84117
3.98909 22.97949 2.71026 0.54403 29.81352
4.01675 22.99837 2.61644 0.5228 29.88522
3.79717 22.26643 2.84273 0.52253 30.60042
3.70185 23.3011 2.9234 0.56764 29.55359
3.76471 23.2677 2.86099 0.48146 29.66709
3.52867 23.85988 2.4994 0.45534 29.7112
3.62719 25.32551 2.50741 0.57542 28.03027
3.48592 24.38028 2.43616 0.48985 29.241
3.53372 24.46357 2.29828 0.49274 29.23852
3.68381 24.17647 2.38364 0.43117 29.35448
3.93172 23.59763 2.39426 0.37171 29.73312
3.84086 24.29611 2.59978 0.45187 28.85324
3.56434 24.49668 2.23526 0.53712 29.21522
3.51777 23.69608 2.49282 0.50709 29.81764
3.62441 23.77939 2.55847 0.43994 29.63178
3.66881 23.83899 2.69886 0.40835 29.41721
3.66695 23.74769 2.54693 0.37688 29.68089
3.472 23.67629 2.59237 0.32479 29.94881
3.65558 22.41889 2.74831 0.38807 30.80884
3.50095 23.83131 2.46077 0.41696 29.81186
3.39108 23.90939 2.2357 0.47322 30.01887
3.42106 24.10716 2.68831 0.49341 29.32087
3.16624 23.98821 2.64515 0.48573 29.7416
3.02634 23.63485 2.3386 0.40925 30.60297
3.11421 23.99364 2.46908 0.44069 29.99918
3.25526 23.36698 2.58254 0.39415 30.41563
3.8392 23.39144 2.44513 0.51462 29.83637
3.71026 23.7258 2.93646 0.52122 29.13219
3.66473 24.07052 2.47905 0.4641 29.3478
3.24853 24.02206 2.4089 0.40597 29.936
3.25011 23.41861 2.77134 0.41379 30.17
3.82569 24.20428 2.4965 0.52734 28.99269
3.44378 24.51833 2.42421 0.49515 29.16624
3.5081 23.20121 2.61656 0.40569 30.28963
3.76412 23.55868 2.73504 0.51256 29.47858
3.76517 24.51782 2.50225 0.50621 28.74895
3.99931 24.49168 2.53773 0.65553 28.38386
3.47801 24.22843 2.69106 0.58165 29.06584
3.74695 23.84572 3.12784 0.57521 28.73627
3.38539 24.2835 2.50322 0.56515 29.30039
3.20879 24.11463 2.37458 0.62553 29.7409
3.77759 23.87954 2.65159 0.72266 29.06402
3.61677 24.61438 2.79042 0.63679 28.41556
3.49438 24.35699 2.56584 0.62242 29.02408
3.59737 23.66052 2.62495 0.6027 29.55739
3.74295 23.83661 2.7059 0.73291 29.05136
3.71683 23.83302 2.56195 0.63837 29.28466
3.27899 24.26193 2.82252 0.65356 29.03537
3.52124 23.69904 2.40788 0.60987 29.80248
3.32199 23.52228 2.65083 0.63737 29.92138
3.42269 23.76399 2.56171 0.71875 29.58352
3.53325 22.90545 2.62231 0.56887 30.42507
3.4132 23.3913 2.40141 0.58438 30.24887
3.41997 24.58305 2.48307 0.54069 29.0027
3.48034 24.33376 2.43351 0.56563 29.21736
3.57736 24.2958 2.62308 0.50688 29.021
3.79794 23.40186 2.69067 0.47825 29.65143
3.56119 24.56357 2.54473 0.52194 28.83303
3.73178 24.35367 2.40789 0.58315 28.95937
3.7352 24.37861 2.57585 0.56312 28.77009
3.64966 25.02578 2.5156 0.63976 28.19107
3.36725 25.13535 2.68599 0.69699 28.15705
3.53304 23.64045 2.57648 0.56603 29.71251
3.79542 22.95758 2.8272 0.70484 29.75889
3.59613 23.4808 2.95316 0.70925 29.32274
4.2311 23.73674 2.85609 0.74491 28.49566
3.96458 23.02778 2.75064 0.60093 29.70935
3.49705 23.75079 2.49665 0.47632 29.8097
3.47582 23.28231 2.46612 0.42802 30.37794
3.41327 23.52664 2.60683 0.44697 30.03861
3.31263 23.52402 2.62393 0.58873 30.00488
3.77842 24.09201 2.63291 0.59976 28.93668
3.50385 23.09883 2.70105 0.63013 30.12187
3.43245 23.16792 2.66925 0.54558 30.21648
3.42109 23.60936 2.53523 0.48619 29.98606
3.47727 22.93524 2.51474 0.44959 30.65002
3.93645 23.5351 2.84041 0.59474 29.12656
3.57204 22.86799 2.6289 0.49357 30.46578
3.80006 23.06868 2.55367 0.44503 30.1562
3.27007 23.62876 2.55254 0.5082 30.06812
3.55084 24.0091 2.61376 0.50906 29.35465
3.35326 24.18125 2.59521 0.48617 29.40922
3.6644 24.33618 2.45628 0.45166 29.11355
3.8025 23.92712 2.46951 0.44237 29.38183
3.23815 23.8402 2.22137 0.42319 30.29905
3.24779 23.97342 2.33534 0.43196 30.02678
3.22581 23.40768 2.30861 0.41693 30.65949
3.30944 24.03816 2.43415 0.54102 29.70427
3.3661 23.07188 2.31357 0.51498 30.75478
3.8611 23.39801 2.45739 0.65486 29.66187
3.77097 22.88383 2.49687 0.57956 30.30809
3.56807 23.0905 2.35822 0.49225 30.52171
3.54835 23.95277 2.01235 0.59245 29.94607
3.192 23.96554 2.08569 0.5976 30.20841
3.29557 24.50511 2.44824 0.549 29.25576
3.67189 24.26027 2.80915 0.6274 28.68641
3.39114 23.80372 2.62897 0.66899 29.58152
3.4463 22.74683 2.94349 0.49883 30.39674
4.02393 24.88623 3.1756 0.72902 27.28099
3.71917 25.19182 2.67859 0.65461 27.84408
3.42352 23.61515 2.5246 0.45197 30.02654
3.38874 24.06999 2.45146 0.36208 29.76236
3.74276 23.46836 2.53408 0.36548 29.92553
3.51159 24.94177 2.35479 0.38356 28.84098
3.67361 24.08091 2.58083 0.35733 29.32918
3.72616 23.32472 2.71661 0.48248 29.79169
3.4764 24.29031 2.56589 0.42273 29.27661
3.58557 24.20462 2.63534 0.53701 29.08607
3.48181 23.05186 2.74174 0.43496 30.32574
3.3841 23.32369 2.36101 0.52408 30.44804
3.69928 24.82044 2.46788 0.73722 28.37673
3.26309 24.79944 2.4934 0.57158 28.93055
3.81065 24.93279 2.40956 0.59995 28.31072
3.4409 25.17039 2.4383 0.6337 28.39859
3.27013 25.54748 2.33732 0.63189 28.27831
3.65252 25.13856 2.60113 0.59755 28.08256
3.70514 25.13862 2.51926 0.55616 28.13736
3.46689 25.08103 2.26082 0.55355 28.68969
3.54109 24.22078 2.87654 0.59399 28.82017
3.7663 24.41129 2.57932 0.57754 28.70006
3.62682 23.00451 2.64818 0.55647 30.20637
3.39092 23.31537 2.53803 0.54113 30.26361
3.45516 24.52585 2.14739 0.61935 29.31513
3.59963 23.2103 2.79558 0.66627 29.80559
3.75655 24.09132 2.55328 0.71282 28.98275
3.63466 23.70602 2.50699 0.70014 29.5209
3.61758 23.76783 2.75734 0.6172 29.29713
3.87237 23.32998 2.88964 0.55417 29.40658
3.96532 23.64211 2.72456 0.63446 29.09707
4.11836 23.47259 3.07743 0.62016 28.76153
4.1847 23.72019 2.94329 0.62782 28.59076
3.56146 23.73739 2.57824 0.49435 29.66132
4.09417 23.50651 2.76009 0.62647 29.06039
3.37831 23.3159 2.57816 0.58087 30.19527
3.89282 23.7622 2.77156 0.58359 29.04354
3.68829 24.08659 2.54589 0.50302 29.20335
3.61688 23.39158 2.49142 0.5478 29.99364
2.98945 24.31858 2.26027 0.55834 29.91337
3.5239 23.90402 2.48854 0.55427 29.58106
3.38296 24.67816 2.72957 0.51752 28.7554
3.15468 23.37494 2.43943 0.36723 30.68418
2.97326 24.08746 2.50398 0.42672 30.02933
3.349 23.61747 2.65791 0.44236 29.96146
3.37992 23.36711 2.51994 0.49919 30.27366
3.25939 23.24849 2.47526 0.44743 30.5936
3.62461 23.7693 2.25051 0.42755 29.95594
3.80388 23.94846 2.44579 0.50171 29.34368
3.18908 23.80478 2.60907 0.40282 30.01988
3.71792 23.78257 2.45754 0.55066 29.54316
3.7143 23.61692 2.84185 0.50439 29.35618
3.4905 23.99491 2.60318 0.44521 29.49211
3.4119 23.88251 3.09367 0.38876 29.25802
3.79676 24.87301 3.14819 0.49397 27.73697
3.70689 23.26846 2.90388 0.41008 29.73611
3.84673 23.42047 2.79903 0.47157 29.49254
3.56334 24.43591 2.57729 0.41116 29.05229
3.56898 24.12071 2.41065 0.33254 29.60004
3.52248 23.55625 2.60752 0.34256 29.99541
3.55822 23.00897 2.79324 0.36664 30.30286
3.40176 24.44455 2.5731 0.42049 29.19173
3.99806 24.25373 2.76753 0.4197 28.60201
3.75308 23.70489 2.58848 0.40223 29.58085
3.46719 23.55269 2.6837 0.37652 29.93581
3.33814 24.06475 2.53253 0.38796 29.69738
3.60507 24.06803 2.58402 0.41185 29.36153
3.43797 24.11446 2.60414 0.37346 29.50476
3.5292 24.37074 2.61559 0.37188 29.14616
3.59818 24.71912 2.57581 0.45253 28.70872
3.58352 24.36227 2.69264 0.39986 28.998
3.46916 23.36758 2.61179 0.37936 30.19759
3.95036 23.64272 2.83504 0.49569 29.13441
3.72948 23.60518 2.72561 0.4945 29.48083
3.7828 23.9931 2.86335 0.4639 28.93754
3.32436 23.54439 2.58496 0.37125 30.20512
3.53213 23.48022 2.53184 0.37552 30.10387
3.43785 23.7627 2.74175 0.37344 29.7119
3.47827 23.82623 2.3769 0.37963 29.95466
3.75785 24.67404 2.44625 0.38329 28.76608
3.88902 24.88113 2.54547 0.40782 28.30611
3.52045 23.29956 2.50112 0.32499 30.37341
3.76377 23.81089 2.54334 0.38773 29.52969
3.85807 24.19712 2.73772 0.48084 28.79634
4.25004 24.10703 2.60308 0.41095 28.67582
3.68464 24.57844 2.43229 0.4308 28.93178
3.66599 24.0246 2.49443 0.39471 29.45241
3.65215 24.58563 2.42533 0.46661 28.90594
3.33198 23.42787 2.47528 0.41213 30.37417
3.5332 22.21625 2.56132 0.37719 31.32195
3.61228 23.52718 2.78744 0.50133 29.60178
4.0579 22.80154 2.75663 0.50524 29.9144
3.6923 23.42473 2.38005 0.58572 29.96719
3.52267 23.52738 2.6544 0.52089 29.80681
3.6075 23.46302 2.5915 0.47364 29.8959
3.50042 23.33721 2.53735 0.50276 30.1504
3.67277 24.0002 2.59663 0.56682 29.19756
3.81149 24.09412 2.43753 0.57332 29.13031
3.36865 25.10959 2.49016 0.55007 28.51753
3.57112 24.4404 2.71161 0.55745 28.76224
3.82421 23.6006 2.4654 0.50855 29.62854
3.50116 23.65623 2.45607 0.49681 29.92536
3.79552 23.41992 2.73384 0.59555 29.49797
3.49583 24.5444 2.86901 0.66945 28.47706
3.39552 23.92537 2.49419 0.61812 29.59389
3.38041 23.88836 2.67976 0.544 29.52828
3.24254 23.68507 2.70059 0.49187 29.90638
3.4554 23.05635 2.72879 0.51983 30.26557
3.26422 22.96292 2.44193 0.50046 30.84934
3.44831 23.08627 2.39433 0.49982 30.59518
3.50183 22.70661 2.40806 0.44032 30.96127
3.33963 24.12907 2.41463 0.47865 29.67326
3.49257 23.81425 2.30701 0.33392 30.06925
3.50755 23.87186 2.62826 0.45953 29.55995
3.62585 25.03912 2.58049 0.42178 28.3607
3.36878 23.51551 2.69953 0.42628 30.00949
3.20476 23.5838 2.48137 0.40194 30.34381
3.35007 23.40337 2.38027 0.3559 30.52793
3.62326 24.02295 2.64892 0.39967 29.32676
3.50544 22.74069 2.75212 0.35261 30.6618
3.80474 23.04389 2.8568 0.42662 29.88933
3.68067 23.29228 2.8407 0.44631 29.7621
3.71966 24.40212 2.6456 0.45773 28.79813
3.67728 24.14673 2.77589 0.39561 29.02536
3.81754 23.67338 2.84441 0.40048 29.28722
3.79626 23.55501 2.51382 0.40668 29.74562
3.71362 24.16246 2.424 0.38128 29.33625
3.53929 24.74392 2.40612 0.40107 28.92777
3.39166 24.32198 2.44096 0.44166 29.42035
3.39701 23.70307 2.58673 0.41496 29.91384
3.73228 23.74568 2.62888 0.37378 29.53765
3.86497 24.00974 2.75306 0.40943 28.98265
3.89418 23.56975 2.83376 0.40649 29.32012
3.80826 24.37696 2.69615 0.4336 28.7209
4.06609 23.69307 2.89519 0.42163 28.96696
3.68714 24.12719 2.63604 0.48908 29.09279
3.63884 23.88601 2.52162 0.49944 29.48819
3.50198 23.87353 2.61038 0.53205 29.51848
3.58081 23.68713 2.92529 0.42202 29.41344
3.63989 24.09009 2.87445 0.44189 28.97843
4.09283 23.94717 2.6449 0.3915 28.94217
3.72883 24.11443 2.62244 0.42589 29.13545
3.86547 23.50999 2.31536 0.43116 29.91516
3.56025 23.91291 2.40964 0.44993 29.687
3.67851 24.41303 2.64723 0.52337 28.77153
3.70788 23.45284 2.5579 0.5134 29.79709
3.39326 23.78032 2.44536 0.48241 29.9194
3.68062 23.25388 2.69888 0.46005 29.92173
3.7979 23.74763 2.71483 0.50942 29.25877
3.49269 22.5215 2.56895 0.45935 30.97195
3.4999 24.18244 2.74615 0.55668 29.04622
3.88841 24.34784 2.42227 0.47994 28.90663
3.80297 23.22221 2.3011 0.44818 30.25151
3.82535 23.20238 2.58747 0.46587 29.95425
3.60855 23.70188 2.59486 0.45046 29.67084
3.49524 23.16993 2.28704 0.43818 30.63506
3.69815 23.31353 2.66108 0.40602 29.94512
3.71459 23.53869 2.55913 0.39648 29.80914
3.29221 23.90429 2.4963 0.40956 29.91707
3.53525 23.79444 2.61722 0.46569 29.61343
3.91878 23.04287 3.02425 0.39977 29.64224
3.97489 23.61597 3.00208 0.40467 29.04235
3.83836 22.95065 2.80103 0.37593 30.0615
3.51974 22.70268 2.7318 0.40255 30.66374
3.49525 23.72215 2.21187 0.44424 30.15336
3.58799 24.00188 2.45002 0.53719 29.44817
3.46523 23.99846 2.53127 0.58112 29.45089
3.71928 23.91834 2.62705 0.53811 29.22967
3.49536 24.38468 2.2823 0.48862 29.37626
3.51523 24.26363 2.19433 0.43698 29.61672
3.81449 24.244 2.18839 0.47866 29.31026
3.67415 24.20453 2.17535 0.40626 29.56991
4.01936 23.88932 2.42324 0.42379 29.27015
4.16969 24.08247 2.82633 0.45915 28.50588
4.05857 23.8477 2.7668 0.48065 28.87237
3.7967 23.9709 2.54364 0.42716 29.29704
3.72635 23.61544 2.42858 0.43909 29.81487
3.76501 23.91768 2.40612 0.43858 29.50814
3.73389 23.43792 2.41183 0.38485 30.06366
3.88581 23.79816 2.63496 0.37291 29.34074
3.8078 22.96394 2.616 0.41815 30.23751
3.80422 23.74392 2.62767 0.38938 29.48432
4.12358 23.34043 2.74279 0.36934 29.47251
3.61964 22.9476 2.53495 0.33536 30.59312
3.6728 23.15139 2.71242 0.36042 30.12796
3.79862 24.25908 2.74739 0.37546 28.85199
3.57504 23.82345 2.97535 0.36593 29.29533
3.64528 24.34929 2.76875 0.46463 28.81344
4.09386 24.6018 2.65194 0.48067 28.21622
3.91165 23.73385 2.72116 0.48606 29.16882
3.92792 24.17335 2.54438 0.50653 28.87704
4.06526 23.6234 2.41041 0.46376 29.46205
4.03922 23.15636 2.80601 0.49448 29.53562
3.60701 23.21768 2.51842 0.44111 30.23777
3.67353 23.55874 2.81008 0.48276 29.50295
3.80005 23.05535 2.65256 0.41631 30.0989
3.45631 24.22395 2.50197 0.48804 29.36409
3.63425 23.27594 2.92561 0.49876 29.70019
3.6446 23.65732 3.06871 0.46393 29.20164
3.50471 23.70317 2.77519 0.47325 29.56921
3.51379 23.20998 2.49628 0.4196 30.39006
4.03553 23.11649 2.81627 0.40096 29.6635
4.07529 23.89677 3.15269 0.50185 28.41942
3.83923 23.6031 2.95164 0.49466 29.15794
3.59668 23.81615 2.75519 0.54019 29.32939
3.56259 24.0784 2.91921 0.50162 28.97161
3.63128 24.29325 2.91209 0.55744 28.65652
3.48949 23.28169 2.43608 0.40678 30.41269
3.40943 23.75007 2.70966 0.41062 29.74202
3.30443 23.78718 2.52705 0.3422 30.05252
3.5914 23.09223 2.60791 0.38177 30.33995
3.42632 23.18153 2.62133 0.3081 30.4763
3.84862 23.21169 2.50529 0.34495 30.10737
4.2713 22.50008 2.43442 0.33846 30.47547
4.15173 22.99725 2.52849 0.33822 30.01871
3.19151 24.36373 2.40978 0.42085 29.65084
3.38032 23.72583 2.67492 0.53343 29.73036
3.59629 24.9077 2.50074 0.62509 28.43292
3.76507 24.52392 2.93781 0.54756 28.30613
3.57651 24.88126 2.68409 0.45723 28.45473
3.54251 23.45607 2.99746 0.3436 29.69256
3.72382 23.65398 2.61395 0.32044 29.72913
3.94485 22.3997 2.68471 0.33913 30.65502
3.734 23.26502 2.43352 0.31714 30.26747
3.3195 23.70795 2.29699 0.38834 30.3014
3.43922 23.85217 2.40188 0.50129 29.82616
3.45859 24.59348 2.35634 0.6669 28.96053
3.57951 24.09415 2.24851 0.64976 29.46484
3.53526 22.83252 2.33237 0.51875 30.80061
3.54556 24.15961 2.4987 0.60648 29.22808
3.50243 24.4799 2.3401 0.47706 29.22447
3.96294 24.57878 2.362 0.57024 28.55698
3.45525 23.66125 2.59954 0.52093 29.78068
3.4879 23.1887 2.5756 0.4585 30.31152
3.46755 23.64135 2.47182 0.48517 29.96324
3.48716 23.71279 2.5451 0.48875 29.79165
3.82249 23.17379 2.84877 0.54586 29.6541
3.79105 23.96528 2.86684 0.64264 28.79249
3.74893 24.56171 2.71889 0.64793 28.36711
3.96673 24.2736 2.77224 0.60496 28.41524
3.87091 24.03119 2.50191 0.61209 29.01269
3.65434 23.25136 2.46218 0.52796 30.12218
3.69338 23.30489 2.60986 0.59828 29.82017
3.4797 23.77272 2.74006 0.46639 29.55574
3.75349 22.70785 2.72222 0.47459 30.35828
3.50102 23.51549 2.64869 0.45751 29.89266
3.70855 23.37255 2.47838 0.49092 29.97593
3.64193 23.33341 2.38458 0.43509 30.22571
4.05625 23.05726 2.91249 0.41015 29.58077
3.78838 22.91438 2.88308 0.35576 30.07233
3.70083 22.30041 2.70476 0.35979 30.94617
4.10304 22.29828 2.69433 0.50453 30.42674
3.89329 22.91216 2.49651 0.42745 30.28504
3.36858 24.21248 2.47464 0.4246 29.53656
3.57459 23.35535 2.51075 0.39666 30.17421
3.69377 23.83052 2.4925 0.41113 29.59935
3.32887 24.06286 2.46833 0.44091 29.72213
3.65296 23.74216 2.47016 0.44689 29.70509
3.83161 23.84064 2.46745 0.49374 29.38547
3.31555 23.31458 2.40002 0.40921 30.57417
3.64048 24.13846 2.43606 0.44623 29.35972
3.68582 23.47341 2.56131 0.44424 29.86195
3.90271 23.81724 2.73415 0.40325 29.16463
3.72912 23.096 2.5013 0.45601 30.23525
3.57067 23.58961 2.56336 0.39618 29.89367
3.69777 23.11948 2.94922 0.33974 29.90593
3.79992 23.78299 2.7471 0.35338 29.33056
3.4722 23.25334 2.8183 0.31099 30.15536
3.71591 22.91019 2.82046 0.3415 30.22584
3.3966 22.45187 2.48332 0.32344 31.35218
3.88064 22.75681 2.84631 0.3601 30.16619
3.62044 23.35156 2.84487 0.32107 29.87892
3.43507 23.05733 2.5568 0.3384 30.62663
3.43355 25.0668 2.29893 0.40655 28.81656
3.41533 23.54125 2.35751 0.36371 30.3418
3.24675 23.41864 2.47263 0.30033 30.57649
3.75414 22.77474 2.60908 0.32947 30.54972
3.65802 24.30182 2.48847 0.3008 29.26782
3.39255 24.55027 2.569 0.33694 29.16937
3.40041 23.56848 2.6363 0.34652 30.06303
3.51297 23.42417 2.4791 0.28968 30.30997
3.69685 23.05629 2.82522 0.33241 30.10344
3.69831 23.10085 2.7458 0.33534 30.14339
3.6002 23.28632 2.63014 0.3425 30.15711
3.80862 23.50072 2.64971 0.37736 29.6757
3.50574 24.04978 2.65397 0.39427 29.40808
3.74614 23.76893 2.79582 0.47127 29.24194
3.80806 24.47296 2.76004 0.50985 28.47319
3.52809 23.97398 2.74261 0.54253 29.24283
3.53764 24.91622 2.44329 0.54127 28.59358
3.4598 24.08818 2.41533 0.47972 29.58292
3.56238 25.02853 2.28433 0.52143 28.62498
3.39387 24.63508 2.40269 0.40195 29.18752
3.59936 23.01421 2.41268 0.32446 30.66885
3.51568 24.01593 2.35769 0.44413 29.6901
3.36238 23.37891 2.34759 0.39322 30.54033
3.10676 24.10646 2.36347 0.41699 30.02901
3.40151 24.2427 2.42756 0.41499 29.54125
3.59427 25.07086 2.39694 0.61255 28.3891
3.96414 23.88781 2.43962 0.51009 29.23954
3.56289 24.17087 2.48044 0.36106 29.44912
3.71426 23.29243 2.61204 0.34371 30.06723
3.96598 24.05668 2.66239 0.40179 28.95852
3.96901 23.58219 2.21251 0.34346 29.9197
3.76587 23.02577 2.44701 0.31541 30.46648
3.68844 23.6773 2.60359 0.4686 29.58727
3.79215 23.55972 2.60629 0.44168 29.62128
3.50828 23.69452 2.5603 0.40152 29.84923
3.62069 24.52687 2.62869 0.48095 28.7742
3.51373 24.03247 2.71353 0.40134 29.35955
3.33496 24.35067 2.31563 0.42896 29.5963
2.97478 23.58456 2.16824 0.42378 30.86933
3.41268 23.63188 2.37167 0.4286 30.17274
3.59115 23.75697 2.27878 0.38707 30.00199
3.23303 24.10641 2.19066 0.38393 30.09924
3.14533 25.2268 2.1056 0.39184 29.1473
3.14394 24.24884 2.16321 0.38268 30.07016
3.35316 24.37913 2.33301 0.41001 29.53607
3.19906 24.60154 2.4181 0.40374 29.39753
3.2688 24.28356 3.00519 0.43509 29.03429
3.6896 23.45495 2.85731 0.44792 29.56641
3.33587 23.47651 2.57789 0.4638 30.16447
3.16088 23.63881 2.36403 0.4568 30.3997
3.85097 24.43012 2.87668 0.5196 28.36866
3.75489 24.46337 2.47606 0.59393 28.75512
3.82835 24.6821 2.54057 0.56806 28.41741
3.43346 24.98756 2.87421 0.59459 28.14269
3.86929 23.88101 2.77715 0.57018 28.93155
3.93936 24.36389 2.80013 0.57869 28.34279
3.93511 23.71864 2.8033 0.41618 29.1436
3.99848 23.29375 2.86141 0.44113 29.41844
3.97189 22.78432 2.83592 0.3691 30.04969
3.92569 22.36256 2.9142 0.38614 30.42699
3.97495 22.87832 3.00046 0.45944 29.70955
4.03531 24.04475 2.83591 0.51963 28.60862
3.96704 24.22988 2.98433 0.50898 28.35004
3.84972 23.89022 2.63213 0.51676 29.15773
3.82866 25.2214 2.48886 0.50984 27.99923
3.73239 24.96592 2.87178 0.5749 27.89672
3.7776 24.82425 2.62402 0.50602 28.30471
4.01586 24.76348 2.3501 0.45563 28.4416
3.71199 24.42513 2.48912 0.40069 28.98742
4.07885 23.83072 2.47679 0.42015 29.21298
3.91592 24.28624 2.57969 0.46886 28.77668
3.65345 24.67653 2.40977 0.4626 28.81993
3.67269 24.65814 2.52569 0.51294 28.65298
3.61297 23.47021 2.46556 0.43433 30.03178
3.87169 23.68282 2.96186 0.47876 29.02083
4.09611 22.80614 2.90221 0.42256 29.78746
3.43199 24.3247 3.05083 0.45297 28.75642
3.10891 24.74757 2.64546 0.39695 29.11888
3.12409 23.6802 2.52295 0.37738 30.30676
3.40397 23.81126 2.73065 0.43952 29.62984
3.4071 24.00702 2.50608 0.48184 29.6098
3.67277 24.29357 2.38566 0.50325 29.16271
3.47312 23.44742 2.27604 0.45424 30.36193
3.50048 23.56103 2.35901 0.44832 30.14463
3.67579 23.77283 2.48866 0.43405 29.64671
3.72833 24.11589 2.39168 0.50184 29.28
3.86606 24.37339 2.7675 0.49084 28.52488
3.85613 23.1346 2.58508 0.42021 30.01297
3.73377 23.72171 2.66615 0.4503 29.4439
3.33483 23.72992 2.47949 0.38784 30.08064
