"V1" "V2" "V3" "V4" "V5"
4.3417 25.20225 1.04755 0.51643 28.96281
4.39465 25.14057 1.0511 0.46074 29.018
4.39617 25.31086 1.06648 0.47801 28.80563
4.13954 25.08638 1.00892 0.51186 29.30474
4.04006 25.07328 1.02378 0.51265 29.41861
4.37172 25.19448 1.07829 0.48879 28.93116
4.28983 25.10588 1.10228 0.56316 29.02373
4.01706 24.68418 1.07992 0.52626 29.76787
3.96884 25.02615 1.0682 0.48133 29.51668
4.13045 25.1366 1.10125 0.50809 29.19088
4.17187 24.91386 1.14652 0.49442 29.34356
4.48796 24.53525 1.19225 0.48064 29.36482
4.15399 24.78227 1.15811 0.41903 29.53313
4.3976 25.32014 1.11625 0.48975 28.73471
4.41907 25.04249 1.1093 0.49057 29.00844
4.47524 25.05368 1.09645 0.59552 28.89441
4.14842 25.14852 1.14365 0.54211 29.10136
4.25682 25.23945 1.15773 0.55744 28.85597
4.07104 25.17921 1.1437 0.53682 29.13259
3.93494 25.07994 1.06695 0.54008 29.45325
4.13659 25.21438 1.13252 0.52274 29.0811
4.08623 25.01006 1.17504 0.44377 29.33843
4.07557 25.23957 1.21508 0.52172 29.02044
4.28153 25.39093 1.18078 0.53604 28.69065
4.17005 25.04595 1.20652 0.49785 29.15823
4.08193 24.74704 1.09552 0.41199 29.71061
4.26778 24.90251 1.17791 0.42786 29.26692
4.34606 25.09914 1.19304 0.46168 28.98233
4.27231 24.88418 1.09735 0.50168 29.30625
4.21978 24.82316 1.13649 0.46738 29.41785
4.17617 25.16785 1.08793 0.46339 29.16039
4.10023 25.06706 1.04814 0.4876 29.36057
4.1267 25.25088 1.13946 0.50122 29.04778
4.34282 25.47026 1.13777 0.45395 28.65807
4.14931 25.10486 1.11864 0.40387 29.26103
4.13876 25.14797 1.1558 0.40547 29.19487
4.25014 25.07353 1.17684 0.46999 29.08693
4.11927 25.22166 1.18798 0.52282 29.01725
4.23001 25.0634 1.14284 0.49355 29.1383
4.23345 25.16162 1.13128 0.54044 28.99988
4.11155 25.43969 1.10147 0.51503 28.88895
4.27233 25.32677 1.14486 0.47901 28.83341
4.00026 25.29852 1.07556 0.51537 29.15687
4.10627 25.43116 1.09087 0.5675 28.85818
4.28665 25.65675 1.03775 0.54983 28.52375
4.04965 25.2371 1.03429 0.48101 29.23889
4.28928 25.24048 1.12699 0.5142 28.87971
4.21267 25.38422 1.13533 0.46051 28.85507
4.13786 25.41714 1.1357 0.43459 28.9203
4.17762 25.04459 1.14076 0.4866 29.1935
4.01866 24.98746 1.07619 0.42622 29.51324
3.92051 25.60722 1.08487 0.40681 29.00739
3.96598 25.06365 1.10284 0.47005 29.44027
4.06117 25.78172 1.04131 0.54318 28.62276
3.97079 25.37761 1.04262 0.53021 29.12552
3.97996 25.47534 1.1212 0.50818 28.96946
4.11988 24.62597 1.12298 0.50513 29.6828
4.02484 25.01976 1.14742 0.50992 29.34628
4.03431 25.20532 1.1439 0.44764 29.21554
3.91679 25.20988 1.06136 0.42655 29.4164
3.99764 25.29936 1.07378 0.44591 29.22478
4.22739 24.92308 1.13954 0.44281 29.31316
4.25693 24.59792 1.10203 0.49974 29.59743
4.1814 24.88236 1.10551 0.5086 29.37909
4.22274 24.69074 1.10226 0.49062 29.54434
4.45331 24.8602 1.11406 0.51129 29.12042
4.47299 24.65037 1.16092 0.51025 29.26439
4.5383 24.88163 1.17688 0.61311 28.87877
4.32736 24.94349 1.22825 0.54035 29.024
4.34451 24.93218 1.22253 0.48817 29.05855
4.26234 24.8132 1.18129 0.58816 29.22878
4.05623 24.71955 1.20247 0.54418 29.54683
4.40083 24.50177 1.1847 0.50503 29.4619
4.03949 25.00757 1.12446 0.46228 29.41236
4.02617 25.31619 1.09806 0.45619 29.14855
3.94112 25.17768 1.09241 0.48345 29.37057
3.83176 25.22042 1.07232 0.43313 29.48399
4.04657 24.86651 1.13827 0.44482 29.53839
4.10848 25.02592 1.10306 0.48229 29.31445
4.2605 24.88407 1.12152 0.51967 29.25888
4.02676 25.23806 1.08955 0.52335 29.15596
3.91487 25.78327 1.05448 0.47572 28.80392
4.08433 25.28891 1.08097 0.54059 29.04832
4.01861 25.33291 1.14806 0.52299 29.01869
3.97698 25.38737 1.10307 0.46834 29.09594
3.96343 25.47856 1.14486 0.50621 28.94209
4.04447 25.17716 1.11154 0.5235 29.1925
4.09233 25.17404 1.04565 0.47077 29.26165
4.04485 25.09956 1.11442 0.43581 29.34303
4.09906 25.1841 1.17856 0.48414 29.08853
4.22117 25.12742 1.12654 0.46101 29.09264
4.12381 25.12596 1.04268 0.44675 29.28581
4.244 25.07218 1.12515 0.47202 29.12491
4.18953 25.06964 1.13832 0.44074 29.19214
4.08391 25.19074 1.1036 0.51074 29.16487
4.12367 24.77185 1.11962 0.52367 29.51348
4.08926 24.89898 1.11824 0.54948 29.39475
3.87668 25.16041 1.08785 0.52169 29.4091
3.93831 25.01346 1.06323 0.49314 29.53848
4.12118 25.26984 1.15535 0.53803 28.96108
4.06744 25.63688 1.1453 0.47481 28.70944
4.07301 25.26467 1.09567 0.50998 29.09389
4.00493 25.42153 1.15407 0.53241 28.92181
4.10585 25.04754 1.14532 0.55967 29.18979
4.07947 25.21487 1.13841 0.4523 29.15384
4.01406 24.9975 1.13425 0.50957 29.39543
4.24242 25.18649 1.19903 0.47814 28.9641
4.06504 25.3496 1.12845 0.47321 29.03934
4.04588 25.26485 1.1875 0.52779 29.03658
4.08166 25.13733 1.16122 0.60641 29.11642
4.0013 24.75754 1.20892 0.61633 29.50533
4.04482 24.93064 1.11798 0.58397 29.39806
3.96038 24.65918 1.20053 0.50978 29.72379
4.17799 24.9745 1.20733 0.50782 29.18597
4.13255 25.03901 1.21181 0.44979 29.22032
3.99571 25.18378 1.15606 0.44352 29.27919
3.95633 25.05131 1.09805 0.51011 29.45662
4.17685 25.05731 1.16342 0.49484 29.16846
4.14815 24.91897 1.22211 0.51967 29.25275
4.02786 24.94881 1.21308 0.55636 29.30994
4.03512 25.55922 1.14147 0.5213 28.79313
4.05922 25.18668 1.18323 0.54735 29.07926
4.03182 25.27119 1.18983 0.53977 29.02135
4.13217 25.63713 1.1335 0.61414 28.56393
4.24061 24.88007 1.20973 0.52411 29.20453
4.33619 24.52576 1.20163 0.4732 29.4977
4.0833 24.7564 1.12728 0.4943 29.57698
3.84872 24.99832 1.09207 0.48008 29.61857
4.17188 25.40925 1.16533 0.55535 28.75462
4.10651 25.13094 1.12268 0.52492 29.15644
4.11204 24.92339 1.09839 0.51921 29.39024
3.94042 25.16944 1.09847 0.5179 29.31308
3.91788 25.01867 1.05342 0.47312 29.57084
4.03586 24.89857 1.1555 0.48624 29.46117
4.09251 24.82005 1.13558 0.53607 29.46328
3.91088 24.74359 1.09784 0.50238 29.78238
4.05632 24.8736 1.17952 0.51484 29.41004
3.97613 24.86572 1.17384 0.50088 29.52028
4.08231 24.99043 1.1644 0.46198 29.33307
4.22015 24.81547 1.20636 0.47003 29.32382
4.15233 24.69322 1.17855 0.49054 29.51695
4.18586 25.1539 1.19346 0.55088 28.96354
4.37624 24.9961 1.16894 0.56542 28.9482
4.18852 24.97265 1.16484 0.56541 29.16095
4.02513 25.08804 1.11337 0.52573 29.29332
3.98157 25.22022 1.12132 0.44488 29.26726
4.06175 24.98097 1.13384 0.47134 29.39333
4.02846 25.19293 1.14474 0.50526 29.17433
4.08191 24.82164 1.16274 0.57918 29.42598
4.09967 24.65125 1.12228 0.5185 29.65715
4.20777 25.37879 1.11835 0.50334 28.84144
4.17662 25.13131 1.1473 0.47664 29.10698
4.16455 24.83789 1.20643 0.48156 29.35815
4.08942 25.15385 1.16261 0.4525 29.18689
3.99285 24.83786 1.16409 0.40956 29.62831
4.2494 24.96947 1.15239 0.46264 29.2188
4.27211 25.30769 1.16604 0.43579 28.8654
4.18917 25.59881 1.14604 0.39489 28.70953
4.21456 25.10738 1.1836 0.4871 29.05188
4.28579 25.2457 1.14324 0.51909 28.86462
4.13421 25.52994 1.11782 0.59304 28.70541
4.02977 25.66525 1.08606 0.54183 28.74054
4.14362 25.22419 1.19325 0.55907 28.94622
4.21794 25.12149 1.15773 0.52147 29.05161
4.08497 25.32489 1.14656 0.43824 29.05027
4.06814 25.30093 1.23669 0.49771 28.95895
4.28855 25.07995 1.18363 0.52847 28.98174
4.21876 25.64065 1.16436 0.53566 28.49839
4.08832 25.55704 1.17884 0.48785 28.73213
3.99865 25.32529 1.15854 0.4253 29.11388
4.24367 25.10257 1.2015 0.47544 29.01387
4.22971 24.57093 1.20525 0.42754 29.59616
4.01468 25.13024 1.10204 0.45368 29.32716
4.14232 25.42378 1.14721 0.45907 28.86139
4.12383 25.05766 1.14984 0.48117 29.21004
4.10466 25.39617 1.11058 0.48628 28.93439
4.13675 25.13919 1.14773 0.46139 29.15565
4.33332 25.0419 1.23256 0.4679 28.96022
4.27259 25.10717 1.1088 0.42565 29.12584
4.23761 24.73758 1.17348 0.45744 29.4432
4.17801 24.90111 1.21876 0.51549 29.25342
4.05299 25.52824 1.13061 0.5014 28.84898
4.12794 25.38525 1.1427 0.48348 28.91306
4.16203 25.01562 1.09128 0.4278 29.33661
4.34137 25.46236 1.1468 0.6089 28.51395
4.29624 25.27488 1.16264 0.58944 28.75038
4.00959 25.24471 1.191 0.58015 29.03482
4.06338 25.11361 1.14092 0.49008 29.23562
3.96231 24.94291 1.12327 0.39284 29.59896
4.03503 25.46557 1.18038 0.46817 28.88682
4.11908 25.06907 1.17484 0.47752 29.19312
3.96469 25.2038 1.15965 0.51881 29.19883
4.00065 25.28904 1.16449 0.51024 29.0959
3.9686 25.65728 1.12626 0.51564 28.79641
4.09403 24.8881 1.14298 0.57817 29.35936
4.23392 25.15483 1.18506 0.63849 28.86466
4.14791 24.63672 1.15379 0.58973 29.52704
4.16912 24.93238 1.21581 0.607 29.1499
4.22858 24.88911 1.15463 0.52362 29.26736
4.06616 24.98253 1.11602 0.54367 29.3542
4.32373 24.98267 1.18599 0.58281 29.0047
4.24375 25.08316 1.12728 0.54712 29.06099
4.2108 25.38677 1.20076 0.5287 28.73754
4.21085 24.79577 1.15156 0.49334 29.3898
4.4703 24.89444 1.19409 0.43507 29.0385
4.35999 25.01035 1.21862 0.42865 29.01851
4.18492 25.19129 1.1355 0.45467 29.06943
4.22008 24.93424 1.21455 0.50521 29.18373
4.16135 25.13614 1.12146 0.47264 29.15226
4.00542 25.07346 1.14554 0.42529 29.38418
4.12024 25.15833 1.12639 0.54112 29.10558
4.01471 25.49097 1.10479 0.57291 28.87117
4.06721 25.10913 1.15654 0.71305 29.04631
3.98473 25.02203 1.11166 0.62988 29.30946
4.15477 25.34075 1.10605 0.58317 28.86211
4.201 25.16056 1.14227 0.5031 29.0324
4.28477 25.08562 1.13438 0.51472 29.01681
4.21467 24.86299 1.10566 0.45683 29.39225
4.15632 24.81454 1.09924 0.55612 29.41081
4.01808 25.30738 1.08332 0.5058 29.12122
3.99371 25.20319 1.1147 0.51796 29.21227
3.97887 25.11476 1.14039 0.44199 29.36286
4.06243 24.85867 1.18938 0.47758 29.45431
3.92304 25.36794 1.03111 0.48113 29.23953
4.00454 25.19737 1.09718 0.50694 29.23989
3.97427 25.2347 1.05802 0.5856 29.19552
4.18422 24.92842 1.10549 0.5455 29.28279
4.12299 25.14643 1.05577 0.59509 29.12669
4.09591 25.18546 1.08184 0.48296 29.18574
4.03854 25.25357 1.10638 0.48094 29.14804
4.29758 25.07288 1.19379 0.52917 28.93927
4.30618 24.9966 1.09323 0.4983 29.13821
4.21222 25.25809 1.13329 0.4726 28.96074
4.16306 25.00399 1.15193 0.47318 29.24622
4.20469 25.15772 1.15983 0.50523 29.01729
4.1241 25.19253 1.24034 0.47665 29.00463
4.01103 25.10584 1.16943 0.52154 29.24249
4.04376 25.09283 1.17311 0.51932 29.20568
4.13224 25.11419 1.18461 0.52119 29.08543
4.32764 25.01907 1.15388 0.5137 29.02015
4.13918 24.92707 1.14843 0.49798 29.32291
3.99024 25.23705 1.10253 0.54932 29.16304
4.13048 24.82383 1.11348 0.48023 29.48126
4.2177 25.07285 1.04219 0.44232 29.25695
4.06653 25.07341 1.07825 0.44105 29.38007
4.22351 25.10224 1.1568 0.46889 29.10041
4.11508 25.16897 1.13013 0.52997 29.10731
4.1573 24.80004 1.10468 0.52022 29.47175
4.01793 25.27009 1.05949 0.50145 29.19597
4.13229 25.03955 1.12912 0.52803 29.22393
4.01374 25.69508 1.12636 0.49988 28.72738
4.14415 25.25108 1.10038 0.56378 29.00382
4.24831 25.43482 1.13033 0.49428 28.74523
4.09501 25.17668 1.10499 0.43625 29.23417
4.13257 25.64361 1.10842 0.49886 28.67718
4.11195 25.50529 1.09645 0.4664 28.86254
4.07805 25.32719 1.03634 0.4611 29.1304
4.19211 25.0976 1.06803 0.44848 29.23901
4.17327 24.95372 1.14309 0.47355 29.30221
4.10061 25.20378 1.17418 0.5473 29.03995
4.30258 25.28705 1.14658 0.55672 28.79431
4.35793 25.42335 1.13691 0.54198 28.60599
3.98915 25.15261 1.1568 0.50254 29.24574
4.17736 25.40454 1.18469 0.54251 28.7579
4.33201 25.81041 1.20302 0.59481 28.13832
4.31048 25.02225 1.2558 0.57852 28.91617
4.32597 24.51314 1.19488 0.62951 29.41859
4.11635 24.78143 1.16785 0.61778 29.38872
4.11392 25.39289 1.12079 0.65728 28.78191
4.24934 25.08108 1.19032 0.71684 28.85346
4.25271 25.38256 1.13394 0.71941 28.62127
4.25992 25.22322 1.19193 0.6851 28.75666
4.34077 25.34112 1.14096 0.68575 28.60357
4.29534 25.35091 1.06255 0.72207 28.68382
4.3431 25.45972 1.11478 0.58006 28.55968
4.20689 25.3022 1.11938 0.60798 28.81236
4.34785 25.19073 1.11246 0.65293 28.75479
4.39373 25.29576 1.11218 0.69235 28.58566
4.2035 25.24988 1.16093 0.52361 28.90991
4.31386 25.11033 1.16021 0.51448 28.94003
4.23585 25.19814 1.17553 0.56523 28.87488
4.1903 25.10834 1.15611 0.56522 29.03672
4.15179 24.96791 1.12194 0.50053 29.3014
4.20106 24.69756 1.14889 0.55023 29.45435
4.08851 25.15327 1.14997 0.61272 29.04583
4.04876 24.98459 1.14125 0.53082 29.32845
3.94045 25.01799 1.1534 0.69462 29.25331
4.17513 24.65064 1.0943 0.74631 29.42218
4.10156 24.81367 1.0895 0.68043 29.39702
4.30261 24.82463 1.16146 0.68305 29.12275
4.21947 24.97159 1.11252 0.58915 29.185
4.11341 25.15956 1.04496 0.62198 29.15377
4.10535 25.1114 1.06519 0.59388 29.20725
4.00002 25.2566 1.04939 0.54977 29.20597
4.07268 24.83663 1.08266 0.54881 29.52289
4.03522 25.07068 1.1504 0.6418 29.17597
4.04564 25.28912 1.15441 0.61807 28.95675
4.06141 25.39997 1.16138 0.61934 28.82579
4.31482 24.95493 1.2571 0.59665 28.94582
4.17334 25.33173 1.12695 0.53626 28.87854
4.04113 25.03683 1.11487 0.53322 29.32469
4.09715 25.32769 1.09743 0.54378 28.97865
4.0651 25.32368 1.10682 0.61014 28.94009
4.16492 24.82823 1.14105 0.53935 29.36521
4.02405 25.17516 1.11952 0.62141 29.11036
3.78987 25.05924 1.06838 0.55021 29.56458
3.95062 25.37201 1.07444 0.65174 28.9997
4.13002 25.08954 1.13861 0.65143 29.04052
4.14528 25.19777 1.12788 0.77541 28.85357
4.01679 25.09901 1.14901 0.59773 29.19288
4.24913 24.83748 1.11765 0.61431 29.23269
4.21142 24.80647 1.11742 0.67209 29.25708
4.11874 25.09853 1.1564 0.64643 29.04562
4.04239 24.94782 1.12241 0.5874 29.35076
3.97704 25.05815 1.13853 0.53181 29.33474
3.95895 24.71459 1.10667 0.54827 29.71752
4.07888 25.07664 1.10351 0.534 29.24846
4.12347 24.86417 1.15381 0.62583 29.30022
4.06605 25.00311 1.12593 0.57038 29.27819
4.13094 24.52606 1.13272 0.50115 29.74246
4.2356 24.99384 1.14763 0.65534 29.03637
4.06605 25.01548 1.11623 0.64172 29.20884
4.01312 25.04796 1.08208 0.5374 29.35943
4.15186 25.00696 1.08883 0.51637 29.26901
4.08581 25.17864 1.0778 0.43462 29.25415
4.39637 24.70611 1.1862 0.53999 29.22106
4.25599 24.88242 1.11349 0.50521 29.27884
4.01488 25.28752 1.11314 0.47467 29.13653
4.25893 25.32462 1.14755 0.49408 28.81901
4.13478 25.33638 1.15415 0.48668 28.92825
3.94803 25.11798 1.11969 0.49438 29.36106
4.31599 25.06496 1.13654 0.51829 29.00105
4.21801 25.02405 1.16356 0.54552 29.10075
4.21866 25.34605 1.16998 0.48714 28.82276
4.06846 25.05156 1.18101 0.4212 29.30428
4.15687 25.29745 1.08179 0.41756 29.07922
4.07728 25.17018 1.21481 0.46167 29.12262
4.17599 25.0214 1.19937 0.44458 29.20801
4.23937 24.83702 1.19964 0.45669 29.30824
4.16192 24.87394 1.18765 0.38697 29.41807
4.3744 24.94897 1.21955 0.46477 29.03779
4.28202 25.10423 1.13104 0.35236 29.15873
4.23932 25.5203 1.07631 0.35998 28.84054
4.16291 25.50666 1.13743 0.30389 28.91795
4.05686 25.51401 1.1317 0.34396 28.98022
4.2112 25.5318 1.19804 0.38707 28.69837
4.15054 25.16337 1.12272 0.42319 29.17525
4.28929 25.17329 1.14996 0.47599 28.94684
4.44854 24.92599 1.18547 0.41939 29.06293
4.13041 25.01614 1.19682 0.4118 29.27476
4.11849 24.82096 1.1799 0.41903 29.50696
4.21264 25.09983 1.22734 0.46838 29.05053
4.18312 25.32521 1.2645 0.45101 28.81872
4.0681 25.18497 1.2211 0.41828 29.13646
3.9693 25.51663 1.1181 0.40137 29.02568
3.98141 25.55991 1.13331 0.43946 28.92017
3.93572 25.60852 1.1434 0.47312 28.87271
3.73706 25.55562 1.10632 0.43305 29.18726
4.01068 25.11848 1.14375 0.45168 29.30376
4.21216 24.84254 1.18126 0.43558 29.35697
4.39239 24.53439 1.12782 0.5006 29.48597
4.20134 25.07691 1.08082 0.44988 29.2183
4.31219 24.92516 1.06402 0.51213 29.23048
4.13658 24.93042 1.11725 0.45021 29.40049
4.17175 25.13082 1.19463 0.47502 29.06568
4.22404 25.35932 1.15405 0.42107 28.87704
4.30966 25.15313 1.11796 0.43731 29.02647
4.04995 25.26994 1.13425 0.40885 29.17478
4.04923 25.27406 1.13181 0.46372 29.12397
4.08383 25.18283 1.10105 0.42726 29.23998
4.04355 25.21091 1.12596 0.41118 29.2329
4.22065 25.22665 1.146 0.45713 28.98071
4.20805 25.17254 1.12978 0.41088 29.11313
4.20648 24.93136 1.21074 0.42637 29.25199
4.29153 24.635 1.19391 0.4587 29.45059
4.10625 25.07505 1.15369 0.45422 29.23566
3.96182 25.29634 1.1753 0.40136 29.18549
3.92607 24.86552 1.17686 0.44247 29.61707
3.99207 25.0929 1.14062 0.44108 29.36384
4.24392 25.11032 1.11567 0.45071 29.12394
4.16753 24.99419 1.18601 0.42152 29.26465
4.14698 25.0874 1.1162 0.41671 29.26598
4.37105 24.65575 1.18209 0.36082 29.45809
3.97451 24.91266 1.15326 0.39912 29.58271
4.0178 25.12519 1.1238 0.38347 29.37429
4.178 25.14195 1.15485 0.4413 29.1152
4.05089 24.99726 1.09582 0.36708 29.50955
4.1823 25.30858 1.14494 0.39255 28.99659
4.21716 25.46738 1.10503 0.38615 28.84562
3.95923 25.04599 1.09917 0.40452 29.50809
3.9972 24.81672 1.14518 0.36469 29.69113
4.10256 24.99604 1.08404 0.37855 29.45242
4.05923 25.23513 1.14154 0.42907 29.15491
4.27134 25.04834 1.08888 0.40853 29.20737
4.09918 24.76574 1.10079 0.42254 29.62805
4.05571 24.91712 1.02269 0.44177 29.57745
4.21141 24.76608 1.12666 0.38953 29.52571
4.27255 25.45081 1.13495 0.45246 28.71555
4.00141 25.14869 1.13954 0.39806 29.33154
4.09514 25.13119 1.13271 0.40503 29.25524
4.03413 25.22733 1.09248 0.38865 29.27824
3.85694 25.26737 1.0571 0.3864 29.44952
3.81288 25.43938 1.10774 0.42876 29.23513
3.94982 25.16213 1.05228 0.41301 29.43795
3.8917 24.77267 1.08743 0.41529 29.84469
3.8738 25.01811 1.04499 0.41492 29.66437
4.01752 25.12666 1.09465 0.42145 29.36072
4.19799 24.84485 1.2682 0.42885 29.28021
4.27148 24.59633 1.19862 0.39132 29.55987
4.236 25.0179 1.13712 0.38035 29.24069
4.30236 25.14266 1.1302 0.43035 29.01448
4.15449 25.0553 1.12078 0.38304 29.30011
4.07092 24.85678 1.08069 0.40695 29.6019
4.01493 25.49998 1.08904 0.37722 29.04245
4.06791 25.18638 1.11731 0.42866 29.21436
4.08529 25.45321 1.09465 0.43115 28.95605
3.98266 25.009 1.08396 0.41565 29.52232
4.10477 25.23517 1.11678 0.4429 29.11613
4.14365 25.26096 1.0704 0.41508 29.12317
4.12659 25.12598 1.08821 0.38207 29.29674
3.96595 25.15058 1.10544 0.427 29.36756
3.97788 25.36013 1.08886 0.41536 29.17621
4.02584 25.49045 1.11227 0.45269 28.93758
4.04485 25.42877 1.17363 0.45264 28.91257
3.98754 25.06234 1.09555 0.52068 29.3563
4.02508 25.25656 1.11794 0.51829 29.10596
3.92098 25.13836 1.14463 0.46504 29.34387
3.84325 25.02335 1.11331 0.42868 29.60228
3.87329 25.31498 1.06254 0.4128 29.34829
3.94659 25.42124 1.03433 0.45741 29.15575
4.03367 24.9576 1.12254 0.49407 29.40601
4.0211 24.77534 1.10619 0.47649 29.63992
4.00415 25.30229 1.09794 0.49408 29.1244
4.05249 24.88991 1.11633 0.44467 29.51995
4.21823 25.14695 1.15942 0.50093 29.00426
4.03944 24.77861 1.04301 0.47473 29.69205
4.18876 24.91862 1.04478 0.51492 29.36149
4.25885 25.04909 0.99532 0.50624 29.22381
4.08663 25.21229 1.02523 0.46407 29.23512
4.01495 25.19559 1.05579 0.448 29.31917
4.05927 25.16659 1.09436 0.41953 29.28554
4.08037 25.16389 1.08399 0.43229 29.26613
4.22685 25.36178 1.08026 0.46345 28.90204
4.15965 25.1262 1.0573 0.44817 29.24242
3.86539 25.32934 1.03529 0.44748 29.34643
4.01137 25.3802 1.07578 0.42414 29.13108
4.062 25.27626 1.13013 0.46233 29.10955
3.96366 25.45737 1.13263 0.44187 29.03354
3.89315 25.27402 1.13243 0.36582 29.35784
4.02807 25.25281 1.09131 0.38062 29.27162
4.06463 25.48773 1.11623 0.39742 28.95909
3.92884 25.3043 1.15027 0.3228 29.31073
4.1783 25.16898 1.1817 0.3694 29.12509
4.06989 24.83299 1.10722 0.36273 29.64532
4.12826 24.72682 1.14513 0.36399 29.65303
4.20191 24.9463 1.17728 0.36735 29.32554
4.15864 25.11181 1.13031 0.35886 29.26494
4.00864 25.13051 1.12246 0.36972 29.39779
3.97162 25.15611 1.15821 0.37016 29.36427
4.40798 24.80156 1.18783 0.40669 29.22378
4.33796 25.10827 1.17027 0.40205 29.02161
4.29739 25.33316 1.17397 0.39595 28.82952
4.01357 25.54277 1.15423 0.38423 28.93563
4.07523 25.50466 1.14395 0.42226 28.8854
4.09785 25.37697 1.15695 0.40268 28.99908
4.19615 25.02929 1.16269 0.39203 29.24434
4.30019 25.01609 1.12099 0.38361 29.20531
4.0564 25.4522 1.07447 0.41076 29.03515
4.1207 25.37556 1.07284 0.43538 29.01774
4.12739 25.37411 1.10546 0.47426 28.94743
4.09472 25.33677 1.04996 0.47355 29.07454
4.02667 25.61087 1.15755 0.50496 28.73042
4.11642 25.51014 1.14304 0.48065 28.77698
4.25988 25.10116 1.23244 0.48915 28.94594
4.15972 25.11234 1.1244 0.44152 29.18376
4.13081 25.37399 1.12415 0.47427 28.92605
4.08265 25.04888 1.14831 0.46308 29.28422
4.20807 25.16826 1.14555 0.45269 29.04767
4.30795 25.23449 1.13188 0.49178 28.8575
4.24148 24.66761 1.22443 0.47988 29.41758
4.22825 24.59589 1.13511 0.51196 29.56166
4.3771 24.67244 1.18479 0.50484 29.29288
4.08017 24.98275 1.14974 0.4566 29.34934
4.09871 25.15942 1.14681 0.50322 29.11373
4.15497 24.94087 1.11001 0.43884 29.37775
4.24413 24.8984 1.09101 0.40444 29.38243
4.49199 24.94394 1.20614 0.4437 28.95116
4.40918 25.27023 1.13879 0.44942 28.7741
4.37132 25.29949 1.06926 0.43689 28.86201
4.20252 25.4824 1.07487 0.44077 28.8318
4.11178 25.46548 1.10321 0.437 28.91189
4.08867 25.36964 1.11645 0.39109 29.0654
4.2857 24.92079 1.11838 0.37023 29.32618
3.97482 24.95224 1.11458 0.37412 29.60723
4.01423 25.24316 1.09542 0.34588 29.318
4.17915 25.16292 1.0916 0.45406 29.14019
4.02478 25.25661 1.07438 0.54913 29.12998
4.00573 25.57567 1.01148 0.53926 28.89744
4.16313 24.90667 1.05845 0.51851 29.38526
3.8844 25.2233 1.10914 0.48586 29.32106
3.98274 25.17033 1.12236 0.59395 29.20622
4.05778 25.0066 1.21216 0.60747 29.18321
4.28361 25.02988 1.18912 0.58013 28.98208
4.25954 24.91677 1.16186 0.54451 29.17595
4.21974 24.9971 1.10051 0.563 29.19082
4.13571 25.25566 1.11367 0.65154 28.94786
4.36364 25.13825 1.16519 0.58426 28.82343
4.29741 24.94911 1.17 0.54888 29.09024
4.14774 25.51829 1.10198 0.5505 28.75339
4.27141 25.29491 1.13469 0.50237 28.84754
4.239 25.13741 1.1132 0.47367 29.08509
4.21363 25.24516 1.14686 0.51744 28.93656
3.96416 25.16535 1.08806 0.53035 29.31001
4.03214 25.2223 1.14563 0.48767 29.16302
4.033 24.89047 1.14265 0.51991 29.47298
4.03977 25.08217 1.14915 0.47093 29.31419
4.1908 25.16945 1.12459 0.57018 29.01159
4.07165 24.59411 1.10827 0.50414 29.76811
4.13586 24.79508 1.12812 0.52703 29.47916
4.3402 25.02732 1.0843 0.59135 29.04478
3.95573 24.91953 1.1089 0.52279 29.55628
4.02567 25.45042 1.09848 0.47858 29.00283
4.00584 25.30282 1.04315 0.50201 29.21241
4.1739 25.32834 1.05953 0.55819 28.95958
3.98422 25.46548 1.0119 0.55763 29.0497
3.94287 25.08581 1.04578 0.46261 29.49849
4.12002 25.31832 1.08024 0.58835 28.94734
4.04031 25.32241 1.09803 0.51055 29.06432
3.9753 24.9539 1.1379 0.47416 29.49304
4.0508 25.23359 1.16443 0.50957 29.07691
4.10021 25.28642 1.18922 0.56672 28.90696
4.04977 24.69765 1.25361 0.51764 29.52601
3.88961 24.7999 1.18184 0.61482 29.57811
3.96575 24.78238 1.23727 0.55617 29.51541
4.01844 25.28299 1.20425 0.61945 28.9472
4.28148 25.03221 1.1488 0.52786 29.07194
4.10014 25.11406 1.1229 0.48097 29.22407
4.19227 25.27649 1.1009 0.46508 29.00759
4.17013 25.28104 1.06409 0.42543 29.09973
4.02562 25.82957 1.14749 0.43948 28.60764
4.30525 25.73862 1.17166 0.49757 28.35092
4.17055 25.05284 1.16511 0.44275 29.21619
4.14128 24.99301 1.19021 0.50349 29.23482
4.27938 24.78425 1.14586 0.50562 29.3476
4.17438 24.91023 1.12513 0.50811 29.34055
4.20292 25.23003 1.08801 0.53678 29.00953
4.1833 25.43028 1.1152 0.49614 28.82581
4.1209 24.80508 1.12455 0.43397 29.54229
4.18749 24.78592 1.16614 0.48885 29.40975
4.14963 25.49077 1.12191 0.45851 28.82331
4.16753 25.35586 1.17732 0.4624 28.88732
3.99229 25.25914 1.11038 0.45517 29.2269
4.20582 25.10874 1.11845 0.51267 29.10479
4.01313 25.06946 1.15464 0.52008 29.29126
4.12137 25.38276 1.17171 0.45984 28.9092
4.30118 25.09582 1.15423 0.4037 29.07368
4.25467 25.25509 1.1059 0.38454 29.02702
4.11343 25.02139 1.11855 0.43414 29.34976
4.15282 24.67525 1.08415 0.42743 29.69107
4.15479 25.0856 1.16068 0.47584 29.17601
4.27893 25.01447 1.14526 0.48162 29.13196
4.30437 25.0587 1.18104 0.49002 29.01305
4.21315 24.89538 1.18948 0.49405 29.24405
4.05316 25.29815 1.12482 0.49513 29.07424
4.05746 25.03762 1.25371 0.491 29.2021
4.00465 25.16542 1.24422 0.56319 29.08987
3.92748 25.35256 1.20756 0.52185 29.04419
4.02856 25.3585 1.16911 0.52623 28.97669
3.98086 24.88248 1.15597 0.51905 29.52145
4.05196 24.73009 1.25484 0.48486 29.52742
4.06802 24.91826 1.17935 0.51116 29.38427
4.12638 24.63632 1.10532 0.52227 29.67953
4.01069 24.80406 1.07286 0.50522 29.65415
4.1145 24.96617 1.08552 0.71232 29.23892
4.06422 24.93527 1.08533 0.63001 29.36224
4.36725 24.97144 1.18781 0.70033 28.86606
4.23292 24.88989 1.13777 0.59364 29.20822
4.24722 25.05223 1.2349 0.59424 28.92236
4.29619 25.09213 1.13377 0.63703 28.91435
4.06997 25.4676 1.16922 0.7022 28.70557
3.91853 25.10874 1.16268 0.62095 29.27682
3.9302 25.3111 1.15901 0.55689 29.10913
3.98989 25.45359 1.10238 0.62612 28.90282
3.99919 25.31206 1.08268 0.60363 29.06568
4.08392 25.20821 1.13329 0.54507 29.09202
4.09509 25.54107 1.02518 0.48176 28.89484
3.89799 25.54778 1.09881 0.53748 28.97032
3.86625 25.7666 1.02771 0.54603 28.84632
4.00612 25.63718 1.09516 0.555 28.77991
4.12681 25.61425 1.13849 0.65689 28.55664
4.2303 25.37199 1.17888 0.58408 28.73026
4.168 25.33685 1.17404 0.66344 28.76696
4.09003 24.7698 1.1666 0.47686 29.55273
4.13006 25.16901 1.13404 0.52652 29.11035
4.02312 24.98116 1.18606 0.48688 29.37759
4.24755 24.76062 1.21641 0.53054 29.2953
4.19856 25.15312 1.19715 0.53821 28.96342
3.98372 24.77616 1.1318 0.62985 29.55104
3.93533 25.00306 1.07128 0.58511 29.45713
3.86317 25.05487 1.09122 0.62576 29.41889
3.95291 25.40407 1.07687 0.60301 29.02246
3.95049 25.27983 1.00086 0.63892 29.18119
4.0001 25.14233 1.06129 0.81823 29.08599
4.10237 25.20469 1.09504 0.82652 28.88218
4.01889 25.1405 1.0388 0.7614 29.13275
4.03428 25.45852 1.04873 0.70334 28.81958
3.97907 25.27028 1.08674 0.59235 29.12147
3.91163 25.23737 1.15507 0.54183 29.19442
3.94846 24.93679 1.16615 0.52854 29.46594
4.20232 24.75417 1.20889 0.67776 29.23285
4.03579 24.88023 1.10611 0.50647 29.51595
4.15722 24.62091 1.16903 0.57907 29.54187
4.16084 25.17342 1.18403 0.52759 29.00848
4.0707 25.04608 1.14364 0.48005 29.31705
4.15719 25.1154 1.10796 0.46146 29.21062
4.12723 25.18265 1.12535 0.52315 29.0944
4.11831 25.04595 1.08609 0.49198 29.31718
4.20163 25.66647 1.10639 0.4962 28.57202
4.21292 25.5653 1.10462 0.5784 28.60522
4.26684 25.06812 1.11229 0.55501 29.06965
4.36451 25.30842 1.14249 0.52608 28.71606
4.17504 25.22768 1.06703 0.50331 29.07159
4.33319 24.68208 1.1115 0.4884 29.426
4.13181 25.58815 1.13275 0.50102 28.68994
4.13523 25.49396 1.1295 0.50635 28.76994
4.14483 25.363 1.13211 0.48179 28.91516
4.15714 25.2465 1.16184 0.51022 28.96422
3.98168 25.45836 1.11754 0.54419 28.94639
4.09096 24.91209 1.10646 0.53223 29.40755
4.05231 24.89237 1.06475 0.49082 29.55943
4.17911 25.18069 1.05891 0.49649 29.15306
4.18512 25.08335 1.02942 0.54228 29.24905
4.11495 25.00697 1.08947 0.66787 29.24579
4.17393 25.19154 1.15917 0.65271 28.9301
3.98341 25.11557 1.17925 0.54338 29.24107
4.09176 24.95796 1.17899 0.62037 29.24145
4.22967 25.2725 1.15644 0.5583 28.85291
4.22949 25.65018 1.1489 0.73308 28.35866
4.20022 25.07098 1.07886 0.78419 28.99308
4.30293 25.28803 1.10131 0.59162 28.79455
4.22309 25.43191 1.08085 0.60043 28.73214
4.18271 25.223 1.07017 0.62721 28.96764
4.05867 25.10987 1.0836 0.53199 29.25967
4.19068 24.90779 1.14564 0.51645 29.27319
4.28425 25.12555 1.13401 0.60629 28.92469
4.13756 25.0384 1.13586 0.53313 29.20414
4.06588 24.94345 1.17835 0.49981 29.35971
4.1781 25.16364 1.14811 0.52946 29.03537
4.17066 25.15422 1.10385 0.57369 29.0575
4.27856 25.47666 1.16088 0.62478 28.54651
4.12806 24.97254 1.12603 0.44202 29.37856
4.11985 25.4002 1.14145 0.52066 28.88276
3.89097 25.52231 1.10821 0.54215 29.0081
4.1299 24.90223 1.1513 0.53673 29.33494
4.21635 25.17545 1.16894 0.51119 28.98249
3.96498 25.4709 1.13995 0.47944 28.98963
4.10689 25.44733 1.09652 0.47414 28.91714
4.1641 24.78497 1.19396 0.49716 29.39985
3.98238 25.22485 1.12159 0.4716 29.22777
3.88013 25.24399 1.10546 0.5784 29.23945
3.90174 25.11057 1.09857 0.54566 29.39234
3.76073 25.31293 1.00935 0.5235 29.44133
3.74777 25.38616 1.07968 0.67669 29.19297
3.92836 25.09223 1.08521 0.66753 29.31047
4.07398 25.7698 1.04203 0.62984 28.55166
4.08812 25.70224 1.10176 0.56785 28.60685
4.22572 24.98637 1.15068 0.57845 29.11523
4.26467 24.76838 1.19414 0.62832 29.21465
4.10243 25.00799 1.16888 0.59557 29.18202
4.09637 25.22446 1.10264 0.59796 29.05077
3.92345 25.32208 1.03638 0.51201 29.2503
4.1344 24.81229 1.05048 0.53792 29.51351
4.08899 24.68669 1.11356 0.59654 29.56829
4.1003 24.76482 1.11531 0.61542 29.45511
4.0321 25.0347 1.09836 0.53809 29.33317
4.10176 25.08123 1.11132 0.6586 29.11753
3.94971 25.05293 1.07707 0.58708 29.37888
4.02003 25.04368 1.15226 0.5966 29.25154
4.12939 25.08008 1.2039 0.50853 29.13428
3.9732 24.94443 1.15859 0.44056 29.51884
4.0029 24.94103 1.13161 0.44635 29.50682
4.30638 25.44803 1.12279 0.4952 28.67331
4.16268 24.9489 1.10617 0.58631 29.26613
4.02717 25.03901 1.03151 0.50032 29.43882
4.11454 25.00121 1.06803 0.47921 29.36922
4.1949 24.77717 1.12751 0.52221 29.41574
4.42112 25.11238 1.07827 0.53527 28.89805
4.28149 25.08513 1.10643 0.66387 28.93658
4.31785 24.90518 1.13329 0.58839 29.12203
4.27444 25.01368 1.11268 0.54137 29.10539
4.24125 24.96208 1.16703 0.48593 29.18504
4.19041 25.07119 1.1905 0.48022 29.11047
4.20076 24.95046 1.18895 0.44709 29.25449
4.122 24.80665 1.1424 0.50031 29.4796
4.04041 24.80662 1.18486 0.50463 29.52065
4.1737 25.19877 1.15242 0.50575 29.03203
4.05852 25.46221 1.1749 0.51693 28.8387
4.12621 25.63129 1.17626 0.56424 28.57423
3.88998 25.43704 1.12999 0.42285 29.16066
4.1356 24.91503 1.11308 0.42525 29.44924
3.79163 25.3851 1.08725 0.41808 29.3533
3.72151 25.55895 1.09132 0.41438 29.24268
3.83157 25.60114 1.12394 0.40708 29.06865
3.99667 25.03307 1.18176 0.37283 29.45471
4.14214 25.06415 1.14735 0.41786 29.28416
3.97495 25.11248 1.1401 0.42978 29.38836
4.07015 25.13488 1.16019 0.49842 29.19729
3.99524 25.33561 1.1137 0.51191 29.09061
3.92478 25.14725 1.10947 0.49176 29.37005
4.12915 25.2659 1.11051 0.54146 29.01606
3.97558 25.14599 1.13462 0.55734 29.24198
4.16354 25.09854 1.15074 0.58162 29.06843
4.09442 25.12901 1.09087 0.56269 29.18362
4.02281 25.07721 1.10711 0.46688 29.35616
4.0259 25.2034 1.17214 0.45231 29.17881
4.01826 24.88805 1.11181 0.4111 29.59038
4.23589 24.74928 1.18596 0.4301 29.42494
4.3265 24.78665 1.19233 0.46219 29.26165
3.95854 24.82608 1.12798 0.43068 29.68498
4.07724 25.26514 1.11586 0.47601 29.10517
3.97244 25.27446 1.16559 0.47306 29.16209
4.02205 25.03106 1.08792 0.45546 29.43362
4.17242 25.50481 1.14898 0.56544 28.6758
4.19673 25.42355 1.1615 0.56323 28.71315
4.27459 25.05405 1.14107 0.54872 29.03872
4.10825 25.05513 1.15305 0.51809 29.20819
4.18978 25.39666 1.11291 0.46701 28.86415
3.91627 24.93951 1.12241 0.4862 29.57234
3.89596 25.22728 1.12823 0.51522 29.281
4.07494 25.2685 1.11831 0.6279 28.98493
3.96934 25.16624 1.06097 0.53676 29.30818
4.06551 24.97006 1.07712 0.48053 29.44429
4.02001 24.83208 1.14489 0.57046 29.48011
3.93359 25.63063 1.06152 0.6218 28.80268
4.01168 25.30301 1.05039 0.61724 29.06676
4.02764 25.30539 1.05674 0.59323 29.05562
3.89022 25.21373 1.05915 0.52018 29.35512
4.11582 24.80687 1.15289 0.53061 29.43304
4.19433 25.10184 1.07411 0.56657 29.11997
4.22295 24.8759 1.13389 0.52962 29.2883
4.40271 24.81769 1.16579 0.52968 29.14003
4.16481 25.19928 1.1034 0.48045 29.08482
4.37235 24.86279 1.14946 0.46947 29.17261
4.24587 25.19184 1.16781 0.46025 28.96349
4.18465 25.23971 1.10758 0.51503 28.99791
4.01977 24.88358 1.12976 0.54904 29.45582
4.32731 24.93964 1.16343 0.57312 29.03965
4.17807 24.86288 1.21819 0.56132 29.21439
4.31585 24.62424 1.15139 0.5434 29.40369
4.07907 25.12045 1.10017 0.44757 29.27368
4.00779 25.29855 1.10587 0.52154 29.09878
4.05966 24.94729 1.0624 0.44282 29.50948
3.98625 24.91942 1.12406 0.46325 29.53181
4.04279 24.97302 1.10081 0.44312 29.46756
3.97464 25.09711 1.0734 0.42133 29.45983
4.1273 24.61985 1.11938 0.41745 29.73822
4.00962 24.95147 1.17423 0.42716 29.45795
4.22368 24.98814 1.17875 0.50394 29.13629
4.04479 24.78632 1.177 0.44503 29.57251
4.13251 25.48759 1.20123 0.47848 28.72885
3.88461 25.39757 1.17573 0.45374 29.11191
4.12607 25.1528 1.11098 0.46606 29.17422
4.1292 25.113 1.06544 0.52815 29.19198
3.99944 25.22697 1.0574 0.45537 29.28443
3.95241 25.43971 1.04128 0.44649 29.14324
4.05899 25.02483 1.07204 0.47607 29.39291
4.23847 24.53604 1.10853 0.49017 29.65344
4.30614 24.67464 1.18764 0.45293 29.40643
4.13841 24.54757 1.1855 0.46553 29.68733
4.37214 24.74749 1.19559 0.59219 29.13642
4.13602 24.76616 1.14226 0.54951 29.44194
4.28559 24.98373 1.1315 0.58145 29.06615
3.99632 25.33375 1.12514 0.59755 28.97915
3.96185 24.84306 1.12441 0.59094 29.51381
4.18331 25.17046 1.17839 0.52507 28.98093
3.96531 25.25857 1.12407 0.45276 29.22497
3.95855 25.2974 1.11881 0.45375 29.19364
4.08023 25.62083 1.09212 0.43834 28.78913
4.33983 25.77735 1.13979 0.49236 28.28775
4.08856 25.47458 1.11586 0.50919 28.85182
4.13895 25.06536 1.08087 0.43706 29.29974
4.04954 25.3026 1.06758 0.46904 29.1443
3.90612 25.74646 1.08616 0.4691 28.82675
4.21565 25.04297 1.11579 0.41901 29.22923
4.14422 25.30666 1.16252 0.38445 29.0232
4.13256 25.25223 1.10607 0.40969 29.13542
3.95183 25.09883 1.08366 0.39073 29.49761
4.17788 24.78098 1.2217 0.4295 29.42575
4.30578 24.99641 1.15536 0.40505 29.18403
4.27599 25.43113 1.14024 0.41492 28.78366
3.97892 25.19207 1.16324 0.40443 29.30024
4.18747 25.247 1.16923 0.41385 29.01952
4.30398 25.43761 1.10667 0.48912 28.71702
4.1765 25.25086 1.11634 0.46462 29.03805
4.09858 25.1841 1.10315 0.42395 29.22182
4.30407 24.81834 1.14697 0.47524 29.29135
4.12059 24.94778 1.12739 0.45748 29.38023
4.0571 25.16759 1.14384 0.43922 29.22949
4.08562 25.39719 1.11093 0.46083 28.98311
4.23253 25.07722 1.1453 0.51666 29.07472
4.12297 24.9662 1.07934 0.48906 29.3752
3.98348 25.30598 1.07448 0.49519 29.1759
4.04645 25.18632 1.0643 0.49789 29.23554
3.88895 25.50335 1.01647 0.51876 29.10914
4.05175 24.90338 1.06665 0.50161 29.516
4.24274 24.99457 1.11892 0.48479 29.20321
4.40268 25.19007 1.10668 0.47608 28.87461
4.34873 24.97001 1.13606 0.49522 29.09978
4.22577 25.38739 1.10497 0.44389 28.88152
4.33582 24.96409 1.16356 0.50441 29.06653
4.12811 24.88011 1.19854 0.5041 29.33325
4.05588 24.62567 1.1726 0.48556 29.68617
4.07504 25.06724 1.21228 0.57245 29.13706
4.23277 24.77023 1.16814 0.52666 29.34294
4.33042 24.82149 1.10584 0.50707 29.28545
4.07365 25.25531 1.1478 0.50154 29.07065
4.21875 24.89938 1.16736 0.44627 29.30753
4.10205 24.49845 1.09001 0.46643 29.89826
4.21643 25.22735 1.09184 0.46756 29.05323
3.83763 24.89851 1.07266 0.41012 29.8217
4.25437 25.31398 1.07712 0.41499 28.99261
3.96017 25.35996 1.11036 0.39971 29.2104
4.17155 25.24282 1.23596 0.38157 29.00414
4.25152 24.87399 1.19647 0.3869 29.33508
4.29001 25.09265 1.10633 0.40181 29.14895
4.26378 25.18053 1.12842 0.39279 29.07112
4.09836 24.93092 1.13089 0.39383 29.47492
4.25869 25.0239 1.10883 0.42946 29.20913
4.1784 25.33061 1.0819 0.44443 28.99751
4.13157 25.3526 1.09608 0.40965 29.04847
4.0932 24.83754 1.10148 0.45586 29.54914
4.09729 25.26614 1.09988 0.41841 29.15871
3.97026 24.99357 1.13032 0.45736 29.48516
4.08276 25.16491 1.13207 0.49269 29.18108
4.28825 25.0581 1.17498 0.46239 29.0725
4.2023 24.96779 1.21462 0.42575 29.23998
4.17231 25.17038 1.0879 0.41567 29.19061
4.1664 25.22909 1.12586 0.4229 29.11417
4.06991 25.38878 1.14763 0.49875 28.95545
4.03119 25.06518 1.12046 0.46602 29.37233
4.00785 25.11742 1.20596 0.44193 29.28073
4.19638 25.27301 1.22357 0.51216 28.83995
4.26087 25.16552 1.22058 0.51718 28.87574
4.44007 24.79056 1.17726 0.54849 29.08858
4.29548 24.96846 1.17066 0.54743 29.06716
4.01201 24.81894 1.12773 0.51691 29.55798
4.22451 25.16619 1.0823 0.49621 29.06146
4.11439 24.76137 1.1112 0.51617 29.52613
4.01153 25.54336 1.0558 0.48199 28.94619
3.97688 25.20695 1.05193 0.54104 29.26075
4.22911 24.81932 1.05203 0.54329 29.39326
4.19988 24.93857 1.08585 0.57731 29.25241
4.21891 25.00386 1.08097 0.6638 29.09069
4.10177 24.94589 1.11016 0.67466 29.23655
4.04507 25.28278 1.07615 0.61771 29.04835
4.24 24.73405 1.18511 0.53184 29.37105
4.15027 24.89106 1.05232 0.49642 29.44767
4.34048 25.22014 1.12804 0.48421 28.87431
4.20123 24.73127 1.12468 0.50133 29.48982
4.39384 24.82727 1.17573 0.51702 29.13409
4.36366 24.97803 1.14349 0.42997 29.11901
4.30304 25.1396 1.15214 0.41211 29.02364
4.0403 24.94185 1.08121 0.39606 29.56625
3.87371 25.20482 1.05214 0.45479 29.44925
4.05105 25.22923 0.99715 0.46388 29.29455
3.99042 25.39823 1.07193 0.45963 29.11223
4.06984 25.18195 1.03855 0.4191 29.32321
4.19252 25.22736 1.07419 0.45436 29.07882
4.08932 25.36594 1.09047 0.46692 29.01426
4.1678 25.5921 1.11562 0.46635 28.68997
4.01732 25.59318 1.12718 0.47905 28.83444
4.04441 25.19923 1.10636 0.4343 29.26361
4.03207 25.4281 1.10872 0.43548 29.03846
4.25979 24.81818 1.15749 0.49681 29.32555
4.33579 25.1633 1.17626 0.60338 28.79201
4.23982 25.07852 1.1483 0.54321 29.03827
4.30267 24.91143 1.18102 0.55793 29.08988
4.18597 24.97388 1.16239 0.6023 29.12647
4.01839 24.81754 1.16185 0.55192 29.48052
4.02686 25.04341 1.15845 0.65127 29.1715
4.0697 24.90875 1.13684 0.54962 29.37001
4.06013 25.02899 1.12216 0.56762 29.26169
4.07794 25.15598 1.1745 0.51283 29.11592
4.17952 25.06009 1.0996 0.5437 29.17104
4.23484 25.18251 1.09646 0.50997 29.0184
4.20658 24.86285 1.09777 0.44347 29.41349
4.18388 24.86625 1.15571 0.41269 29.4064
4.09918 24.81718 1.12393 0.48927 29.50349
4.31512 25.02976 1.09214 0.59602 29.02196
4.26317 25.13071 1.13987 0.51367 28.99127
4.04007 25.34961 1.10998 0.45819 29.07403
3.97106 25.2376 1.20351 0.45478 29.15904
4.01116 24.9597 1.22934 0.52247 29.33084
4.10093 24.79534 1.19301 0.5359 29.41876
3.97739 25.21451 1.08043 0.5188 29.24188
4.03361 25.21735 1.09968 0.4879 29.18895
3.97333 25.16549 1.11571 0.48901 29.28142
4.08417 25.13324 1.13999 0.47783 29.19153
4.16113 24.85153 1.20542 0.43638 29.37588
4.31095 24.76605 1.20599 0.40685 29.33426
4.4099 24.96038 1.18625 0.51556 28.97404
4.31231 25.02887 1.11977 0.46538 29.10735
4.13865 25.48485 1.23426 0.4282 28.7435
4.20996 25.51513 1.20612 0.45951 28.63768
4.03173 25.62783 1.19412 0.4137 28.74927
4.00477 25.11466 1.19021 0.47555 29.2359
3.84222 25.63118 1.13358 0.50397 28.9131
4.04467 25.09971 1.14318 0.43612 29.29256
4.08503 25.37316 1.12067 0.41895 29.02689
4.15003 25.31496 1.13637 0.45226 28.97561
4.17696 24.84644 1.08131 0.43074 29.4866
4.03267 24.99242 1.14201 0.48216 29.38849
3.97124 25.04297 1.13031 0.44906 29.43729
4.17393 24.84985 1.17104 0.49073 29.35044
3.90962 25.36498 1.10646 0.51171 29.14418
4.14192 24.91014 1.07518 0.49576 29.40606
4.02203 25.18053 1.07787 0.59349 29.16796
4.19381 25.26931 1.11237 0.60128 28.86895
4.11226 25.05442 1.14817 0.58374 29.13775
4.3371 25.00989 1.19841 0.60923 28.89463
4.16397 25.03002 1.17726 0.58302 29.07425
4.09963 24.98445 1.18286 0.56584 29.19556
4.01365 25.14161 1.17146 0.54947 29.14734
3.92994 25.38434 1.13686 0.54082 29.04054
3.87422 24.98129 1.11411 0.52005 29.53772
3.95671 24.8596 1.11512 0.59809 29.50935
3.93526 25.4034 1.08458 0.60257 29.02036
4.03232 25.60041 1.03157 0.61271 28.77385
3.98586 24.97042 1.01269 0.49674 29.56224
4.18561 24.85554 1.11226 0.5021 29.38026
4.13039 25.11357 1.10537 0.58489 29.11846
4.00889 25.24046 1.09591 0.61739 29.08909
4.03468 24.97945 1.10652 0.55709 29.36663
4.48741 25.10196 1.13115 0.63022 28.7102
4.10174 24.6946 1.1248 0.52292 29.59558
4.25004 24.86043 1.14308 0.58833 29.2197
4.24733 25.09509 1.01983 0.56606 29.11916
4.14397 25.09013 1.03603 0.49296 29.27014
4.09866 24.73402 1.03393 0.48831 29.6844
4.10526 25.07074 1.07206 0.52082 29.27911
4.07339 25.44776 1.04201 0.48714 28.98943
4.05297 25.2429 1.05578 0.50994 29.17617
3.91703 25.27737 1.10183 0.67735 29.08304
4.17982 25.40359 1.10284 0.60078 28.76144
4.18208 25.61067 1.152 0.57531 28.5197
3.98303 25.41976 1.10256 0.60733 28.9448
3.89673 25.42522 1.0889 0.5042 29.13017
4.09886 25.46072 1.15033 0.61104 28.75832
4.12271 25.05579 1.07218 0.63638 29.195
4.12766 24.87388 1.11298 0.536 29.39589
4.03511 24.89518 1.13123 0.52396 29.46053
4.04385 24.98254 1.06377 0.53131 29.41307
3.89907 25.2329 1.07639 0.52169 29.30686
4.06664 25.40293 1.06562 0.54764 28.95765
4.12758 25.64386 1.12186 0.57229 28.57428
4.16337 25.25869 1.2028 0.58968 28.82681
4.18893 25.03596 1.19313 0.50871 29.11133
4.12817 25.04771 1.1755 0.4818 29.19716
4.0276 25.09522 1.16557 0.51302 29.23685
4.06551 24.99879 1.19349 0.56347 29.22827
4.00988 24.85799 1.18991 0.58394 29.41624
4.04424 25.08085 1.18267 0.67825 29.07732
4.16748 25.22262 1.16129 0.66485 28.84393
3.95523 24.93614 1.17085 0.6124 29.36787
4.28898 24.63153 1.09227 0.63473 29.39886
4.1313 24.78236 1.06941 0.6394 29.41673
4.30999 24.48623 1.11204 0.55932 29.56451
4.30461 25.12289 1.16346 0.53483 28.91219
4.21744 25.36311 1.12949 0.46453 28.8578
4.08637 24.87174 1.17043 0.51859 29.39824
4.13819 24.93282 1.18499 0.51999 29.2706
4.27705 25.00579 1.22592 0.4911 29.0612
4.20266 25.16455 1.17899 0.51397 29.00097
4.26115 25.0724 1.2191 0.56992 28.95976
4.29543 25.39317 1.1316 0.57325 28.67466
4.32508 25.13649 1.14288 0.61187 28.85309
4.37455 24.96298 1.14979 0.52346 29.04664
4.38438 25.2419 1.13237 0.45624 28.82023
4.22446 25.07434 1.13303 0.46193 29.13104
4.28892 25.09604 1.11648 0.4537 29.07724
4.11693 25.25553 1.10003 0.4615 29.11099
4.08189 25.36117 1.11006 0.50489 28.98508
4.14029 25.36539 1.11294 0.5214 28.90021
4.22916 25.29558 1.16351 0.5069 28.84645
4.0103 25.13975 1.23406 0.50248 29.14344
4.34265 25.40528 1.17495 0.53479 28.57944
4.28257 25.10894 1.1589 0.45196 29.02357
4.18922 25.01328 1.19892 0.44522 29.18041
4.18795 25.10473 1.17934 0.47878 29.0783
4.08905 24.9015 1.21066 0.47754 29.34982
4.01771 24.81892 1.1837 0.412 29.58981
4.2062 25.21722 1.12721 0.4558 29.02101
4.29447 24.98404 1.12783 0.48227 29.14549
4.12269 25.10404 1.10613 0.50342 29.20105
4.03986 25.53819 1.06992 0.48553 28.90507
4.15593 25.24087 1.08454 0.4775 29.07713
4.34283 25.81123 1.07115 0.51673 28.30559
4.15771 25.07354 1.06793 0.43673 29.28424
4.21079 24.79982 1.14659 0.533 29.34052
4.25678 24.90266 1.1927 0.60761 29.07724
