"V1" "V2" "V3" "V4" "V5"
11.99916 8.71009 10.35681 0.82418 28.18101
11.24953 8.48112 11.08072 0.74989 28.49054
11.12522 9.1713 10.50226 0.63503 28.59539
11.18659 9.58011 10.24667 0.7075 28.31448
10.84338 9.28586 10.41061 0.78043 28.7271
10.89799 9.37807 10.67883 0.75186 28.34966
10.68125 9.46627 10.61544 0.77682 28.53209
10.97403 9.39899 10.54219 0.76918 28.37534
11.08414 9.00938 10.6256 0.74572 28.58182
11.3098 9.33616 10.33772 0.83609 28.23964
11.52154 9.48949 9.82704 0.74457 28.46758
11.33218 8.96764 10.39852 0.74748 28.60225
11.51902 8.96526 10.28756 0.71434 28.55472
11.53446 8.74444 10.84488 0.83907 28.10064
11.67414 8.57201 10.81681 0.79266 28.22081
11.41006 8.84699 10.33169 0.86269 28.63718
11.97379 8.64663 10.5371 0.92568 28.00531
12.17909 8.57021 10.83439 0.88762 27.60504
11.96315 8.63532 10.26994 0.76233 28.4281
11.36016 8.94502 11.22576 0.8522 27.70382
11.53459 8.80737 10.652 0.84464 28.24899
11.85615 9.08963 10.08105 0.82922 28.20306
11.6079 9.14341 10.0602 0.82988 28.42476
11.34669 8.83539 10.74523 0.80119 28.34276
12.12873 8.5701 10.45157 0.83034 28.09688
11.66908 8.76798 11.12204 0.6331 27.85115
11.5485 9.34741 10.1812 0.56454 28.39018
11.26288 8.6265 10.73175 0.61828 28.8193
11.36075 8.93163 10.3678 0.62622 28.74311
10.76041 9.68441 10.44364 0.72597 28.4312
11.48374 9.02869 10.35089 0.66456 28.50777
11.40683 9.11355 9.95917 0.67625 28.88092
11.08813 8.9635 10.28834 0.69043 29.00624
11.56069 8.54588 10.26576 0.76265 28.90944
11.25872 9.49686 10.26114 0.74311 28.27649
10.86179 9.78401 10.94364 0.75024 27.71036
11.33747 9.67283 10.80604 0.86755 27.38093
11.8248 9.05599 10.15681 0.78311 28.22985
11.74477 8.81693 10.6906 0.80054 28.01774
10.98591 9.57505 10.18859 0.75764 28.55211
11.4752 9.25536 10.51878 0.68829 28.10881
11.47659 9.28023 10.50553 0.68185 28.1058
11.44652 9.1502 10.15322 0.70661 28.59074
12.02335 9.0473 10.09216 0.83699 28.07102
11.11732 8.84439 11.03446 0.68003 28.3706
11.6271 9.02162 10.21694 0.6557 28.52633
11.18642 9.04776 10.2038 0.57203 29.03016
11.70989 9.00092 9.94055 0.53345 28.85462
11.3602 9.36458 10.35598 0.56641 28.39674
11.63181 8.81218 10.55632 0.58788 28.45333
10.98843 9.3397 10.70238 0.5937 28.40865
11.65823 8.7606 10.70477 0.62115 28.28972
11.70568 8.68063 10.63563 0.68713 28.34679
11.71747 8.12362 10.93867 0.67644 28.58974
11.26768 8.78925 10.85653 0.72318 28.4184
11.76687 8.50597 10.51929 0.65365 28.60557
11.40185 8.79144 10.03714 0.70414 29.11717
11.56278 9.21749 10.01787 0.7178 28.53714
11.59645 8.91936 10.56834 0.65485 28.31708
11.12429 9.18113 10.53767 0.63509 28.55616
10.74388 9.48861 10.22938 0.59011 28.97818
10.72771 9.5704 10.68998 0.61535 28.44186
11.20782 9.06728 10.98183 0.76434 28.05185
11.63748 9.27671 10.4633 0.78921 27.91563
11.77498 8.78297 10.575 0.77174 28.16304
11.13978 8.82864 10.46555 0.66402 28.94695
11.30365 8.79606 10.28556 0.6933 28.9694
11.21971 8.54237 10.87592 0.78676 28.65028
11.45545 8.64128 10.74484 0.74069 28.47609
11.05725 8.97991 10.75064 0.70219 28.55268
11.11442 8.89254 10.94695 0.76341 28.3392
11.62328 8.74127 11.1359 0.88509 27.70931
11.78279 8.15481 11.20024 0.71028 28.20182
11.95381 8.26103 10.59329 0.69538 28.53655
11.40271 8.73596 10.36196 0.61173 28.92003
11.6915 8.94427 10.75563 0.7066 27.9633
11.92301 8.37158 10.78921 0.63926 28.31809
11.56879 9.00267 10.23285 0.65477 28.57571
11.51891 8.73588 10.41386 0.66299 28.6991
11.40312 8.74392 10.78788 0.69819 28.39768
10.8258 9.11045 10.58697 0.70814 28.79143
11.69506 8.68011 10.77116 0.68579 28.19087
11.73054 9.2696 10.54557 0.83694 27.66407
11.00901 9.40145 10.10533 0.74137 28.78129
11.66865 9.11949 10.4921 0.8292 27.93805
11.57786 9.09688 10.93728 0.85247 27.58501
11.1801 8.96372 11.08304 0.80088 28.03058
11.40238 9.45251 10.11543 0.74354 28.3286
11.2888 9.06072 10.2151 0.7032 28.76222
11.33301 9.07988 9.82769 0.79942 28.99091
11.48146 8.81326 10.48327 0.67932 28.56767
11.1678 9.15209 10.87932 0.69831 28.13934
11.47335 9.01279 10.54525 0.78222 28.23279
11.60009 8.6998 10.03524 0.7041 28.98909
10.93251 8.30783 11.30748 0.82064 28.68273
11.08345 8.71902 10.94951 0.91048 28.40223
11.51908 8.70468 10.50117 0.83839 28.49103
11.17567 9.03482 10.51983 0.85107 28.48072
11.41757 9.36369 10.18621 0.87028 28.23287
10.83732 9.2027 10.62227 0.77372 28.61297
10.96943 9.18768 10.60129 0.72227 28.55972
11.10104 9.14622 10.61666 0.76381 28.40317
11.41808 8.55938 10.44785 0.75442 28.84287
11.53529 8.5079 10.84577 0.86211 28.28274
11.50653 8.6155 11.26622 0.87656 27.78124
11.00646 8.88939 10.98889 0.85346 28.31058
11.51728 9.18614 10.3895 0.86319 28.11479
11.09688 9.34021 10.44239 0.85309 28.34558
11.17987 8.90917 10.81573 0.96094 28.2245
11.42189 8.58265 10.23809 1.08124 28.81394
11.78345 9.4983 9.60395 1.10314 28.13552
11.29291 9.45565 9.67439 0.9966 28.65145
11.03796 9.46685 9.85172 0.81816 28.87604
11.84404 8.77102 10.1384 0.86334 28.44458
11.59013 9.10096 10.313 0.7975 28.26545
11.6648 8.96389 10.06303 0.82471 28.55982
11.43239 9.02921 9.8086 0.83672 28.97006
11.51659 8.79141 10.60384 0.80633 28.35431
11.40096 8.78574 10.75905 0.86808 28.25878
11.64356 8.39908 10.83582 0.78741 28.39685
11.36185 8.84513 10.64096 0.81688 28.40293
11.52158 9.12576 10.76114 0.92454 27.75786
11.09491 9.12035 10.76731 0.92528 28.18532
11.24338 9.77157 10.24477 0.90161 27.9329
11.62052 9.33456 10.38966 0.82442 27.91937
11.15668 9.04198 10.60937 0.77392 28.4656
11.35741 8.88086 10.3447 0.76332 28.70192
11.83972 9.00068 10.11771 0.69665 28.40078
11.31432 9.15059 10.70016 0.70726 28.18542
11.18034 8.80501 10.89889 0.72252 28.45205
11.15613 9.19856 10.40105 0.67361 28.62774
11.6264 9.46488 10.32313 0.7315 27.92071
12.36914 9.08735 10.08969 0.66956 27.85682
11.94426 8.7895 10.48586 0.65476 28.1887
11.87119 8.7374 10.51635 0.74759 28.20552
11.41625 9.52007 10.89365 0.73566 27.52226
10.92714 9.66824 10.81357 0.75039 27.90319
11.54388 8.82558 10.7205 0.72532 28.24181
10.98748 9.26747 10.47838 0.70313 28.61603
11.12031 9.3601 10.55637 0.7322 28.27251
11.25844 8.83576 10.50892 0.70827 28.72094
11.15567 9.01379 10.45444 0.89363 28.53948
11.98162 9.15622 10.15166 1.00505 27.79121
12.12251 8.91199 10.43851 1.00632 27.59797
11.56259 9.17575 10.59834 0.83104 27.88477
11.85425 9.00525 10.3738 0.77882 28.03079
11.67295 8.88927 10.7315 0.89365 27.86612
11.50018 8.63109 10.55335 0.8028 28.55761
11.16954 8.33824 10.93159 0.78052 28.83576
11.00322 8.38704 10.39295 0.65707 29.5894
10.74316 9.40656 10.45564 0.68054 28.7449
11.08984 9.21745 10.11982 0.67657 28.92226
11.13321 8.88094 10.72655 0.74918 28.55163
10.73481 9.20958 11.26475 0.85269 28.0049
11.01967 9.15487 10.56102 0.74664 28.55546
11.3055 8.685 10.96066 0.82037 28.28141
11.9956 8.43321 10.76772 0.86969 27.99635
11.65443 8.40148 10.7076 0.8027 28.46673
11.50599 8.58641 10.26176 0.73174 28.94169
11.51358 8.78762 10.93214 0.8202 28.01381
11.18569 8.76013 11.00707 0.94198 28.19715
11.25492 9.04399 10.39616 0.84546 28.52332
11.46746 9.52069 10.33621 1.0028 27.76353
11.53268 9.25734 10.12535 0.82535 28.32577
11.41707 8.94076 10.15559 0.70422 28.82145
11.42912 9.20021 10.26456 0.73402 28.41973
11.38074 9.08724 10.42874 0.71185 28.43283
11.39712 9.08934 10.3304 0.73053 28.49724
11.2906 8.92565 10.48289 0.60815 28.72659
10.75134 8.93001 10.58305 0.602 29.15462
11.36574 8.65922 10.3141 0.61794 29.07712
10.95809 8.76078 10.70493 0.64834 28.96442
11.20833 8.8487 11.14322 0.6583 28.18128
11.75481 8.79372 10.76171 0.6416 28.08546
11.55787 9.11672 10.2024 0.5993 28.54482
10.96281 9.07254 10.83652 0.5997 28.55637
11.55057 8.58027 10.94299 0.69334 28.26781
11.77522 8.91414 11.07901 0.74972 27.53161
12.06335 8.59622 10.94878 0.71183 27.74121
11.60016 9.05263 10.89492 0.7915 27.74165
11.40117 8.9983 10.56086 0.6785 28.41846
11.36187 8.64725 11.0257 0.74125 28.2713
10.95577 9.16997 10.74227 0.71644 28.46422
11.86083 8.61962 10.74544 0.72897 28.07444
11.78351 8.59518 10.42636 0.76826 28.46601
11.41583 8.78261 10.54967 0.74577 28.55311
11.78128 8.85848 10.04771 0.72273 28.63598
11.20525 8.82824 10.74591 0.65984 28.59927
11.62207 8.67021 10.62306 0.61034 28.50298
11.69775 8.68089 10.70732 0.66975 28.28067
11.13438 8.801 10.8397 0.71009 28.54291
11.14879 8.72461 10.93837 0.77077 28.46095
11.69886 8.76722 10.62234 0.75817 28.20776
11.34191 8.80152 10.67435 0.67761 28.5527
11.78809 9.06391 10.60862 0.78648 27.82373
12.12804 8.88859 10.04958 0.80285 28.21292
11.17514 9.17541 10.70149 0.72117 28.28449
11.92652 8.89941 10.1973 0.75047 28.29634
11.92497 8.33873 10.39191 0.6492 28.75038
11.76542 8.75715 10.32718 0.60072 28.59794
11.42209 8.6337 10.31323 0.63939 29.03571
11.4977 8.9585 10.50178 0.74905 28.34041
11.44614 8.88569 10.52611 0.78855 28.40391
11.14475 8.61245 10.38211 0.64778 29.2348
10.69949 8.80387 10.73295 0.55473 29.22899
11.0959 9.16178 10.5722 0.53615 28.65851
11.0959 9.31196 10.36661 0.56285 28.68526
11.0622 9.24744 10.49059 0.60945 28.62563
11.12059 8.82308 10.32825 0.56155 29.18741
11.27917 8.84096 10.3025 0.54225 29.05138
11.25974 9.06259 10.57475 0.69391 28.44209
11.44565 9.1377 11.12749 0.76918 27.57571
11.91624 8.18992 10.77099 0.7291 28.44454
11.41111 9.1726 10.66142 0.84755 27.96949
11.75069 8.97227 10.87514 0.79273 27.66371
11.35355 8.59059 11.02977 0.72705 28.32694
11.90975 8.55155 11.06962 0.70524 27.79982
11.52068 8.68809 10.82403 0.6587 28.33759
11.29875 9.32261 10.86639 0.70182 27.84734
11.46101 9.06625 10.50755 0.6519 28.33688
11.56483 9.38309 10.55405 0.68677 27.85189
11.44549 9.01904 10.29377 0.66371 28.60954
11.59543 8.46347 10.46504 0.80127 28.71307
10.74909 9.1571 10.76555 0.7927 28.56938
11.16506 9.16244 9.9768 0.90118 28.83232
11.18319 8.88856 10.34505 0.90238 28.72229
11.11679 9.06112 10.37547 0.90358 28.58505
11.18117 8.92779 10.86336 0.78223 28.28349
11.5149 9.05049 10.65523 0.75106 28.06418
11.38695 8.9325 10.27701 0.72507 28.70064
11.35558 9.5044 10.21439 0.72435 28.22857
11.36404 9.53933 10.35502 0.80762 27.96253
11.278 9.53734 10.29799 0.70357 28.21903
10.92362 9.19952 10.67272 0.72377 28.50981
11.21383 9.42257 10.55188 0.76898 28.08594
11.50962 9.25552 10.37114 0.75061 28.15473
11.24021 9.27188 10.41678 0.70446 28.40373
11.48887 9.05811 10.15442 0.63159 28.68901
11.53309 9.02679 10.45034 0.63346 28.38263
11.76898 9.00152 10.36829 0.72978 28.16249
11.42822 9.33682 10.01844 0.77278 28.48064
11.20824 8.94275 10.66845 0.75909 28.45902
10.68334 9.22269 10.87108 0.78676 28.46476
10.90393 9.58257 10.69162 0.70353 28.15548
10.77155 8.65799 10.7363 0.78339 29.09331
11.10864 9.24393 10.67837 0.80938 28.22446
11.76687 9.11009 10.11725 0.70529 28.34974
11.4858 8.94862 10.38165 0.70435 28.52941
11.41629 9.22476 10.21989 0.73682 28.45214
11.23343 8.38961 11.05184 0.70279 28.67287
11.24078 8.87411 10.3797 0.65921 28.89141
11.35807 9.48165 10.29936 0.75326 28.18403
11.42836 9.01755 10.08879 0.67807 28.83716
11.59414 8.8196 10.27869 0.69811 28.65522
11.11757 9.09637 10.70892 0.79281 28.33679
11.23519 8.85378 10.51431 0.73965 28.69246
11.23233 9.3938 10.25132 0.6767 28.47536
11.10229 9.38197 10.39224 0.6266 28.52257
11.18469 9.08621 10.34464 0.62345 28.79127
11.24201 9.08255 10.29638 0.67439 28.74603
11.19856 9.168 10.21337 0.78428 28.69972
11.0733 8.99764 11.20382 0.70207 28.0668
11.46097 9.07224 10.75356 0.70435 28.04723
10.94558 9.29652 10.57989 0.65709 28.55249
10.81183 9.39126 11.20973 0.6739 27.9544
11.66358 9.18078 10.26255 0.72675 28.21727
11.97348 8.8688 10.20582 0.79456 28.21445
11.82814 8.46139 10.40304 0.7847 28.57963
11.22929 8.93119 10.70161 0.7278 28.44994
11.0372 8.79371 10.44261 0.74592 29.02156
11.29036 8.79215 10.81398 0.81989 28.34502
11.67588 8.63602 10.77355 0.7972 28.19481
11.46192 8.30219 11.59464 0.85464 27.87048
10.8911 8.54887 11.40968 0.7585 28.44818
11.15006 9.14927 10.82371 0.71785 28.20288
11.22019 8.60627 10.7837 0.69996 28.71525
11.39593 8.71018 10.38673 0.60032 28.94237
11.6358 8.64941 10.5033 0.71992 28.54957
11.9839 8.26811 10.72293 0.68378 28.38966
11.47501 8.51756 10.63068 0.63695 28.76661
11.40496 8.47244 10.89918 0.73773 28.52563
11.33301 8.70014 10.87023 0.7458 28.41089
11.5408 8.50464 10.64989 0.67001 28.67357
12.04086 8.87159 10.62833 0.8613 27.6672
11.57437 8.85901 10.76683 0.85122 27.99455
11.16942 9.21262 10.54446 0.74559 28.35866
11.71052 9.13576 9.65614 0.83222 28.69674
10.46113 8.56511 11.26239 0.88583 28.86967
10.88523 8.57286 10.74659 0.81985 29.02141
11.11359 8.56449 10.94138 0.91409 28.53915
11.65599 8.69328 10.67141 0.87869 28.16452
11.16079 8.63901 10.85421 0.86368 28.5546
11.68667 8.89461 10.24167 0.87106 28.38008
11.43376 8.94193 10.3601 0.76892 28.54354
11.65596 8.83802 10.36612 0.77874 28.40246
11.3037 9.26868 10.47415 0.83574 28.1612
11.59526 8.68184 10.39777 0.89396 28.48524
11.53688 9.04361 10.02624 0.93208 28.52522
11.16898 8.86382 10.74472 0.95508 28.34616
11.18424 8.53189 10.86119 0.92418 28.55274
11.61791 8.53327 10.73727 0.93381 28.23135
11.57407 8.72228 10.78796 0.89199 28.06286
11.66182 8.84595 10.1703 0.84225 28.50745
11.39583 9.04031 9.96041 0.81597 28.81285
11.24852 8.63856 10.31824 0.80525 29.01481
11.45781 8.65507 10.31204 0.75104 28.84675
11.13021 8.72686 10.7342 0.84268 28.60427
11.43008 8.73461 10.46486 0.85393 28.55504
11.19733 8.96999 10.15831 0.83588 28.89725
11.53719 9.34753 10.25163 0.75894 28.15028
11.56658 9.23011 10.4948 0.747 28.00612
11.1658 9.02992 10.38744 0.76844 28.6861
11.77045 9.16399 9.93321 0.8186 28.3605
11.82184 9.37677 10.20723 0.78675 27.86198
11.20629 9.21247 9.94219 0.6711 28.99576
11.56221 9.03552 10.06265 0.68715 28.68874
11.12844 8.54166 10.43193 0.62922 29.29194
11.24382 8.90721 10.04103 0.66123 29.18054
11.081 9.05916 10.24094 0.62613 29.01942
10.91726 8.81774 10.97292 0.57807 28.73456
11.08264 9.42684 10.02266 0.67713 28.81991
11.16244 9.41755 9.94466 0.65137 28.85046
11.21385 9.14755 10.32469 0.68863 28.65952
11.44781 8.96859 10.2493 0.74977 28.62162
11.29055 8.93515 10.18161 0.69694 28.92614
10.97687 9.10604 10.27134 0.72838 28.95628
11.16122 8.96603 10.47356 0.71173 28.71301
11.08889 8.90878 10.51872 0.67801 28.82714
11.30777 8.7867 10.03438 0.64309 29.24738
11.38313 8.76702 10.3843 0.6327 28.85514
11.01744 9.22694 10.53588 0.68883 28.56117
10.73617 9.9164 10.00036 0.58078 28.78707
11.261 8.83841 10.76061 0.6714 28.50398
11.49147 9.23932 10.50907 0.64452 28.15413
11.34836 9.30181 10.6026 0.64003 28.14139
11.27925 9.11807 10.82978 0.60093 28.20757
11.52634 9.22595 10.53304 0.64955 28.11074
11.46774 9.21054 10.52611 0.74037 28.11298
11.31918 8.97842 10.68424 0.71094 28.34517
11.92517 8.77238 11.0604 0.71555 27.5683
11.36254 9.00526 10.80558 0.70171 28.16571
11.40217 9.28666 10.70381 0.61968 28.02327
11.29374 9.20614 10.47544 0.6075 28.44438
11.50429 8.85093 10.06651 0.59178 29.01002
11.62893 8.71494 10.55959 0.66737 28.45322
11.73641 8.69109 10.4579 0.59149 28.55051
11.05245 8.70247 11.07528 0.65834 28.53719
11.49708 8.68645 10.69034 0.67266 28.48102
11.45708 8.7954 10.69661 0.63649 28.45029
11.05902 8.93463 10.2893 0.62314 29.1222
10.95607 9.10153 10.90832 0.67177 28.40854
10.87636 9.25065 10.811 0.66526 28.44149
11.29571 8.76657 10.48654 0.6507 28.82389
10.75854 9.03886 10.65289 0.72318 28.85286
10.64039 9.76388 10.21259 0.81077 28.61045
11.40385 8.70169 10.56173 0.82574 28.5486
10.84207 8.80935 10.39452 0.68383 29.29031
11.41966 8.96775 10.17192 0.70374 28.75493
11.30313 8.87773 10.43858 0.70625 28.7028
11.33515 8.89262 10.04609 0.72381 29.03005
11.28769 8.77749 10.27326 0.85145 28.85771
11.46989 8.9162 10.68097 0.81193 28.15885
11.13359 9.01917 10.64019 0.83576 28.42101
11.47915 8.88246 10.72335 0.73187 28.22361
11.47426 8.84915 10.64619 0.8082 28.26671
11.69988 9.40484 10.04844 0.67746 28.20334
10.90952 9.09104 10.38567 0.62915 29.00913
11.28417 8.81099 10.85902 0.70445 28.37333
11.57786 8.80394 10.52665 0.76615 28.35725
11.3651 8.715 10.44871 0.66501 28.82857
12.06203 8.7148 10.20626 0.68678 28.35323
11.70513 8.66593 10.30564 0.71599 28.6264
11.70635 8.82389 10.46298 0.72648 28.3098
11.26043 9.20144 10.55933 0.7287 28.27931
11.22037 8.90282 10.52517 0.69385 28.68248
10.75739 9.30503 10.47388 0.68606 28.79708
10.83503 9.17343 10.37294 0.65071 28.98685
11.29235 9.11686 10.29972 0.76417 28.56745
11.52802 8.88444 10.18816 0.75261 28.68547
11.12473 9.10856 10.30526 0.72136 28.7814
10.94719 9.14948 10.57705 0.70475 28.65845
10.97745 9.19532 10.71756 0.74487 28.40832
11.03667 9.03748 10.60106 0.61479 28.73967
11.1169 9.22819 10.06302 0.60447 29.00766
11.52132 8.71058 10.29605 0.60699 28.88755
11.37466 9.25262 10.23615 0.67741 28.49496
11.03759 9.09933 10.78369 0.66101 28.44898
11.42374 9.30391 10.35694 0.67745 28.28185
11.77062 9.26709 10.24964 0.59562 28.14122
12.0642 8.74076 10.33452 0.61295 28.27267
11.8352 8.97167 10.53759 0.54893 28.12412
11.42297 8.55097 11.02439 0.56429 28.45312
11.78117 8.73895 10.97059 0.65451 27.88115
12.334 8.74887 10.53845 0.78597 27.63157
11.22818 8.89741 10.75639 0.72629 28.41475
11.41474 8.59202 11.00452 0.69008 28.32178
11.65349 8.78643 10.65452 0.68939 28.24912
11.16079 8.63148 10.65588 0.6306 28.95027
11.30621 8.39348 10.72986 0.60358 28.98686
11.65381 9.13207 10.47989 0.62276 28.13752
11.54265 8.90868 10.69457 0.69871 28.17818
11.15171 9.06354 10.16649 0.65829 28.97751
11.51941 8.9267 10.24439 0.78883 28.55308
11.72166 9.31908 10.19332 0.77527 28.0112
11.72497 8.94699 10.19259 0.75926 28.39297
11.36447 8.92822 10.83403 0.8153 28.08386
11.03744 8.66328 10.18508 0.65499 29.46937
11.18319 8.90792 10.13549 0.66069 29.12869
11.76105 8.24156 10.68195 0.67516 28.65802
11.75454 8.27433 11.11461 0.60384 28.2657
11.22515 8.56479 10.81301 0.59118 28.81729
11.79401 8.42644 10.49845 0.54544 28.74443
11.44281 8.46198 11.29487 0.59889 28.21862
11.50076 8.63493 10.56145 0.5747 28.73968
11.24241 8.82438 10.48461 0.59535 28.86518
11.15686 8.75507 10.97053 0.60129 28.53051
11.08758 8.85629 10.86716 0.60994 28.59131
11.27326 9.26281 10.17822 0.58959 28.70972
10.97887 8.99316 10.81394 0.63789 28.58877
10.87583 8.50103 10.83742 0.65912 29.14661
11.31654 9.14277 10.22079 0.72518 28.61565
11.09858 8.90812 10.52064 0.64608 28.84519
11.22616 9.12645 10.9733 0.61765 28.07481
11.26854 9.21379 10.27854 0.64429 28.60938
11.19279 8.94203 10.86652 0.73983 28.2834
11.56531 8.74724 10.26638 0.79914 28.64015
11.27046 9.22627 9.97979 0.80114 28.74086
11.48993 8.78403 10.44502 0.77405 28.51914
11.90849 8.53212 10.41914 0.72428 28.42945
11.1693 9.09145 10.43975 0.7148 28.59637
11.10452 9.1661 10.63235 0.80783 28.30291
11.63659 8.95977 10.4663 0.87918 28.08345
11.25411 8.99821 10.66304 0.91369 28.19477
11.35681 8.81337 10.39921 0.84783 28.60261
11.69918 8.0718 10.70167 0.7531 28.78954
11.66392 8.24647 10.8232 0.87356 28.42407
11.25044 8.91065 10.24011 0.82623 28.7945
11.56746 8.92106 10.52364 0.95285 28.06544
11.27096 8.98439 10.44535 0.97597 28.35102
11.19796 8.40268 10.962 0.93082 28.52744
10.97098 8.91697 10.63374 0.87355 28.62909
11.22541 8.6757 10.71496 0.84847 28.55956
10.84771 8.95494 11.0738 0.8379 28.31073
11.14126 8.61982 10.83022 0.78497 28.65227
11.26481 9.03711 10.41166 0.79751 28.51488
11.50449 9.15977 10.3692 0.75848 28.22981
11.31648 9.21495 10.16484 0.75589 28.57338
10.62056 9.49868 10.39448 0.69273 28.81315
11.2868 8.84956 10.67202 0.62623 28.58562
11.40177 8.67664 10.89546 0.68098 28.36832
11.06623 8.5746 10.94849 0.663 28.76853
11.40017 9.01191 10.07174 0.58023 28.94461
11.46749 8.77447 10.35119 0.69258 28.73521
11.04029 9.13251 10.8461 0.66468 28.33822
11.60057 8.68602 10.51701 0.62902 28.5842
11.52051 8.42556 10.7302 0.6669 28.67451
11.44053 8.28059 10.3542 0.71348 29.23247
11.19179 9.04862 10.11181 0.7857 28.88918
11.4335 8.68212 10.36238 0.75203 28.79054
11.16649 8.50203 10.59939 0.76999 28.99032
11.1421 8.62067 10.74275 0.76443 28.76698
11.65489 8.74685 10.5159 0.71806 28.39424
11.09972 8.80327 10.27062 0.56819 29.27767
11.32128 8.80821 10.53758 0.63765 28.72215
11.71427 8.64325 10.85757 0.63629 28.18639
11.22553 9.22119 10.12121 0.58819 28.86207
10.5189 9.06749 10.67784 0.53472 29.21915
10.80102 8.72424 10.95241 0.58012 28.96479
11.45998 9.05233 10.58419 0.68775 28.24742
11.49753 9.20795 10.59706 0.75258 27.98488
11.21451 8.86499 10.90049 0.81121 28.23867
11.46813 8.72101 10.09633 0.79546 28.94563
11.49103 8.61749 10.55294 0.89314 28.48766
11.37462 8.6621 10.4057 0.88778 28.70011
11.82914 8.65962 10.44043 0.83756 28.25949
11.40814 8.58339 10.6183 0.81907 28.59725
11.46021 8.47209 10.884 0.83504 28.38183
11.33984 8.98499 10.75619 0.90343 28.05272
11.55472 8.6438 10.86738 0.80849 28.15899
11.75506 8.41296 10.73456 0.83049 28.30962
10.76344 8.77185 11.11319 0.80629 28.58053
11.63151 8.28694 11.00646 0.85401 28.25729
11.68559 8.51683 10.03766 0.75221 29.02158
11.55571 8.55726 10.45729 0.82688 28.62279
10.85103 9.09612 10.9194 0.84281 28.31771
10.86842 9.46635 9.98075 0.77273 28.93628
11.70502 9.10618 10.28673 0.891 28.06399
10.79183 9.95156 9.87819 0.87483 28.55185
10.61906 9.60925 10.33997 0.80869 28.66368
11.26218 9.32253 11.09953 0.8623 27.49569
11.42432 9.46873 10.35944 0.87227 27.91282
10.87557 9.09304 10.59983 0.75405 28.71261
11.33742 8.40431 10.98495 0.74368 28.55913
10.82351 8.56725 11.12777 0.69148 28.81465
10.88931 9.3711 10.61732 0.65683 28.49282
11.29715 9.57664 10.52262 0.72997 27.92009
11.64833 8.76528 10.47062 0.80661 28.35406
11.15991 8.84799 11.07706 0.81892 28.1402
11.31129 8.97843 10.80875 0.869 28.07811
11.85996 9.03274 10.26855 0.91685 27.95454
11.57654 8.81254 10.62985 0.90003 28.2016
11.50075 9.23205 10.35492 0.70721 28.27699
11.08255 9.20403 10.68408 0.76888 28.34292
11.3235 9.00708 10.7921 0.88151 28.08421
11.19259 9.37453 10.96814 0.92667 27.64258
11.45775 9.37324 10.14353 1.06569 28.09554
11.18088 9.52028 10.09862 0.84196 28.44469
11.49179 9.45574 10.52077 0.94071 27.67296
11.83021 8.97704 10.245 0.82651 28.19653
11.43004 8.83665 10.24214 0.75583 28.77779
11.22538 9.0623 10.54159 0.73657 28.47229
11.42872 8.72008 11.25818 0.85372 27.80053
11.40124 8.95173 11.09797 0.8164 27.7887
11.79349 8.94823 10.51544 0.69788 28.1024
11.13415 9.33793 10.83217 0.78701 27.99737
11.41923 9.18739 11.00677 0.76688 27.70725
11.19283 9.00058 10.66265 0.77056 28.44783
11.31474 8.7187 10.87191 0.73816 28.41381
11.54237 9.08737 10.14938 0.80153 28.48307
11.77112 8.71973 10.43711 0.81229 28.32881
11.46521 9.06656 10.47722 0.79943 28.25445
10.85329 9.33229 10.59095 0.72627 28.55443
10.81461 9.29275 10.97065 0.81293 28.19496
11.23656 9.47699 10.13343 0.73431 28.51092
10.92939 8.67918 11.16662 0.69655 28.60894
11.2836 8.90291 11.0612 0.68302 28.1268
11.11864 9.0026 10.75757 0.67379 28.49891
10.92327 9.4196 10.25384 0.73581 28.71891
11.30237 9.06251 10.43823 0.72466 28.52221
11.57409 8.84716 10.36057 0.8505 28.42392
11.50994 8.92503 10.57154 0.79068 28.25569
11.86776 8.59999 10.8571 0.74926 27.97513
11.46532 8.89978 10.86376 0.83041 28.01111
11.81643 8.54861 10.74195 0.78699 28.1698
11.44545 8.54433 10.86839 0.85928 28.35841
11.17421 8.93244 11.28755 0.72648 27.94921
11.15473 9.31339 10.75154 0.66291 28.16001
11.32653 8.99408 11.13317 0.65802 27.94412
11.86849 8.5121 11.03399 0.69324 27.94352
11.81536 8.57273 11.13225 0.64259 27.8908
11.9424 8.94958 10.70787 0.67867 27.79171
11.63822 9.47495 10.69281 0.71318 27.55005
11.88166 8.99576 10.80669 0.76167 27.63162
11.85416 8.45569 11.02776 0.65964 28.05252
11.69736 8.94455 11.03221 0.61265 27.77462
11.23772 8.72867 10.6667 0.60477 28.82211
11.46729 9.04457 10.76082 0.62887 28.15397
11.40292 9.19349 10.4348 0.59724 28.40436
11.19354 9.36494 10.35215 0.63208 28.49589
11.09436 8.86178 10.5137 0.64613 28.91956
11.26815 8.80728 10.66545 0.58522 28.7203
11.29732 9.46228 10.53515 0.57826 28.17558
11.52141 8.55484 10.67984 0.57877 28.71291
11.44372 9.02936 10.69375 0.62409 28.26908
11.76945 8.65584 10.93919 0.53276 28.14939
11.68284 8.77934 10.48697 0.49576 28.59061
11.60041 8.93891 10.81449 0.50676 28.1722
12.12671 9.14628 10.54836 0.63474 27.59833
11.9706 9.00322 10.67679 0.62606 27.78174
11.86481 9.11756 10.49247 0.60191 27.98307
11.20684 8.66231 10.28808 0.55598 29.32166
11.31149 8.73103 10.73515 0.60173 28.6588
11.39948 8.50059 10.96834 0.66425 28.5015
11.02296 9.12898 10.42373 0.67306 28.80323
11.29723 9.06473 10.19633 0.67303 28.82229
11.50489 8.92221 10.09335 0.81257 28.73477
11.52845 8.89407 10.55149 0.72579 28.36296
11.85928 9.21691 10.34236 0.75119 27.90733
11.54451 8.82427 10.7962 0.74421 28.17039
11.79936 8.95343 10.42803 0.71137 28.18577
11.74037 8.47446 10.57088 0.83972 28.48028
11.20376 8.8245 11.23234 0.94827 27.92934
11.49636 8.2974 10.53881 0.91199 28.85294
11.47117 8.21597 11.02306 1.14304 28.32747
11.82148 9.20162 10.17555 1.04906 27.88586
11.30594 9.28448 10.02889 0.95428 28.5212
11.53647 9.40945 10.23081 0.96444 27.94736
11.66754 9.32157 10.29847 0.95561 27.83498
10.91083 8.93024 10.71883 0.85945 28.65237
11.47341 8.69264 10.41714 1.00915 28.52574
11.45794 8.55 10.42865 0.99409 28.68841
11.02904 9.07214 10.38591 1.03706 28.59582
11.14259 9.23909 10.36278 1.12556 28.27073
10.95225 9.21351 10.49035 1.02639 28.4132
11.60648 8.83585 10.26069 0.90024 28.46475
11.01982 8.89548 10.51487 0.84016 28.77409
11.29854 8.64609 10.46566 0.84146 28.8021
11.50831 8.807 10.3082 0.9544 28.50478
11.69184 8.58223 10.26614 1.08108 28.48692
11.44302 8.89019 10.06818 1.26007 28.47958
11.37224 8.9031 9.91185 1.20774 28.75703
11.24596 9.03353 10.24094 1.27259 28.37313
11.31681 8.99571 10.24184 1.08857 28.45791
11.2885 9.18068 10.31443 1.08192 28.23181
11.71114 8.89565 10.47519 1.03488 27.97369
11.51434 8.71797 10.73698 1.04032 28.08212
11.92178 8.82179 10.358 1.03146 27.9471
11.07986 9.23012 10.27267 1.18973 28.35554
11.6594 9.1993 10.14485 1.03443 28.03781
10.96331 9.13268 10.03427 1.00134 28.93429
11.16509 8.80134 10.20363 0.89694 28.99336
11.39067 8.68462 10.48157 1.01235 28.51257
11.40682 9.40623 9.82795 1.20982 28.31712
11.33819 9.33018 10.08197 1.09023 28.31539
11.53177 9.14396 10.4895 0.98531 27.97913
11.09855 9.11942 10.67742 0.80011 28.38084
11.39008 8.8049 10.89654 0.83853 28.13493
11.38125 9.10932 9.86178 0.92944 28.78436
11.75966 9.3007 9.60374 0.95482 28.47113
11.444 9.10369 10.01907 0.94471 28.59113
11.68835 8.78271 10.62409 0.88782 28.09171
11.22875 9.03607 10.34004 1.02083 28.48728
11.34977 8.95263 10.53399 1.03456 28.23288
11.41513 8.9355 10.01281 1.11349 28.64299
11.34137 9.41239 9.98901 1.13463 28.23419
11.94741 8.81621 10.23071 1.19593 27.90733
11.42332 9.17168 10.5242 1.07163 27.90982
10.97829 8.77642 10.84238 0.97203 28.49084
10.95841 8.77786 10.84716 1.00544 28.49969
11.12128 8.61293 11.07531 1.00654 28.30349
11.36303 8.24657 10.88753 0.84513 28.71448
11.28753 9.18075 10.39516 0.87212 28.32699
11.49662 9.42052 10.29571 0.89425 27.95433
11.10751 8.78929 10.73468 0.95167 28.46985
11.10821 8.92764 10.08333 0.89391 29.02525
10.95998 8.81005 10.23606 0.88236 29.15017
11.29414 8.47343 10.21408 0.91313 29.1435
11.50506 8.76472 10.03088 0.98827 28.77453
11.26042 8.96921 10.1342 0.98022 28.72146
10.84755 9.37711 10.0997 1.01444 28.76269
11.72983 9.43211 10.02966 1.26944 27.73297
11.47473 8.55696 11.01807 1.35689 27.81082
11.41672 8.97587 10.60778 1.18137 27.9863
11.48343 8.58364 10.84564 1.32588 27.95948
12.28603 8.37516 10.45446 1.16124 27.87344
12.10126 9.06704 9.8843 1.30191 27.86548
12.07144 8.38841 10.57987 1.16809 27.95313
11.73078 8.48565 10.66104 1.39566 27.96863
11.09228 8.92375 10.84336 1.32723 28.02647
11.44217 8.64865 10.80412 1.07499 28.15588
11.35174 9.17979 10.62182 1.0561 27.89537
10.81597 9.20239 10.60572 0.88071 28.55746
11.48298 9.31832 10.07867 0.83824 28.33198
11.99762 8.74827 10.42711 0.86617 28.01567
12.14404 8.55555 10.98791 0.76551 27.62485
11.80841 9.14851 10.91527 0.76318 27.44958
11.79192 8.91926 10.97017 0.68646 27.705
11.51944 9.18963 10.53626 0.65881 28.1574
11.57398 9.11561 10.45794 0.66593 28.24283
11.78949 9.00846 10.56402 0.73881 27.99043
11.63888 8.59101 10.65142 0.59252 28.57193
11.49055 8.10228 11.10963 0.56375 28.77606
11.25839 9.08354 10.51439 0.67619 28.5273
10.9303 8.79644 10.94838 0.73321 28.6464
11.06583 8.89748 10.51398 0.66632 28.90645
10.65599 9.14448 10.52448 0.62904 29.07757
10.95484 8.91051 10.59137 0.63509 28.94502
11.57287 8.8256 10.18636 0.65067 28.79132
11.43588 9.29469 10.24989 0.65508 28.38712
11.59392 8.7897 10.40716 0.72361 28.53523
10.65963 9.40381 10.36873 0.71828 28.88875
11.29989 9.24746 10.08707 0.68747 28.71521
10.96628 9.00812 10.70289 0.77554 28.60527
11.30256 8.85509 10.39672 0.79391 28.72638
11.36412 8.48746 10.94116 0.6733 28.58
11.10433 8.37538 10.98737 0.63109 28.94404
11.63691 8.91573 10.16782 0.74069 28.60467
10.73659 8.65458 10.79417 0.70001 29.16985
11.57156 9.05379 10.19156 0.67951 28.55438
11.65453 9.31845 10.40456 0.70526 27.98101
11.46564 9.06556 10.60065 0.70743 28.19849
11.10797 9.44423 10.33742 0.67281 28.47394
11.01499 8.5506 10.85694 0.68675 28.92232
11.03466 8.88698 10.5102 0.6797 28.9232
11.2696 8.61234 10.60184 0.7268 28.81827
11.39572 8.4537 10.77383 0.85364 28.57888
10.99568 8.72035 10.88715 0.75024 28.68585
10.97645 8.95512 10.72716 0.7757 28.63095
11.42355 8.82978 11.09516 0.70023 28.03029
11.20879 9.40206 10.63036 0.6035 28.20063
10.92571 9.51533 10.77728 0.60664 28.21497
11.4273 9.52844 10.25076 0.63104 28.19983
11.807 9.54638 10.28327 0.68392 27.74229
11.52697 9.24042 10.56643 0.61645 28.08946
11.22166 8.84381 10.69924 0.59998 28.66569
11.8666 8.87109 10.50646 0.6414 28.15461
11.56613 8.97698 10.01474 0.66578 28.80192
10.97366 9.252 10.05991 0.68682 29.05512
11.22321 8.90158 10.47821 0.67208 28.75562
11.7272 9.12305 10.39258 0.74709 28.05077
11.40698 9.2317 10.16945 0.7226 28.51416
11.42888 9.40402 9.6564 0.69253 28.85555
11.05562 9.01906 10.71645 0.67436 28.57343
10.94666 9.2543 10.85131 0.61992 28.3612
11.22832 9.13285 10.78982 0.68962 28.20435
11.60746 9.11425 10.03768 0.6216 28.65093
11.69149 9.02793 10.31416 0.70019 28.30991
11.07028 9.04499 10.49746 0.77305 28.66337
11.18926 9.26203 10.36462 0.65198 28.5656
11.47898 8.95241 10.72618 0.59128 28.28854
11.70027 9.05364 10.88474 0.75287 27.66552
11.31724 8.90015 10.75678 0.64874 28.40258
11.27241 9.38244 10.68891 0.60387 28.08743
11.32817 8.60698 10.96708 0.54726 28.57681
12.13934 9.03036 10.35817 0.61482 27.91386
11.58887 8.92862 10.45693 0.58128 28.4797
11.29952 8.77036 10.98431 0.70105 28.29613
11.4746 9.02178 10.8522 0.77995 27.91684
11.38768 8.69027 11.41445 0.81545 27.75062
11.64056 8.72334 11.05645 0.80968 27.85449
11.69685 8.36384 11.25661 0.77944 27.96016
11.24835 8.67836 10.93258 0.76563 28.42713
11.88547 8.57738 11.00653 0.68107 27.90626
11.67897 8.68755 10.78122 0.56131 28.31902
11.93246 8.61773 10.63308 0.54496 28.30113
11.2966 9.18918 10.64207 0.55287 28.33812
11.44488 8.86436 11.21716 0.54654 27.95655
11.8445 8.98734 9.80034 0.54187 28.85021
11.31966 9.22765 10.16469 0.55309 28.7606
11.62101 8.70415 10.41644 0.6056 28.69223
11.50169 8.88789 10.15556 0.66348 28.84422
11.35966 8.98012 10.75303 0.56385 28.38076
11.52624 8.96827 10.0583 0.65161 28.84506
11.72331 8.48315 10.5098 0.64219 28.67618
12.01878 8.5827 10.65634 0.67934 28.10847
11.48457 8.69686 10.79651 0.68601 28.37049
11.6922 8.42212 10.91975 0.59909 28.38891
11.55177 8.66414 10.49521 0.66618 28.65502
11.93315 8.76669 10.65216 0.76228 27.93472
11.54289 8.61145 10.67046 0.69001 28.52531
11.71907 8.87662 10.57965 0.71925 28.13683
11.39638 8.82745 10.69057 0.72398 28.39111
11.11917 9.00197 10.54146 0.71397 28.653
11.15864 8.67867 10.75202 0.69569 28.74615
11.01898 9.14861 10.38467 0.81086 28.67334
10.69437 9.3706 10.55377 0.81622 28.60338
11.12795 9.13183 10.78734 0.81872 28.18591
11.0984 8.83564 10.32155 0.70713 29.07194
11.08549 9.07957 10.58587 0.72268 28.56598
12.02653 8.64217 9.90163 0.69802 28.76505
12.24159 8.9538 10.49555 0.71309 27.64638
11.76184 8.91321 10.88877 0.68192 27.78547
11.32871 8.85009 10.5753 0.66643 28.60276
11.11001 9.15064 10.32985 0.6285 28.8071
11.24754 8.82707 10.7819 0.60646 28.57228
11.19728 8.78336 10.70447 0.60138 28.7426
11.18611 9.37928 10.68513 0.70232 28.10214
11.49349 9.3446 10.43103 0.70025 28.07834
11.1177 9.19096 10.26647 0.70288 28.7583
10.93173 8.89176 10.88658 0.62334 28.68893
10.81498 9.05837 10.74084 0.67381 28.743
11.027 8.88397 10.57371 0.6126 28.92207
11.19063 9.2222 9.99028 0.65315 28.96599
11.24671 9.39429 10.07382 0.67496 28.63649
10.70019 9.11667 10.79202 0.63963 28.77622
11.31785 8.4963 10.81238 0.65004 28.74579
11.43691 9.1376 9.97076 0.60272 28.86466
11.37961 8.9836 10.6154 0.63663 28.40945
11.44084 9.01452 10.37487 0.65047 28.54571
11.61001 8.66451 10.61473 0.63388 28.50483
12.07259 8.78193 10.29541 0.65595 28.23358
11.69966 8.64839 10.8016 0.68396 28.21167
11.35342 9.34822 10.54549 0.66676 28.11516
11.93869 8.62635 10.52712 0.68527 28.25119
11.85453 8.80713 10.48666 0.74132 28.14381
11.30375 9.15781 10.37826 0.70826 28.48136
11.40145 9.23344 10.75775 0.82217 27.82724
11.59033 8.94619 10.28054 0.7821 28.43305
10.9696 9.31366 10.32956 0.7489 28.66511
11.76094 8.14123 10.46522 0.74132 28.92633
11.64473 8.75115 10.23702 0.79966 28.61017
11.16007 8.60706 10.59907 0.79622 28.87751
11.32306 9.02156 10.31222 0.76871 28.60697
11.20359 8.71999 10.97206 0.80568 28.33638
11.53787 8.74977 10.21653 0.80579 28.72786
11.1954 8.82403 10.54151 0.72278 28.7366
11.6519 8.8663 10.76651 0.68177 28.06465
11.55386 8.69689 10.94977 0.63195 28.19336
11.55974 8.85291 10.41146 0.64961 28.55833
11.51559 8.59385 10.77695 0.66276 28.48314
11.78144 8.48248 10.93845 0.63775 28.18505
11.42424 8.80474 10.87408 0.76195 28.17484
11.29356 8.95739 10.82134 0.74928 28.21687
10.64698 9.11553 11.03032 0.66597 28.56236
10.90371 8.80429 10.82375 0.67995 28.80898
11.21709 8.93161 10.88548 0.67654 28.31846
11.20875 9.0545 10.69134 0.74205 28.33427
11.5412 8.54584 10.76452 0.764 28.418
11.20342 9.00518 10.57301 0.74684 28.51704
11.64028 9.08046 10.53016 0.73051 28.06287
11.85809 8.90854 10.33348 0.73404 28.21147
11.87118 8.7871 10.23108 0.70617 28.44449
11.66577 8.6691 10.61229 0.73795 28.36062
11.72226 8.86096 10.35587 0.77712 28.33262
11.75867 8.52783 10.61838 0.63389 28.50013
11.1702 8.71146 10.81192 0.61619 28.72399
11.31963 8.82346 10.35621 0.5766 28.9475
11.32855 9.07162 9.9103 0.61298 29.10272
11.26314 8.56777 10.57304 0.65935 28.96466
11.72101 9.41559 9.87844 0.75046 28.27259
11.79051 8.94667 10.06294 0.74778 28.47397
11.89516 8.5357 10.69028 0.81427 28.09767
11.65492 8.81192 10.24046 0.75764 28.57003
11.02196 8.95566 10.69149 0.67685 28.67806
11.52762 8.21123 10.76529 0.70018 28.8266
11.60822 8.49306 10.70836 0.7595 28.47396
11.40261 8.25041 11.13788 0.69184 28.55338
11.22856 8.37388 11.499 0.63832 28.29713
11.8535 8.55003 11.26917 0.67622 27.70549
11.95678 8.46128 10.6806 0.63542 28.29273
12.11051 8.45025 10.4596 0.69946 28.31874
11.58907 8.84546 10.47757 0.69208 28.42164
12.0587 9.03684 9.96234 0.80132 28.20109
11.5062 9.32477 10.04099 0.7644 28.40414
10.93518 9.37759 9.81494 0.77437 29.13268
11.24901 8.6331 10.9963 0.78911 28.37307
11.42348 8.92543 10.51111 0.70876 28.46571
11.89519 8.76166 10.5175 0.732 28.15219
11.19138 8.68413 10.8082 0.62592 28.72666
11.02362 8.27811 11.17102 0.62529 28.9324
11.75056 8.56595 10.60285 0.65071 28.47445
11.44873 8.80905 10.97609 0.69679 28.11386
11.40708 8.84566 10.55725 0.67924 28.53963
11.84563 8.517 10.38618 0.67525 28.60592
11.38664 8.59449 10.68564 0.76287 28.59969
10.80874 8.67718 10.83062 0.75047 28.95805
10.99781 8.44456 10.67781 0.76359 29.13429
11.04497 8.74361 10.30311 0.73146 29.19632
11.22769 8.65479 10.23692 0.6854 29.21476
11.07149 9.01545 10.25547 0.76463 28.92145
11.08662 8.8511 10.85311 0.86329 28.3764
11.35012 9.13106 10.20014 0.74097 28.60465
11.03427 8.84832 10.31483 0.70508 29.12344
11.36315 8.86408 10.21339 0.70304 28.88488
11.30103 9.14688 10.08471 0.77649 28.72385
10.73665 9.44639 9.94828 0.70304 29.19988
10.7968 9.1488 10.97762 0.70946 28.39381
11.27634 9.39431 10.57322 0.73469 28.07911
10.97629 8.73302 10.73003 0.72148 28.87494
10.91678 9.02045 10.46137 0.65842 28.98004
11.23043 9.12273 9.99273 0.62525 29.0655
11.52428 9.24839 10.04619 0.61917 28.59259
11.50406 9.18608 10.42543 0.67266 28.23808
11.08947 9.14001 10.87973 0.81705 28.12235
11.14569 9.18949 10.1665 0.75653 28.77933
11.49557 8.64054 11.02213 0.70997 28.16673
11.23529 8.8382 11.15856 0.69162 28.10424
11.92939 8.32345 10.89723 0.73414 28.14711
11.73437 8.10662 10.51349 0.65816 29.01336
11.0568 9.13155 10.45775 0.63949 28.73813
11.59599 8.67869 10.74153 0.65492 28.3626
10.93929 8.79251 10.7275 0.70312 28.8727
10.85921 8.67554 11.07952 0.72244 28.69759
11.33606 8.69259 10.50901 0.77589 28.72931
10.95985 9.10202 11.13629 0.78926 28.06877
11.69256 9.19207 10.05767 0.84405 28.27113
10.82543 9.56036 10.57109 0.72984 28.34828
11.78342 9.08249 10.46952 0.6159 28.08484
11.38226 8.82607 10.36655 0.67719 28.7835
11.54057 8.96885 10.2195 0.63489 28.67032
10.95704 9.48099 10.08276 0.60304 28.90235
11.26279 8.75103 10.52708 0.75715 28.74037
11.46131 9.39215 10.05861 0.78944 28.33816
11.4138 8.75216 10.67697 0.70246 28.47827
11.57487 8.60728 10.45724 0.72849 28.6623
11.20466 9.30816 10.10129 0.76418 28.6491
10.85369 8.83209 10.57053 0.7811 28.99202
11.38078 9.13876 10.26828 0.69307 28.54522
11.36411 8.48572 10.48121 0.57944 29.10745
11.43602 8.48251 10.44392 0.68476 28.97877
11.75198 8.14072 10.86142 0.66443 28.61055
11.76985 8.72251 10.48763 0.68196 28.37716
11.90179 8.31448 10.31498 0.64047 28.85068
11.2578 8.46553 11.13857 0.60991 28.5665
11.69935 8.57198 10.95953 0.70666 28.11489
10.69289 8.81106 10.87743 0.71067 28.94795
10.9958 8.8243 10.37083 0.58533 29.24803
11.03152 8.8747 10.94024 0.69611 28.49271
11.35679 9.11293 10.4018 0.66494 28.48796
11.53684 8.90564 10.39727 0.7098 28.49272
11.52096 8.48258 10.52299 0.58235 28.91427
11.44307 8.78568 10.71359 0.68296 28.40616
11.51197 8.72758 10.69786 0.67833 28.41295
11.38299 8.66885 10.74002 0.72958 28.51337
11.36857 8.8112 10.56436 0.74707 28.53926
11.09645 9.06652 10.80568 0.58702 28.46275
11.67638 9.1939 10.12897 0.56301 28.45895
11.82817 8.71247 10.80624 0.63085 28.05346
11.16458 8.86407 10.71933 0.58328 28.70033
11.03927 8.52675 11.01734 0.56053 28.87594
11.38339 8.62916 10.93049 0.60196 28.48324
10.99804 8.72436 11.10424 0.53073 28.6633
11.53314 8.32304 10.63462 0.59572 28.9473
11.79585 8.57784 10.19236 0.63738 28.83208
11.55679 8.87131 10.29138 0.58643 28.71784
11.52689 8.53318 10.40444 0.55772 29.00248
11.0134 9.25809 10.79651 0.66157 28.29937
10.95637 9.27637 10.5242 0.6316 28.63469
10.97717 9.11527 10.27706 0.55807 29.09921
11.23674 9.26283 10.59174 0.5612 28.38645
12.18581 8.82303 10.46168 0.64171 27.93379
11.55168 9.38007 10.42268 0.65307 28.02636
11.12071 9.39869 10.49001 0.67657 28.34935
11.2927 9.54114 10.30852 0.68942 28.20268
11.53647 9.04068 10.03115 0.59131 28.81623
11.18969 9.35391 10.43652 0.67107 28.36965
11.53477 9.12224 10.33067 0.66819 28.36414
11.76923 9.14713 10.39956 0.71142 27.99196
11.6424 8.88207 10.45083 0.75843 28.30084
11.779 8.81846 10.61239 0.83523 28.00409
11.2373 8.49687 11.33829 0.65529 28.29748
10.71761 8.4034 11.28206 0.71814 28.91756
10.67954 8.46508 11.16017 0.64818 29.08076
11.23828 8.7173 10.70934 0.77289 28.61735
11.19883 8.57737 11.14478 0.74773 28.37614
11.364 8.93489 10.75825 0.72861 28.24519
11.52238 8.7594 10.66914 0.73779 28.3499
10.94964 9.1098 11.02601 0.63714 28.30718
11.99346 8.72789 10.31314 0.65538 28.3381
11.75694 8.38198 10.27492 0.60197 29.01352
11.27041 8.69025 10.95198 0.63132 28.4823
11.28893 8.70382 10.67678 0.64388 28.70867
11.52037 8.8885 10.79242 0.67443 28.14724
11.95729 9.08075 10.41976 0.71768 27.87098
11.4453 8.84761 10.677 0.77568 28.29602
11.37153 8.9688 10.44373 0.73121 28.5236
11.40541 8.98843 10.85117 0.74351 28.05253
11.24138 8.54513 11.42681 0.73944 28.08589
11.59156 8.65557 11.02792 0.67646 28.07106
11.56113 8.43215 10.88843 0.64883 28.50769
11.06235 8.52016 11.33666 0.74405 28.38848
11.69214 8.6051 10.67724 0.70489 28.36566
11.63976 8.67309 10.76974 0.74389 28.22228
11.90848 8.41945 10.83573 0.74129 28.14485
11.21531 8.64463 10.93627 0.73453 28.5095
11.14237 8.70666 10.65402 0.72478 28.81827
10.85656 8.6488 10.95794 0.73751 28.83176
11.56877 8.7282 11.1114 0.75704 27.86642
11.92431 8.79962 11.34298 0.72172 27.25836
11.30135 9.2297 10.60598 0.75307 28.14901
11.33862 9.34862 10.60669 0.72888 28.01675
11.18865 9.63973 10.53931 0.73641 27.93684
11.61613 9.00021 10.39607 0.82548 28.20757
11.22189 9.36215 10.80275 0.81866 27.83935
11.10245 8.99232 10.61784 0.85008 28.4756
11.5888 9.07839 10.23084 1.02088 28.17527
11.72525 9.04905 10.40624 0.89871 27.9929
11.78693 8.72144 10.5877 1.05633 27.96088
11.41753 8.86348 10.83545 0.9682 28.00295
11.45328 8.89875 10.50187 0.91797 28.27317
11.66889 8.4696 10.7757 1.024 28.13107
11.88633 8.30581 10.98217 1.01175 27.88308
11.7259 8.52306 10.86412 0.75598 28.1605
11.56374 8.73273 10.8952 0.85368 27.99463
11.08567 8.87091 10.67547 0.79182 28.60819
11.22289 8.85948 10.70999 0.81991 28.42499
11.45814 8.9744 10.20369 0.92375 28.49244
11.61965 8.9888 10.22171 0.96124 28.25241
11.65331 8.85082 10.13393 0.80583 28.59425
11.37181 9.15615 10.71072 0.84989 27.95698
11.3899 8.81146 10.34216 0.9527 28.55688
11.61113 8.81254 10.26957 1.0938 28.27859
11.16106 8.85183 10.55302 0.975 28.50968
12.20196 9.1575 10.33488 0.99531 27.37369
11.5648 8.64584 10.82288 0.88285 28.13064
11.02199 9.20757 10.66906 1.01084 28.13796
10.98461 9.12617 10.96581 0.89844 28.06352
11.33363 9.20536 10.43794 0.91383 28.15041
11.46995 9.31088 10.37569 0.77299 28.11006
11.90091 8.35812 10.51784 0.74039 28.52525
10.89835 8.94871 10.75899 0.82544 28.6216
11.45982 8.15235 10.79918 0.89415 28.7627
11.68739 8.63967 10.426 0.89161 28.42641
11.36297 8.84407 11.04716 0.9668 27.88722
11.96436 8.62891 10.74798 0.9583 27.79512
11.72432 8.98902 10.77283 1.0273 27.59478
11.66949 8.8331 10.83916 0.90993 27.82393
11.36764 8.71652 11.09668 0.93494 27.9473
11.11967 9.05901 10.8635 0.81377 28.18112
10.8997 9.1385 11.07474 0.72043 28.20155
11.5605 8.8944 10.98266 0.74115 27.88953
11.24849 8.52922 11.09008 0.8117 28.37691
11.47663 8.70106 10.50982 0.68551 28.66377
11.77469 8.74927 10.44825 0.66825 28.4045
11.47302 9.13269 10.26326 0.65591 28.50128
11.04829 9.41441 10.51183 0.65521 28.39978
11.48557 8.86624 10.59192 0.58668 28.4919
11.4509 8.74189 10.53999 0.66464 28.62885
11.10972 9.71281 10.33242 0.66571 28.20113
11.49477 8.93658 10.41488 0.72884 28.45134
11.92955 8.41293 11.08746 0.70085 27.8923
11.52538 9.20587 10.67233 0.72739 27.89897
11.42184 8.78911 10.68218 0.74105 28.40111
11.61055 9.04282 10.63695 0.71913 28.0248
12.05001 9.0223 10.29715 0.65273 28.01128
11.90962 8.92177 10.47782 0.65566 28.06905
11.87156 8.88742 10.3076 0.67986 28.28775
11.90457 9.14334 10.3789 0.70787 27.89062
11.61461 8.68927 10.66086 0.87174 28.2032
11.37558 8.93457 10.78912 0.96216 27.99703
