"V1" "V2" "V3" "V4" "V5"
9.02479 14.75307 10.36817 0.69928 25.23741
9.23374 14.09673 10.22549 0.59757 25.90834
8.40264 15.07018 9.53383 0.50615 26.51694
8.63277 15.30327 9.56313 0.54304 25.9931
9.40568 14.71596 9.88709 0.64192 25.41707
9.10484 15.37141 9.17664 0.67757 25.7513
8.71844 15.29833 10.09765 0.71104 25.29388
9.9689 14.90402 9.24416 0.81729 25.19979
9.5443 14.55795 10.24338 0.82435 24.96329
8.90962 14.21107 10.75887 0.89723 25.32976
9.20801 14.79766 9.51088 0.7978 25.76818
8.57138 15.03193 10.17543 0.82193 25.49676
9.63442 15.22549 10.10658 0.90618 24.25273
9.4876 14.28399 10.37087 0.91995 25.03672
8.81663 14.85291 10.54873 0.98467 24.94607
8.5709 15.45065 10.61615 0.90765 24.61089
8.94382 14.62584 10.30301 0.65936 25.55071
9.63009 14.69718 10.14509 0.73558 24.88315
9.32635 14.91587 9.51461 0.96751 25.39279
9.06114 14.64852 10.01263 0.9552 25.43949
8.7918 14.65028 10.04769 0.88173 25.76654
8.86857 14.9068 10.58196 0.80034 24.92975
8.65294 14.84799 10.27053 0.92728 25.41272
8.8268 14.77117 10.76514 0.9166 24.84507
9.50653 14.5216 10.57733 0.97835 24.59669
9.49042 14.51424 11.2524 0.83552 24.06863
9.33599 14.25176 9.98517 0.69133 25.82575
8.97145 15.3254 10.08241 0.71159 25.06677
8.45217 15.31936 9.73871 0.66988 25.88935
8.92565 16.20601 9.16331 0.96459 24.8701
8.9108 15.30396 9.3204 0.83979 25.71539
9.50587 15.34692 9.16844 0.74826 25.32959
8.6941 15.43311 9.53056 0.75319 25.67912
9.45126 14.72044 9.73843 0.88602 25.30575
9.16587 15.19632 9.35754 0.76405 25.57333
9.3627 14.84498 9.45287 0.75053 25.65853
9.30752 14.9367 9.69531 0.77879 25.37353
9.20747 15.08848 9.57943 0.84559 25.35939
8.52597 14.60819 10.25372 0.9408 25.76782
8.57937 15.23271 10.57713 0.95897 24.77853
8.25382 15.24172 9.99974 0.84445 25.73662
8.72613 14.71861 10.49692 0.81722 25.31639
9.18771 14.53324 10.11951 0.85499 25.3784
8.76922 14.70568 10.28428 0.75583 25.55988
9.31681 14.23065 9.97673 0.61781 25.90094
9.31822 15.00414 9.61688 0.60918 25.50075
8.9896 15.10904 10.40716 0.73248 24.84019
8.88363 14.57402 10.22438 0.61615 25.74882
9.27731 14.88655 10.20459 0.68423 25.01117
9.01389 14.78695 10.94913 0.65906 24.65223
9.09206 15.59553 10.65949 0.61952 24.1066
9.27279 14.4259 10.4982 0.6634 25.18275
8.90241 14.40838 10.54167 0.68608 25.51806
8.68257 14.43635 10.16304 0.74826 26.01585
8.90823 14.50433 9.79229 0.83887 26.01749
9.34882 14.46773 9.37536 0.85032 26.03042
8.49034 14.17397 9.96988 0.78958 26.63946
9.15581 14.79782 9.10314 0.87544 26.13447
8.71691 14.73828 9.97063 0.86501 25.78111
8.46541 14.40427 9.96466 0.81439 26.40261
8.95967 15.03073 9.64035 0.71256 25.71643
8.7964 15.34453 9.45172 0.76604 25.72267
9.06727 14.97396 10.12143 0.86365 25.09264
8.12695 15.27194 9.82337 0.88689 25.99304
8.80086 15.47749 9.34614 0.79267 25.66297
8.61511 15.19788 9.75516 0.71726 25.77832
9.12182 15.52604 8.9503 0.76418 25.70576
9.22254 14.69613 10.25272 0.74427 25.17235
8.66301 14.18379 10.34659 0.73369 26.13796
9.28251 13.85017 10.91189 0.75933 25.26612
9.46782 14.15071 10.10478 0.94485 25.43953
9.4518 14.20454 10.30278 1.11005 25.10887
8.90387 13.85649 11.09842 0.82031 25.41783
9.55265 13.51191 11.08665 0.83173 25.11091
8.68977 14.49592 10.46477 0.78711 25.65303
9.31565 14.0636 10.77802 0.94398 25.05921
9.31587 13.58914 11.25285 0.91369 25.0331
8.51205 14.84952 10.28862 0.66885 25.74308
8.24327 14.9703 9.40403 0.72495 26.70172
8.74966 14.79047 10.38547 0.78176 25.36056
8.58461 15.11157 10.191 0.72155 25.44317
8.5035 14.99681 10.1238 0.72661 25.69081
9.12906 15.02354 9.71192 0.95153 25.26816
9.47963 14.49506 9.47009 1.01603 25.62672
9.12168 14.59248 10.22987 0.93543 25.19087
8.88348 15.28934 9.22575 0.99437 25.65523
8.55247 14.7903 9.76135 1.11363 25.8462
8.25254 15.0902 9.86673 1.1394 25.72128
8.43397 14.87569 9.56078 1.22336 25.97089
8.67572 14.89045 9.15751 1.32904 26.02553
8.1956 14.87254 10.08159 0.88443 26.00903
8.77843 15.63721 9.44629 1.06816 25.13838
8.47227 15.58351 9.55941 0.95181 25.51828
8.87413 14.82432 9.14452 0.80796 26.39304
9.28527 14.68505 9.91095 1.06977 25.15495
8.46967 15.44631 9.31258 1.13614 25.77853
8.94768 15.46439 9.54638 1.20256 24.98638
8.96885 15.5882 9.1743 1.24752 25.17304
9.31312 15.27488 9.21464 1.20844 25.14061
8.97825 15.83435 9.27727 1.11986 24.92041
8.93623 14.27999 9.8541 0.90297 26.09109
8.84738 14.96878 9.9423 0.95584 25.3508
8.89888 14.3889 9.61299 0.92179 26.21558
9.28053 14.37178 9.40925 0.91416 26.07591
9.40513 14.85518 9.73091 0.88696 25.19166
8.91231 15.23398 9.69067 0.85396 25.38197
9.07408 15.11885 9.78103 0.88589 25.2663
8.64463 15.16909 10.2413 0.81172 25.26669
8.52744 14.96767 9.84994 0.81238 25.9557
9.37879 14.97357 8.91463 1.50909 25.54841
8.92376 15.63751 9.25122 1.28374 25.16105
8.7844 15.78286 9.17661 0.9792 25.39811
8.41165 15.21034 9.91417 0.78228 25.76083
9.21104 14.82484 10.20526 0.83737 25.02804
8.93835 15.28153 9.99105 0.82948 25.09603
9.56328 14.6833 9.3251 0.83726 25.70149
9.22602 14.68232 10.14702 0.96688 25.14516
9.17309 15.62491 9.09705 0.8897 25.34109
9.38419 14.50921 9.10453 0.8236 26.26193
8.71537 14.99304 8.9246 0.83775 26.60705
9.75278 15.10555 9.03736 0.99461 25.22374
9.7102 15.12491 8.62254 1.07117 25.59292
9.48123 15.25887 9.07729 1.06149 25.24978
8.70435 16.66218 9.17706 0.90645 24.67512
8.70142 15.78442 9.67796 0.89208 25.06312
8.73324 15.4465 9.23577 0.76966 25.86821
8.49397 15.27773 10.01879 0.91902 25.3608
9.36154 15.11865 9.6765 0.86534 25.06553
9.3168 14.99275 10.29027 0.92772 24.58289
8.90585 15.85872 9.95929 0.9484 24.42208
8.83576 15.44571 10.33153 0.89993 24.61175
9.02177 15.07876 9.92121 0.90459 25.15535
9.62272 14.81707 10.25295 0.84921 24.54963
9.04513 14.9995 9.7438 0.75429 25.52656
9.59764 14.84645 9.49031 0.75302 25.39493
8.98418 15.13804 10.30963 0.69659 24.96005
8.50228 16.00662 9.43406 0.75784 25.38741
8.87877 14.97785 9.97776 0.72134 25.53837
9.16246 15.15422 10.10742 0.80841 24.8736
9.31998 15.73877 9.79533 0.84099 24.40145
9.40555 15.34526 10.11567 0.91783 24.32904
8.84337 15.49787 9.7408 1.00343 25.04102
8.92724 15.24751 9.94039 1.0703 24.94203
8.86922 14.1661 10.37446 1.031 25.64423
8.90393 14.66249 10.28615 0.96243 25.28444
9.13694 14.87514 9.77018 0.80633 25.46647
9.70185 14.64957 9.61202 0.77148 25.32236
9.93474 14.44534 9.53319 0.73189 25.41639
9.12082 14.72182 9.60988 0.78431 25.8335
8.88759 15.32812 9.30861 0.80048 25.74645
8.80079 14.57053 9.98123 0.73812 25.97585
8.36092 15.1215 10.11709 0.76374 25.69159
9.75644 14.16247 9.37822 0.72847 26.04559
9.04525 14.51621 9.83372 0.72798 25.96483
8.64948 14.72508 10.04178 0.84309 25.82501
8.9897 14.80277 10.09533 0.93083 25.30246
8.48836 14.94028 9.75637 0.75925 26.12611
9.17313 15.2936 9.49412 0.67162 25.42897
9.08918 15.30687 9.58679 0.61982 25.46529
9.66391 15.15729 9.24794 0.67189 25.34561
9.70286 14.3017 10.03509 0.74876 25.32227
9.24032 15.19305 10.16788 0.70753 24.79641
9.55448 14.45303 10.29031 0.76928 25.03272
8.91214 14.84961 10.38862 0.93779 25.02394
8.99718 14.26334 9.9114 0.84013 26.05512
8.72142 15.44335 8.52881 0.83286 26.53515
8.91308 14.76133 9.21994 0.80794 26.35589
8.75738 15.73032 8.96126 0.86481 25.75023
8.95519 15.42691 9.22294 0.86409 25.59611
9.42068 15.42535 8.94691 0.8188 25.44385
8.21203 15.01009 9.14667 0.724 26.97267
9.4539 14.93647 9.65556 0.72902 25.32448
9.19617 14.73498 9.79558 0.64418 25.70906
8.53604 14.60001 11.25531 0.71135 24.98999
8.86908 15.79116 9.36533 0.67156 25.3538
9.44227 15.15581 10.31073 0.75337 24.42401
9.27237 14.79318 10.23221 0.79993 24.98614
9.34964 15.17256 9.22598 0.89553 25.43191
9.55097 14.79171 9.75598 0.83646 25.17096
9.17326 14.9792 9.8671 0.90273 25.21815
9.43998 14.65394 9.727 0.91026 25.39834
9.49135 14.52446 9.6347 0.91376 25.54196
9.09017 15.26022 9.95635 1.11166 24.73078
9.23254 14.72479 10.24493 0.94201 24.93813
8.65928 15.24836 10.46296 1.139 24.64065
8.34376 14.9106 10.46082 1.39741 25.04441
8.92311 14.70262 9.01307 1.21812 26.24137
8.44479 15.63283 9.43503 1.07961 25.49397
8.31109 15.38557 9.92789 0.84415 25.59816
8.54813 14.37828 10.45539 0.76165 25.91759
9.53975 13.81495 9.81178 0.82022 26.0643
8.29569 14.9142 9.59322 0.98231 26.2856
9.15265 14.73946 10.55608 0.96536 24.70448
9.26528 14.01037 10.21488 0.87266 25.71888
9.20496 14.9511 10.02715 1.08152 24.86843
9.35113 14.77656 10.12725 0.81582 25.0415
8.81371 14.52591 10.34371 0.8014 25.59528
8.75148 14.60165 9.75352 0.76445 26.20103
8.44799 14.41197 10.58202 0.72511 25.89668
8.65454 14.83515 10.25303 0.72749 25.58517
8.72357 14.49671 9.82553 0.69416 26.31226
9.17742 13.70912 11.15941 0.77303 25.25194
8.62635 14.21028 10.03771 0.77961 26.40093
8.43843 14.82841 10.39001 0.78278 25.60052
8.9129 14.89657 10.13959 0.78795 25.3183
8.89138 14.83959 9.91867 0.79866 25.60271
9.25392 14.44124 10.12148 0.84879 25.38676
9.92508 14.54492 10.18705 0.88853 24.54315
9.14128 14.9158 10.1877 0.89644 24.92903
9.35928 15.02393 10.04536 0.86461 24.7579
9.3194 14.42221 9.89573 0.83237 25.59178
9.60414 13.84644 10.50612 0.80312 25.31782
9.54221 14.36463 10.092 0.89804 25.18695
8.71755 15.92989 9.98758 1.00774 24.46201
9.09729 14.7574 9.80634 0.7233 25.67627
9.06055 14.40072 9.92887 0.69036 25.96778
9.39426 13.98816 10.28958 0.78958 25.59346
8.94894 15.09725 9.63713 0.7022 25.66547
9.27884 15.68786 9.21917 0.67757 25.20074
9.98929 14.87973 10.2143 0.62894 24.35868
9.06881 16.109 10.05327 0.59698 24.27734
8.43551 15.79402 10.13883 0.59258 25.10808
8.14467 15.51595 9.73348 0.62185 26.03816
8.58383 15.12897 10.34428 0.56581 25.43456
9.6768 14.84314 10.28411 0.6301 24.64456
9.19965 14.77373 11.38883 0.75222 23.99953
8.75219 15.34203 10.27412 0.75495 24.96455
8.82722 15.01417 10.51572 0.61426 25.08884
8.70796 15.08724 9.92212 0.58387 25.74429
8.83748 15.20358 10.45987 0.6962 24.86708
8.39011 15.17864 10.35586 0.6615 25.46309
8.3007 15.19024 10.41223 0.73212 25.40213
8.90823 15.44329 10.26838 0.69425 24.77539
8.97445 15.00102 9.21322 0.64419 26.2108
8.57365 15.18462 9.86355 0.6157 25.8402
8.89581 14.47936 10.01632 0.71982 25.96379
9.576 14.93412 9.55244 0.76326 25.26245
9.00003 16.04524 8.7311 0.69047 25.58172
9.07216 15.39867 9.92247 0.70802 24.95823
8.5902 15.13862 9.2172 0.65661 26.4316
8.67331 14.85312 9.63195 0.70966 26.17753
8.49719 15.68833 8.85247 0.73258 26.27149
8.72632 15.34226 9.29932 0.82459 25.86586
9.29024 14.82614 9.08736 0.8135 26.05011
9.33907 14.17229 9.62972 0.89645 26.03602
9.018 14.62999 10.17541 0.91377 25.37318
9.17228 15.4777 9.5868 0.84681 25.01489
8.82611 14.36081 10.5744 0.94421 25.41187
9.07628 15.19903 9.03787 0.93537 25.86028
9.13907 14.98705 10.06574 1.07656 24.87556
9.22708 14.61807 10.3981 1.04811 24.87408
9.3876 15.24082 9.93659 1.02307 24.57407
9.41836 14.57554 9.63277 0.99469 25.49789
9.16471 14.64857 10.39741 0.96755 24.93027
9.19415 13.66536 10.35847 0.96949 25.90631
9.23772 14.37654 9.98868 0.99797 25.4903
8.59093 15.13809 10.26243 0.92211 25.16267
8.4646 15.22122 10.17951 0.84926 25.3594
8.00797 15.59103 9.42498 0.90971 26.14293
8.99029 15.78866 8.69832 1.10163 25.53154
8.85901 15.17547 9.30941 1.04537 25.74288
9.42197 14.53741 9.49807 0.96135 25.68023
9.66898 14.81189 9.55995 0.98484 25.07626
9.04798 14.17598 10.11222 0.86222 25.87937
9.16282 14.37963 9.28548 0.72923 26.49084
8.97747 14.99369 9.64914 0.8206 25.64182
8.67246 15.20427 9.48462 0.79658 25.91826
9.00275 15.28306 9.77405 0.8905 25.15012
8.52013 14.94395 9.32832 0.82366 26.43132
9.16869 15.34884 8.31778 0.96089 26.27832
9.05862 14.86815 9.20031 1.03285 25.94393
9.32814 14.81465 9.75239 1.08759 25.17043
9.24805 14.04643 9.71377 1.09699 25.99965
9.28327 14.68573 9.62121 0.95488 25.53344
9.05394 15.83587 8.99745 0.91644 25.26634
8.75117 14.98502 9.26337 0.87944 26.15751
9.60174 14.33667 9.42284 0.84537 25.86214
9.03739 14.52522 9.83384 0.93218 25.75292
9.50484 14.31929 9.38717 0.85378 25.99915
8.64956 14.1209 9.56071 0.86332 26.84222
8.73351 14.19863 9.44386 0.98393 26.69667
8.8452 14.59801 10.13426 0.88672 25.63743
8.53789 14.72947 9.54577 0.84313 26.40237
8.12138 16.11211 10.07403 0.93454 24.84307
8.59193 15.31677 9.61332 0.97775 25.57054
8.68599 15.76141 9.80713 0.82653 24.974
8.5219 15.08451 9.4931 0.77168 26.16851
8.18637 14.84547 10.85369 0.8952 25.28138
8.77239 14.39693 11.16265 0.89586 24.84157
9.20833 15.2128 9.14203 1.03278 25.47826
8.37105 15.75927 9.38149 0.87898 25.66494
8.45878 15.12187 9.41734 0.80578 26.25008
8.94886 14.6239 9.97091 0.73213 25.78723
9.0996 13.65581 10.61268 0.70398 25.99598
8.8379 14.61902 10.38293 0.63986 25.56588
9.3575 14.73136 9.21206 0.59651 26.14332
9.02744 14.00815 10.44866 0.64249 25.91542
8.40852 16.08991 9.58042 0.71705 25.26883
8.76725 15.05717 10.05071 0.82052 25.39558
8.77215 14.4995 10.38672 0.90569 25.50729
8.25134 14.51448 11.25305 0.99615 25.07303
8.19781 15.5375 9.68965 0.89043 25.73465
8.4473 14.65771 9.85383 0.91666 26.16043
8.19832 14.50304 10.41126 0.86582 26.05239
8.88038 14.29277 10.08958 0.95203 25.83571
8.74454 14.57934 11.02942 0.84037 24.86564
9.20331 14.33313 10.83683 0.80494 24.89906
8.48754 15.17407 10.54113 0.8671 25.006
9.05547 15.65089 9.43513 0.88147 25.05876
9.11096 15.21684 9.72369 0.78383 25.23461
9.12629 15.51126 9.94757 1.00388 24.50919
8.77589 15.41492 9.55444 1.04523 25.30214
9.64651 14.51892 9.82015 1.093 25.01772
9.50188 15.15988 9.03151 1.01743 25.37249
8.75975 14.78664 9.51685 0.75844 26.21839
8.81238 15.09968 9.58644 0.85835 25.70115
8.83224 14.97798 9.71502 0.91912 25.61313
10.11931 14.25172 8.91155 0.94785 25.85635
8.9503 14.83981 9.92534 0.92125 25.4273
8.46624 14.593 9.42862 0.86781 26.68433
8.96046 14.8377 8.95974 0.97638 26.33377
8.52787 15.32019 9.70054 0.85219 25.65738
8.32642 14.09571 9.81764 0.83679 26.9658
8.95939 15.40393 9.21851 1.06425 25.43421
8.54611 14.70744 10.0679 0.92632 25.81704
8.00197 15.04994 9.91163 0.82975 26.26199
8.1305 15.53359 10.20561 0.7409 25.4455
8.72785 14.87259 9.88135 0.60613 25.95884
8.9514 14.23315 10.07841 0.68376 26.10312
8.38593 14.57897 10.11889 0.77342 26.19439
8.82988 14.85083 10.10989 0.83665 25.43361
8.79817 15.65673 8.83663 0.84333 25.90344
8.63884 14.93958 9.71396 0.85586 25.90518
9.44039 14.80018 10.20887 0.89721 24.75066
8.61893 14.68582 10.56513 0.7578 25.43726
9.28677 14.11302 10.08978 0.90586 25.68265
9.54549 14.26544 9.93465 1.03094 25.32654
8.76557 14.39927 10.31079 0.98766 25.64035
8.7032 14.67781 10.34618 0.78766 25.56167
9.06794 14.65597 10.33328 0.80037 25.21744
8.9842 15.46346 9.85861 0.81903 24.95546
9.69465 14.73999 9.3878 0.71882 25.51271
9.73676 13.86005 9.44823 0.77229 26.22087
9.33008 14.17075 9.69961 0.72163 26.11837
9.48915 13.07074 10.39624 0.72428 26.35603
9.70193 14.17899 9.98659 0.79186 25.39693
8.70125 15.24067 9.9542 0.84325 25.31145
8.69953 14.36833 9.59896 0.69541 26.67174
8.81827 15.48046 9.94193 0.62765 25.20133
9.36839 15.42089 9.22022 0.65225 25.40851
8.33164 15.55233 9.81762 0.68753 25.69446
9.29142 15.00437 9.56952 0.8114 25.41708
9.56748 14.60862 9.10169 0.73061 26.03569
9.01063 15.40317 9.51858 0.86323 25.25841
8.88975 15.37891 8.61995 0.90384 26.24484
8.20607 15.39657 9.2145 0.87055 26.34764
8.59358 15.31869 9.16324 0.92045 26.03762
8.88343 14.87222 9.49796 0.98085 25.79762
8.7768 15.036 9.29882 0.90831 26.02504
8.59581 15.36289 9.88846 1.054 25.1811
7.95108 15.41403 9.5878 1.01372 26.0841
8.46617 15.91581 9.38861 1.03699 25.23986
7.90409 16.65053 9.43832 1.11986 24.97138
8.81512 16.03333 9.06103 0.95137 25.20384
8.84837 15.27758 9.29458 1.01555 25.63138
8.26338 15.33753 10.31145 0.7504 25.39531
9.18648 15.15958 10.11146 0.77575 24.82499
8.63566 15.15335 10.04431 0.6894 25.5291
8.90651 14.85249 9.1017 0.62641 26.55165
8.56349 15.77965 9.16509 0.59369 25.9361
9.00882 14.69996 9.26234 0.5428 26.51286
8.28267 14.7792 10.06952 0.57301 26.32227
8.32364 15.95481 9.33536 0.54301 25.889
8.75931 15.23228 9.45954 0.53092 26.06473
8.19955 14.67682 9.67583 0.51724 26.95763
8.22653 14.80914 9.43685 0.5524 26.99485
8.64705 15.81974 8.80783 0.57024 26.18114
8.8998 15.42977 9.47198 0.62953 25.61368
8.5302 15.19589 9.86803 0.54843 25.90118
9.13528 15.06105 9.52954 0.55561 25.77957
9.20929 15.82627 9.20688 0.59428 25.21309
9.66791 15.42812 9.81667 0.70037 24.45532
8.71764 15.40699 9.9283 0.54367 25.46118
8.62308 15.46841 9.32233 0.51186 26.10797
9.12952 14.30019 9.54971 0.54991 26.5012
9.40184 14.5912 9.19434 0.57562 26.28809
8.81319 14.54522 10.00069 0.57997 26.10157
9.13859 14.04507 10.34472 0.56346 25.96803
9.07522 14.18641 9.28773 0.52966 26.94595
9.32349 14.56246 9.35365 0.55978 26.22955
9.39547 14.62822 9.1757 0.6012 26.22641
8.9777 14.53162 9.90095 0.58923 26.02505
8.00122 14.95627 9.47797 0.56193 27.02367
9.11116 15.13854 9.06685 0.76498 25.96284
8.46471 15.05922 10.21912 0.80613 25.48942
9.09755 15.06409 9.44797 0.86448 25.57332
8.59435 15.35877 9.22404 0.69472 26.17393
8.78106 14.20304 10.26359 0.65348 26.14886
9.75157 13.72131 9.85089 0.62471 26.09794
8.99295 14.56983 10.1176 0.65817 25.71445
8.48216 15.07514 10.34193 0.68042 25.45924
9.79835 14.60242 10.30519 0.62817 24.72122
9.10663 14.08071 10.99526 0.69312 25.17678
9.01112 14.07864 10.6509 0.67813 25.61826
9.24096 14.56115 10.20769 0.76889 25.26594
8.93482 15.12541 9.83491 0.79747 25.36261
9.95394 14.36544 9.89781 0.79942 25.03655
9.25591 15.38526 9.55183 0.75379 25.12352
9.44076 15.625 9.71845 0.83428 24.44852
9.0864 15.47541 9.07061 0.67163 25.7245
8.84663 15.38986 9.45811 0.86123 25.47818
9.24164 15.24821 9.27432 0.77454 25.48967
9.35987 14.63788 9.5758 0.78168 25.68484
8.95815 14.36138 9.91199 0.84489 25.95559
8.78949 15.32003 9.51167 0.78471 25.63117
9.32842 14.72113 9.64058 0.77603 25.57175
8.70029 16.16619 8.58253 0.78183 25.80432
9.28493 15.82298 9.6412 0.76244 24.54681
9.25925 15.76541 10.21376 0.67075 24.14331
9.41581 15.08895 9.76334 0.70204 25.09248
8.43429 16.4855 8.70658 0.75684 25.65233
9.1808 15.40851 8.74591 0.78202 25.91606
8.72297 15.91102 9.22069 0.76052 25.42209
8.91053 15.38164 8.8014 0.66672 26.2661
8.67367 15.3969 9.89139 0.83786 25.25351
9.13922 14.35189 9.87876 0.91083 25.75856
8.20624 14.96789 9.9059 0.79922 26.14226
8.31339 15.1287 9.54072 0.81506 26.21806
8.75146 14.68622 9.87801 0.89774 25.8033
9.42926 14.66276 9.93354 0.92794 25.07177
9.39796 15.16788 9.72812 0.92689 24.81038
8.60862 15.73459 9.42689 0.84321 25.42889
9.58846 14.94661 10.15913 0.84261 24.51504
8.99232 14.39327 10.26208 0.77658 25.61244
8.53275 14.79878 10.27628 0.76495 25.65895
8.67705 15.03195 10.17594 0.72262 25.43896
9.55893 14.74264 9.85995 0.83065 25.06102
8.38764 14.44921 11.06238 0.80766 25.3553
9.002 14.52008 10.56274 0.87808 25.10361
8.20008 14.52649 10.2674 0.68212 26.35516
8.81754 15.02523 9.97462 0.75343 25.48284
8.74699 15.01543 9.52648 0.67598 26.06787
8.54056 14.61513 10.19841 0.64259 26.03453
8.63645 14.88233 9.55484 0.65812 26.30989
8.49743 15.46859 9.14844 0.74844 26.17208
8.78851 15.04375 9.5495 0.68443 25.97019
8.95727 14.24962 9.70472 0.5961 26.52101
8.79228 15.13229 9.60836 0.64164 25.8525
8.81327 14.88034 9.35969 0.72223 26.25221
9.05735 14.39215 9.54757 0.70083 26.33201
9.0835 14.39315 10.14812 0.6716 25.74454
8.9965 14.1434 9.76126 0.56996 26.54663
8.8708 14.70343 10.08239 0.76082 25.62355
9.48871 14.35661 10.71863 0.68706 24.80758
8.94483 14.97152 10.43324 0.57473 25.11669
8.78776 14.85491 10.53598 0.59582 25.26598
8.30314 14.9184 10.33768 0.58423 25.8947
9.03263 15.23596 9.52627 0.67855 25.58304
8.80715 15.01568 9.75027 0.74379 25.72445
9.338 14.0872 10.56401 0.85892 25.2162
8.34053 15.00081 10.53631 0.9031 25.30022
8.48608 13.77501 10.97974 0.84893 25.96779
9.63106 13.70328 10.23886 0.86834 25.62459
9.36641 14.13954 10.15554 0.99543 25.41706
10.05049 14.25297 9.29332 0.88364 25.5946
9.26921 14.99045 9.77432 0.81144 25.21844
9.41091 15.50872 9.30679 0.85235 24.9876
9.08433 15.0399 9.25664 0.72829 25.94674
9.13291 15.30871 9.7152 0.81946 25.10385
8.60572 15.70842 10.15178 0.8789 24.74439
8.30731 14.93324 10.23309 0.81018 25.7535
9.15035 14.82746 9.77129 0.9121 25.38573
8.35712 14.7915 10.44086 0.9616 25.51078
8.41053 14.77531 10.45997 0.87487 25.53229
9.21352 14.29243 10.0875 0.88922 25.56148
9.00485 14.88332 9.91501 1.10313 25.16583
9.6078 14.85896 9.14031 1.10285 25.35693
8.28394 15.80776 9.002 1.07913 25.87636
9.44838 14.7221 9.1434 0.92482 25.80152
9.16427 15.11138 9.40506 0.96552 25.41283
8.84906 15.02408 9.01286 0.92829 26.22472
9.58948 13.90106 9.35077 0.80129 26.39699
10.08354 14.64529 9.6177 0.81494 24.88077
9.59364 14.25936 9.22001 0.83935 26.12062
8.68577 15.93672 9.14177 0.91009 25.37139
9.31434 15.32204 9.65315 0.87868 24.90054
9.18599 15.33091 8.62799 0.90546 26.02274
9.12026 15.80229 8.99743 0.87133 25.2922
9.35819 15.20742 9.48698 0.79436 25.24377
9.47963 15.24737 8.22735 0.75262 26.34047
8.10173 15.73681 9.17286 0.73769 26.28906
8.42474 15.59431 9.58407 0.8374 25.62836
8.93166 15.94637 9.43495 0.78306 24.97374
8.59504 15.6338 9.93934 0.94115 24.9517
8.31663 15.81039 9.81504 0.90032 25.21623
8.60769 16.21836 9.39975 1.00442 24.87558
9.38477 14.69842 10.05085 1.01842 24.96552
8.87335 15.10408 9.77803 1.05532 25.30104
9.15615 14.57446 10.73932 0.89861 24.75699
9.46049 14.89147 9.91564 0.84741 24.96423
9.20775 15.50233 10.07808 1.11949 24.29012
8.60854 15.77945 9.66576 0.79231 25.25575
9.10666 15.38015 9.78643 0.82295 25.03285
9.60331 14.7447 9.00946 0.78944 25.95143
10.24538 14.07631 9.86984 1.06665 24.92204
9.23543 14.62208 9.72958 1.19558 25.42628
8.86073 15.5563 9.58148 1.20157 25.00301
8.48787 16.22805 9.44642 0.97751 24.99146
8.5874 15.22026 9.82121 0.89271 25.60853
9.16219 14.93683 9.50731 0.9231 25.58008
9.70454 14.13984 9.99766 0.81274 25.43608
9.24349 14.20071 10.14578 0.91972 25.58263
9.3825 14.5915 10.17834 0.90962 25.026
9.11272 14.11859 10.30736 0.91931 25.63346
9.04703 14.74032 10.44094 1.07557 24.84811
9.29572 14.87145 9.97657 1.09927 24.90026
8.98825 15.20938 9.35044 1.19905 25.39255
9.44289 14.24029 10.22284 1.3891 24.88081
8.9186 14.32021 9.94095 1.25782 25.70117
7.97727 14.86252 9.84561 1.13058 26.30411
8.90677 15.24528 9.22171 1.05395 25.69071
8.44619 14.99255 9.35518 0.9473 26.33909
8.59885 14.95473 9.35673 0.97799 26.20973
9.18632 14.40332 9.85377 0.93318 25.74894
10.19194 13.52777 10.37759 1.04079 25.0181
8.92122 13.94489 10.6936 0.74923 25.77416
8.43601 14.2787 10.73621 0.72806 25.88289
8.17719 15.15761 9.93449 0.74221 26.04456
8.51168 14.32526 10.36597 0.68973 26.16372
8.97446 14.64781 10.87506 0.85522 24.72961
9.28338 14.73829 10.2068 0.8076 25.05246
9.66331 15.32541 8.91127 0.91364 25.2619
9.73227 14.23658 10.04092 0.91487 25.17403
8.80338 15.37903 9.97565 0.99619 24.96322
8.97416 15.25892 9.85272 0.99782 25.07351
9.4189 15.13885 10.15757 0.92068 24.52472
9.48042 15.20102 10.05703 0.72872 24.63118
9.11646 14.83512 10.60979 0.8463 24.74059
9.84309 14.68451 10.33646 1.00342 24.29486
10.39767 13.913 10.32509 1.10863 24.42794
10.15965 14.55744 9.99874 0.9964 24.43624
9.10722 14.31168 10.45829 1.06275 25.17999
9.06033 14.90968 10.38585 1.18645 24.63426
9.13098 14.43654 10.74663 0.92795 24.88057
9.16374 15.49949 10.36882 0.97835 24.195
9.29869 15.29727 10.04688 0.98397 24.5501
9.10039 14.93246 9.78324 0.89922 25.39024
9.41214 15.41026 9.26244 0.91285 25.09236
9.48005 15.31884 9.0833 0.86613 25.33426
9.61986 14.9342 9.1791 0.78504 25.55734
9.15212 14.9412 9.71137 0.82834 25.46009
8.84031 16.01628 8.78227 0.97881 25.4842
8.80563 14.69698 9.81666 0.93496 25.82408
9.27513 15.06285 9.75126 0.86899 25.14904
9.27478 14.63314 9.94241 0.82414 25.40974
9.0792 15.1848 9.50742 0.76184 25.53849
8.86694 14.69816 9.9978 0.67557 25.81746
9.12816 14.02343 10.38613 0.81333 25.72212
8.83972 15.54879 10.10062 0.86636 24.74701
8.67923 15.51177 8.86876 0.91016 26.11081
8.76963 14.84735 10.28467 0.85112 25.32466
8.06869 15.20112 10.52428 0.85946 25.42074
7.70648 15.28029 10.00749 0.67412 26.36687
7.99642 15.50057 10.06972 0.79017 25.70617
8.40919 15.11344 9.5479 0.83385 26.15879
9.09335 15.30068 8.6617 0.98705 26.02121
8.96121 14.59615 10.05058 0.89663 25.56737
9.01264 15.39334 9.0427 0.80943 25.80821
8.23451 15.78876 9.15522 0.69154 26.18454
8.36555 15.27907 10.03286 0.78681 25.61699
9.86148 15.04911 9.58196 1.02087 24.64827
8.6972 15.46197 10.46895 1.0098 24.53018
8.90077 14.39751 10.94171 0.834 25.01784
8.97202 14.47717 10.63768 0.96734 25.08422
8.62414 15.36492 9.52495 0.85455 25.72314
9.34064 15.38319 9.08707 0.96907 25.32874
8.57976 15.43812 9.87941 0.90467 25.27363
9.11951 14.69965 10.16996 0.95502 25.13221
8.36724 15.63089 9.34216 0.88373 25.85251
8.53983 15.49337 9.39369 1.03776 25.67713
9.48639 14.61168 9.49024 1.23604 25.36673
8.791 15.14404 10.19816 1.20995 24.84697
8.88225 15.09134 9.97403 1.20094 25.03561
9.50098 14.43465 9.64379 1.13192 25.42148
9.26373 14.68131 9.69111 1.25848 25.26171
8.88562 14.28444 10.29299 1.26345 25.38908
8.26942 14.82149 10.65786 1.15916 25.23772
9.2004 14.83965 9.55341 1.14473 25.40424
8.34164 14.3327 10.37626 1.14857 25.97379
8.38372 15.13454 9.38716 1.22527 26.02541
8.92314 14.69762 9.92349 1.16908 25.50036
8.82783 15.27051 9.06045 1.07084 25.89169
8.65124 16.07839 9.3056 0.9867 25.07302
8.70828 15.41952 9.72517 0.89796 25.3302
9.00765 14.89325 9.97694 0.79818 25.38222
9.201 14.49919 10.05073 0.79744 25.51823
8.99284 15.10408 9.46057 0.81698 25.68736
9.08061 15.31879 8.95607 0.90188 25.82414
8.93404 14.95359 9.83974 0.77358 25.54239
8.94037 15.65548 9.19387 0.86612 25.39353
8.54343 15.62077 10.21927 1.08481 24.62655
8.84337 14.51048 10.68395 0.90346 25.16268
9.02097 14.12139 10.3856 1.03708 25.56277
8.56554 14.37142 11.39123 1.10801 24.75876
10.14264 14.28383 10.53607 1.1136 24.09695
9.77142 14.43522 10.77285 1.07462 24.14548
9.00209 15.36588 10.04208 0.87409 24.82595
9.40724 15.1531 9.28488 0.93114 25.34197
9.18291 15.20352 9.29287 0.95019 25.4843
8.60354 15.32128 9.81507 1.07431 25.34593
9.32536 15.14278 9.97866 1.06433 24.61157
8.66634 14.88265 10.34409 1.29946 25.00599
8.63296 14.51776 10.33521 1.03186 25.60079
9.05739 14.48678 9.91924 1.07575 25.60384
8.548 14.49822 9.59737 1.02412 26.43529
9.29891 14.03791 10.10906 1.12967 25.5291
8.96854 14.10077 9.86244 1.05583 26.11867
9.15916 14.07721 9.78578 0.97833 26.08508
8.46991 14.26776 9.7419 0.93247 26.66543
8.65417 14.77023 10.30839 1.00342 25.3791
8.28418 14.61373 9.92269 0.83359 26.39837
9.01168 15.31785 9.40103 0.84205 25.49138
9.17793 15.13604 9.54036 0.87134 25.34958
9.04255 14.82571 8.86798 0.93162 26.40533
8.77394 15.23995 9.16054 0.93602 25.94943
8.43179 15.27342 9.33077 0.9516 26.08327
8.84933 15.10582 9.48053 1.18024 25.48694
8.61033 14.4691 9.2588 1.04486 26.70288
9.06464 14.52486 9.32214 1.24369 25.95627
8.59839 14.24003 9.77452 1.25721 26.27062
8.81699 14.75824 9.38717 1.27967 25.91229
8.88052 15.51241 9.02068 1.43591 25.35659
8.31592 15.62294 8.86536 1.21279 26.12043
8.39853 15.39922 9.72849 1.26176 25.39307
9.47904 14.42575 9.86817 1.27332 25.13596
8.89777 15.00517 9.69358 1.3191 25.3284
8.79072 13.66035 10.35277 0.93298 26.38635
9.29478 14.61133 10.67196 1.22973 24.42903
8.82437 15.36231 10.44025 1.11707 24.47039
8.51649 14.75487 9.95905 0.91164 26.00368
8.62761 15.39567 9.66886 0.79433 25.63346
8.92582 14.97191 9.45077 0.69027 26.04795
8.51038 16.11088 9.21194 0.69279 25.55064
9.1634 15.35976 9.94569 0.7784 24.8439
9.11733 14.49115 10.72122 0.90715 24.90489
8.80036 15.7258 9.6998 0.8226 25.08122
9.07479 15.18096 10.51346 0.9436 24.45874
8.96852 14.59802 10.41578 0.84896 25.3153
8.78453 14.64858 9.60734 0.92522 26.14212
9.46269 15.11824 9.71757 1.1259 24.78525
8.69693 15.23217 10.38839 1.0184 24.81437
9.74108 14.69719 9.94428 1.1484 24.62447
9.13255 15.82513 9.81352 1.28255 24.16994
8.61266 16.03161 9.63757 1.29099 24.6076
8.91368 15.72351 9.66509 1.16959 24.71767
9.20483 15.28279 9.10738 0.93715 25.56863
8.52839 15.69574 9.00227 1.05592 25.84677
8.34345 14.80338 10.36026 1.03816 25.5626
9.01217 15.36483 9.39159 1.01651 25.29698
9.01284 14.8033 9.75007 1.0904 25.49571
8.70121 15.01144 9.72559 1.1334 25.58731
9.07477 15.62377 8.85783 1.19597 25.4044
8.99155 14.46262 10.23927 1.33092 25.19384
9.53026 14.97244 9.68284 1.4115 24.68096
9.02197 14.44657 9.79456 1.28921 25.63167
9.08085 14.24942 10.19008 1.09995 25.52268
9.45823 14.52442 10.44168 1.17559 24.61565
9.34165 14.50081 10.02217 1.11041 25.20102
9.48145 14.45664 10.46697 0.98827 24.76597
9.69803 14.61089 10.27575 1.19013 24.43225
9.44327 14.5352 10.08473 1.02902 25.01774
9.31902 14.88441 10.14607 1.11138 24.6804
8.66755 15.41083 9.73856 1.08289 25.24236
9.47898 14.81925 10.35436 0.93861 24.56195
9.5943 14.84077 9.73297 0.83897 25.08204
9.15273 14.72849 9.90003 0.87289 25.46153
8.24461 15.89083 10.08967 1.0595 24.86232
9.04779 15.37008 9.89309 1.01968 24.83901
8.95036 15.84128 10.24486 0.92951 24.25994
8.26491 15.78099 9.65702 0.70522 25.6867
7.76389 16.43225 9.15095 0.79245 25.93716
8.2039 15.50642 9.55278 0.89297 25.93708
8.52506 15.51064 9.26618 0.94089 25.87392
8.5003 15.33684 9.61428 0.84054 25.79863
9.11937 15.70363 9.06978 0.83031 25.37745
9.43434 15.59268 10.0774 0.94624 24.11683
7.95675 15.12838 10.44149 0.79431 25.75518
9.06728 15.1833 9.27137 0.94243 25.64417
8.93207 14.71096 10.1549 0.74626 25.53598
8.77007 15.73365 10.03837 0.90163 24.65364
8.11541 15.2855 11.52923 0.83751 24.3795
8.79469 15.88535 10.71026 0.88481 23.85599
8.693 14.20773 10.48788 0.70635 25.97514
9.0678 14.61069 10.0435 0.72527 25.61552
8.86905 15.68029 9.3756 0.6796 25.47305
9.03749 15.39593 9.00681 0.57251 26.0525
8.93873 15.08966 9.34746 0.67596 26.02464
9.0228 14.64337 10.05314 0.78308 25.59422
8.99947 15.46932 9.32351 0.86664 25.42178
9.41595 14.93045 10.29649 0.7343 24.73021
9.78012 14.25273 10.11762 0.74468 25.2084
8.89012 14.45633 10.01679 0.65769 26.02969
8.57203 15.30583 9.64516 0.66537 25.8773
8.89344 15.29425 9.2201 0.69489 25.96091
8.51498 15.48734 9.49517 0.6899 25.89369
8.94474 15.7936 9.64077 0.66836 25.04187
9.16725 15.49451 10.21132 0.84296 24.43883
8.92642 15.14482 10.36936 0.72849 24.9339
8.72514 14.2131 10.80321 0.73007 25.61486
9.5076 14.16418 10.66946 0.99376 24.85954
9.68954 14.04646 10.3396 0.859 25.18209
9.44714 14.88389 10.02607 0.77585 24.97781
8.59925 15.45098 9.96431 0.69929 25.38213
9.57807 14.80257 9.52936 0.73175 25.44425
9.009 15.01847 10.41314 0.70863 24.94603
9.18414 15.50624 9.36748 0.81748 25.19339
9.46329 15.81624 9.28647 0.75565 24.76773
8.99547 15.5161 9.42116 0.61647 25.5147
8.83232 14.95296 9.76371 0.62355 25.88892
9.19366 14.70704 9.74946 0.74838 25.70016
9.43234 14.72928 10.23691 0.9604 24.83111
9.86005 14.66428 9.84961 0.78983 24.96702
8.97308 15.35985 9.54846 0.7832 25.47462
8.80683 14.88309 9.49039 0.6266 26.25615
9.42264 15.32718 9.36138 0.76835 25.20198
8.79545 14.58508 9.35351 0.78537 26.5355
8.81201 14.06177 9.41311 0.77362 26.97552
8.84321 14.84189 10.06515 0.97581 25.37264
9.80888 14.5181 9.36508 1.0758 25.3466
9.43553 14.95136 8.89371 1.12379 25.72097
9.13169 14.67086 10.23981 1.05896 25.00806
9.22429 14.63155 9.90563 1.02677 25.32318
8.96795 14.79929 9.83723 1.03331 25.46439
9.58568 14.61067 9.83494 1.11773 24.98254
9.39057 15.21579 10.16621 1.23631 24.17426
8.52243 16.07392 9.78492 1.0192 24.7198
9.0626 15.40416 10.19489 1.09377 24.39938
9.39601 14.84656 9.02507 0.84277 25.96605
8.95309 15.34102 9.74958 0.95685 25.10799
9.5137 14.47465 10.2634 1.00251 24.87027
8.46158 15.5304 10.3012 1.0755 24.7671
8.85247 14.88529 10.03543 1.08671 25.22876
8.62981 15.02408 10.4243 0.96182 25.04424
8.57152 14.99292 10.23216 0.90167 25.40629
8.76435 14.35847 10.21667 0.95636 25.79804
8.55548 14.47306 9.55682 0.88599 26.58828
8.54244 15.15474 9.11189 0.84744 26.42283
8.73205 14.65176 9.31859 0.72331 26.63684
8.10763 15.96948 9.1436 0.75057 26.10459
8.75199 15.33485 9.3858 0.69263 25.89051
8.72469 15.40275 9.52384 0.95747 25.469
8.64122 16.11669 10.27554 0.88048 24.17672
8.57591 15.17857 10.48917 0.90269 24.94014
8.15732 15.58021 9.85344 0.85275 25.62359
8.74478 15.16255 10.00814 0.8269 25.33597
9.01777 14.73347 10.08102 0.78151 25.43894
8.51136 14.42809 9.92692 0.66707 26.49605
9.02467 14.57611 9.92017 0.72044 25.81467
9.28901 14.64938 10.04284 0.83271 25.25676
9.2173 15.30515 9.7881 0.76069 24.99953
9.75071 14.76008 10.17 0.76268 24.64751
9.58491 14.34497 10.68322 0.74172 24.7435
9.47571 14.79926 9.84764 0.72862 25.21004
9.30275 14.88121 9.95155 0.75027 25.16947
8.73603 15.53295 10.34345 0.8015 24.65061
8.72211 15.57136 9.94191 0.79775 25.02704
8.00565 15.34756 9.98478 0.70632 26.00322
8.84694 14.97231 9.70338 0.73003 25.79256
9.06373 15.24316 9.76662 0.81145 25.16649
9.14441 14.39341 10.1024 0.80709 25.61309
9.35653 15.27199 10.01861 0.98345 24.4672
9.0551 14.1555 10.90433 0.85237 25.11832
8.94183 15.31854 9.85155 0.98278 24.9913
9.12939 15.13072 9.87942 1.0759 24.88553
8.58443 15.09039 9.62523 1.09527 25.70134
8.49454 14.84417 11.05059 0.95069 24.74632
8.77558 15.22016 10.4111 0.92293 24.74524
9.8304 14.43398 9.98305 0.79541 25.0143
8.85562 14.95292 10.2549 0.92449 25.08959
9.99131 14.99016 9.119 0.94993 25.04592
9.10151 15.18032 9.71393 0.91388 25.15135
8.95741 15.1591 10.24365 1.04821 24.68091
9.02549 14.60908 9.70877 0.96908 25.75467
8.87523 15.6385 9.55046 0.9436 25.05635
8.91763 14.4555 9.63394 0.88168 26.15396
9.09999 14.30636 10.1919 0.88397 25.58332
8.89453 14.12084 9.64965 0.90064 26.48546
8.51489 15.37347 9.49638 0.97389 25.7013
9.48987 15.50241 9.09312 0.98144 25.03348
9.24256 14.96317 8.94146 0.94254 25.98223
9.7406 14.7473 9.45342 1.03833 25.12529
8.8414 15.2645 9.59156 1.0218 25.35988
8.72946 15.14491 9.0423 1.04369 26.10345
9.04748 14.42639 9.93833 0.96868 25.67938
9.04372 14.60746 9.89541 0.89003 25.61703
7.993 15.21076 10.08054 0.81611 25.95233
9.27784 14.55519 10.09618 0.98027 25.16044
9.4663 13.71507 10.85551 0.91283 25.12877
9.69949 13.79319 11.48869 0.90992 24.22857
9.31153 14.39776 10.70078 0.88837 24.81369
8.80894 14.6281 10.57671 0.86708 25.19653
9.25667 15.11112 9.2563 0.9141 25.53567
8.88033 14.94844 9.58664 1.03353 25.6196
8.39891 14.86802 9.78706 0.96166 26.03558
9.03307 14.5468 9.9403 0.86904 25.68101
8.65714 15.16247 8.70636 0.84756 26.67835
8.64805 14.92685 9.00764 0.87761 26.58642
9.19168 14.99784 8.68979 0.888 26.2864
9.23972 15.11672 8.80009 0.86553 26.0492
9.43294 15.52197 8.81727 0.84793 25.44041
9.89323 15.34554 9.41691 0.86946 24.5738
9.21541 15.20781 9.87939 0.94236 24.82288
8.80956 15.20327 9.34301 0.79338 25.91557
8.90822 15.5621 8.88586 0.88096 25.83188
8.84981 15.25311 9.20673 0.95108 25.82428
9.41446 14.75642 9.56021 0.88965 25.49072
9.41179 14.58433 9.77463 0.81849 25.49412
9.28201 14.32553 9.80197 0.99239 25.73232
9.14229 14.65412 10.57387 0.92759 24.84797
10.30513 14.20138 10.30803 1.07167 24.29988
9.01294 14.04878 10.27029 0.84817 25.92128
9.15095 13.71816 9.99712 0.7944 26.41704
9.4649 14.78185 9.51383 0.92704 25.40754
8.86688 14.293 11.04969 0.82347 25.06377
8.81637 15.09857 10.92337 1.06979 24.22719
10.03739 14.97176 10.12463 1.05206 23.96459
9.43689 13.84888 10.05556 0.97374 25.7379
9.31848 14.62073 9.86062 0.96719 25.30937
9.98183 14.25095 9.14984 0.85283 25.81822
9.19422 14.33423 9.85658 0.99773 25.6931
8.81126 15.17619 9.25797 0.88701 25.92746
8.90725 14.42225 9.92336 0.82781 25.97837
9.17056 14.5984 9.68521 0.79592 25.81631
8.57847 15.71058 8.83565 0.87291 26.067
8.73784 14.63669 9.40772 0.90233 26.38394
8.49105 14.75724 10.31586 0.87524 25.66103
8.43864 14.88982 10.3141 0.86343 25.55894
8.32153 15.33895 9.49994 0.84845 26.07924
9.27308 14.05151 10.10376 0.79337 25.84525
8.8051 14.66812 11.3585 0.9042 24.37179
9.46912 14.71023 9.9094 0.96094 25.06136
9.23711 15.12388 9.17509 0.98437 25.5668
8.50524 14.97541 9.9275 0.84012 25.81209
8.33956 15.42069 10.21847 1.06035 25.08473
8.66897 15.49284 9.10228 0.87342 25.95138
8.89313 14.92122 10.27445 0.81575 25.17097
8.47673 14.9216 10.38262 0.6676 25.59911
8.81269 14.62799 10.27555 0.79869 25.53974
8.54036 13.78031 10.53817 0.6615 26.52462
9.42838 14.82523 9.75728 0.63947 25.40722
9.68652 14.09476 10.09933 0.65081 25.53289
10.04648 14.23951 10.02522 0.6947 25.0874
8.51171 16.14506 9.8434 0.82019 24.77271
8.57392 15.15089 10.20247 0.99859 25.16612
8.76405 15.54632 9.8112 1.0559 24.94665
9.10236 15.9116 10.28087 1.10531 23.79186
8.72527 16.12335 10.54105 0.87102 23.88645
8.53539 14.58089 10.90174 0.67657 25.39516
9.20521 15.02005 10.21888 0.68907 24.97725
9.35843 13.83978 9.91574 0.631 26.32079
8.53464 15.28702 9.23792 0.61816 26.37142
8.26651 15.2849 9.14534 0.77027 26.58528
8.77605 15.40466 9.29545 0.96243 25.63168
8.72433 15.54344 9.33451 1.01125 25.45135
8.84958 14.97221 9.06139 1.02771 26.15666
9.10039 14.64116 8.77325 0.94506 26.59363
8.63438 15.48454 9.64983 1.07127 25.25477
8.79704 15.83446 9.32919 0.81755 25.29035
9.40094 15.97575 9.40852 0.93759 24.3644
8.63538 14.74165 9.96621 0.77361 25.9359
9.08346 14.49886 9.77451 0.78785 25.91417
9.29999 15.22283 9.36749 0.92555 25.26847
9.06532 14.62885 10.01818 0.78813 25.56674
9.53089 14.29052 10.58712 0.87993 24.82037
9.17733 14.95917 10.10819 1.03048 24.85182
9.32569 15.24334 9.95905 1.01842 24.57635
9.10024 14.84209 9.89018 0.78742 25.44164
8.96332 15.38155 9.08822 0.85216 25.77145
8.72279 14.94815 9.23863 0.77099 26.36156
9.31755 14.89554 9.82466 0.89591 25.14697
8.7018 14.66372 10.3246 0.67084 25.67793
8.94224 14.13175 10.38194 0.75545 25.8346
8.83559 14.69801 9.83772 0.79325 25.87515
8.93069 14.47754 9.67389 0.87144 26.09871
8.88614 14.37324 9.59532 0.79971 26.38972
9.00345 14.52472 10.84988 0.73611 24.93116
8.9175 14.51128 9.95029 0.63057 26.02901
9.00231 13.81751 9.95193 0.64627 26.61593
9.5611 13.71938 10.07311 0.88643 25.83054
9.19174 14.14133 9.48018 0.75957 26.45589
8.4357 14.91428 9.7186 0.67227 26.29694
9.16575 14.51433 9.3739 0.69995 26.27919
9.2907 14.67348 9.28964 0.69415 26.09966
8.64146 14.94334 9.41507 0.73341 26.31784
8.44093 14.57898 9.89366 0.73564 26.38462
9.01695 14.39744 9.98253 0.84275 25.81341
8.25334 14.81871 9.83484 0.80836 26.32752
9.06116 14.86469 9.85417 0.8296 25.45003
9.61113 14.89727 9.79757 0.8916 24.90127
9.20441 15.18567 10.35267 0.82407 24.53488
8.73286 14.54403 9.75468 0.74636 26.26947
8.45125 15.33638 10.23808 0.74153 25.2813
9.12837 14.8716 10.17489 0.70622 25.1736
9.10874 15.00508 9.64825 0.68144 25.59889
8.85083 14.63023 10.35695 0.60979 25.59936
8.97385 14.68036 10.02899 0.70389 25.65796
8.78772 14.27574 9.28224 0.6565 27.02268
9.06984 14.13538 10.02893 0.6641 26.1315
8.7111 14.18047 10.76 0.67897 25.73243
8.44079 14.88334 10.08107 0.6892 25.96581
8.83975 15.94312 9.36581 0.70378 25.20121
8.92372 14.9925 9.64313 0.71099 25.79842
8.4185 15.07495 9.90733 0.61711 26.0407
9.22725 14.32477 9.70892 0.69335 26.10731
9.38739 14.88441 9.40964 0.55152 25.81289
8.61052 15.8847 10.29001 0.59759 24.68078
8.77584 14.75549 10.26244 0.57052 25.6829
9.00849 14.9651 9.84631 0.4947 25.735
9.28094 14.29358 10.48182 0.57394 25.42022
9.46056 14.37475 10.239 0.57288 25.42432
9.20177 14.7061 9.87279 0.58177 25.69406
9.28723 14.64031 9.78587 0.64604 25.67985
8.54048 15.17158 9.42765 0.69423 26.19323
9.17077 14.46247 10.19321 0.89539 25.35729
8.99924 15.09887 10.01744 0.89728 25.05458
9.07143 15.25449 10.20624 0.9978 24.56956
9.14948 15.30409 9.60575 0.86638 25.13867
8.81933 14.57012 10.34964 0.76321 25.55723
9.24123 15.25954 9.44695 0.69876 25.39327
8.35349 15.10325 9.87056 0.60569 26.11267
9.11397 14.40655 9.96014 0.56738 26.0237
9.11138 14.94575 9.49437 0.68009 25.8247
8.68492 15.24131 10.39525 0.71592 25.06866
7.46848 15.61584 10.06263 0.58584 26.3193
8.83113 15.90924 9.65129 0.68151 25.00908
8.82064 15.8644 9.33877 0.89876 25.17666
9.10116 14.68157 10.06759 0.89007 25.34022
8.84451 14.78398 9.91558 0.66864 25.83652
9.04424 14.76909 10.59239 0.69698 24.98688
9.77173 15.02344 10.37435 0.77713 24.17023
10.10967 15.24051 9.04667 0.75126 24.94157
9.33849 15.06124 9.61607 0.70874 25.34282
8.83717 14.78315 9.72179 0.79454 25.90661
8.78943 14.39696 10.05291 0.81105 25.99764
8.78749 14.65341 9.63067 0.73245 26.23234
8.99549 15.522 9.86117 0.89949 24.81316
8.65393 14.54683 9.86498 0.75215 26.23343
8.72818 15.41242 8.9842 0.76627 26.17546
8.46063 15.01314 9.32963 0.78002 26.47486
8.8594 15.01166 9.71581 0.79523 25.66909
9.20722 14.60362 9.17397 0.74819 26.30554
8.45233 15.62479 9.76221 0.75652 25.46027
8.36183 16.26239 9.22603 0.70435 25.48139
8.27531 15.60541 8.48081 0.68843 26.97028
8.72948 14.77817 9.32941 0.70296 26.49208
8.32695 15.5496 9.52195 0.68048 25.96805
7.86771 15.41714 10.58756 0.76519 25.43756
8.93251 14.32905 10.31628 0.7486 25.72223
8.59421 15.01315 9.82662 0.74638 25.87087
8.34391 15.44107 9.80542 0.7422 25.72836
9.54641 14.76422 10.89711 0.84431 24.05525
9.69015 15.46864 9.3282 0.9449 24.66548
9.78381 14.94473 10.05787 0.89226 24.41071
8.95288 15.9906 10.10298 0.93471 24.10283
9.35393 14.79426 9.87666 0.89393 25.14657
9.12926 15.34027 10.10411 0.96298 24.52622
8.90114 15.3142 9.88471 0.81032 25.13309
9.09676 14.98938 10.07948 0.79045 25.08534
9.02009 14.15868 10.34828 0.65169 25.86037
9.38067 13.42803 10.33972 0.68726 26.20834
9.20475 13.82165 10.15543 0.88042 25.99932
9.54377 14.30028 10.13815 1.09708 25.02687
8.96324 14.56969 10.42674 0.97043 25.1598
9.23292 14.85921 10.03459 1.18256 24.82095
9.19934 15.4659 9.88101 1.03348 24.52849
8.72691 15.47949 10.45669 1.14371 24.31675
8.91535 15.58734 9.31522 0.92891 25.32474
9.35462 15.2697 9.32555 0.91031 25.20877
8.75109 15.53822 9.6039 0.80786 25.33957
9.2889 15.01251 9.31954 0.78042 25.63945
9.24478 14.64673 9.6988 0.85617 25.61814
8.87774 15.54911 9.411 0.83784 25.38198
8.54411 15.4238 9.71413 0.82069 25.54506
8.84672 14.85019 8.98982 0.71692 26.63333
9.42972 14.273 9.91966 0.78875 25.62277
9.30877 14.45514 10.34658 0.77109 25.16231
7.97177 14.92159 11.25157 0.75966 25.13641
7.97938 16.26143 9.98503 0.78765 25.043
7.92659 15.81943 9.75992 0.70322 25.82365
8.79149 14.55184 10.06236 0.81397 25.81798
9.11769 15.16992 9.68551 0.92119 25.14192
9.06312 15.66854 9.68955 1.00683 24.63496
8.55748 15.20255 9.31525 0.90532 26.06809
8.81919 15.17152 9.53405 0.83291 25.69269
9.38221 14.81804 10.29453 0.8057 24.77144
9.35035 15.20477 9.68648 0.87259 24.94256
9.01363 14.61939 10.61894 0.85089 24.94951
9.34357 14.38058 9.63484 0.83907 25.83788
9.27132 14.52579 9.93699 0.85418 25.46187
8.71488 15.28069 9.45753 0.73661 25.86026
