"V1" "V2" "V3" "V4" "V5"
11.00624 17.85496 4.54959 1.12875 25.62915
10.6825 18.03297 4.53675 1.00209 25.88764
10.83154 17.8603 4.45973 0.93311 26.01888
10.52749 18.293 4.32592 1.04964 25.91622
10.57777 18.45962 4.40552 1.22181 25.51495
10.7752 17.86333 4.63757 1.06976 25.80501
10.5764 17.93665 4.69463 1.15177 25.8268
10.45729 18.2503 4.41956 1.21284 25.85619
10.5762 18.18472 4.51517 1.1011 25.77126
10.43456 18.13219 4.52955 1.13067 25.91031
10.64926 17.9521 4.51952 1.1112 25.89768
10.81236 17.64451 4.58381 1.12794 25.95948
10.27361 18.28326 4.59119 1.08047 25.88546
11.10709 17.68113 4.78096 1.33938 25.25019
10.99516 18.21572 4.3974 1.22804 25.34488
10.78639 18.09369 4.39429 1.32979 25.63518
10.7937 17.83309 4.53183 1.23225 25.78956
10.90115 17.62358 4.68312 1.24256 25.69546
10.49068 18.11468 4.59135 1.13688 25.80235
10.41815 17.94054 4.70439 1.24246 25.8782
10.46848 18.36788 4.50422 1.26208 25.6149
10.50888 18.13578 4.62109 1.11439 25.758
10.70537 17.83002 4.54242 1.2182 25.85978
10.83555 18.02869 4.42153 1.23484 25.66358
10.7979 17.91397 4.35088 1.13914 25.98273
10.37028 18.3269 4.42024 0.99094 26.01488
10.4553 17.81684 4.88373 0.97812 25.97754
10.77421 17.79963 4.60257 1.03147 25.96488
10.63408 17.71014 4.637 0.97323 26.15014
10.53182 18.33937 4.62746 1.063 25.57415
10.67424 17.83943 4.66934 0.93891 25.97337
10.82661 17.99962 4.59552 1.06513 25.65072
10.6065 17.85055 4.68463 1.12905 25.87228
11.0302 17.8063 4.5679 1.09415 25.64743
10.63587 18.23098 4.71412 0.96498 25.55507
10.0724 19.01598 4.68193 1.01176 25.34682
10.40379 18.50626 4.68395 1.1571 25.41068
11.03049 17.95853 4.701 1.08653 25.36324
10.99434 17.84442 4.81112 1.12318 25.39599
10.65499 18.33042 4.59657 1.16394 25.43153
10.66052 18.58059 4.61138 1.07418 25.21972
10.77251 18.58488 4.62616 1.041 25.12492
10.3752 18.39291 4.6306 1.0194 25.69887
10.8942 18.30513 4.51605 1.1503 25.29012
10.98264 18.11182 4.59565 1.09952 25.34473
10.67082 18.45163 4.28522 1.05172 25.67632
10.26726 18.35541 4.31076 1.0627 26.12095
10.5537 18.05947 4.57909 0.95398 25.96986
10.69297 18.13848 4.66623 0.99456 25.63783
10.62198 18.48993 4.77164 1.07376 25.1872
10.06248 18.8115 4.48742 0.91128 25.79999
10.53597 18.28241 4.47666 0.88944 25.88814
10.53499 17.93651 4.67535 1.01472 25.95588
10.88139 17.6525 4.55772 1.05002 25.96195
10.77962 17.852 4.43166 1.07345 25.98077
10.76933 17.83525 4.55785 1.04906 25.91351
10.55095 17.90485 4.56434 1.10681 26.02199
10.35693 18.08456 4.56165 1.0539 26.0621
10.45706 18.20066 4.66954 0.97252 25.81527
10.58498 18.0214 4.69032 0.98157 25.81383
10.51818 18.14213 4.48088 0.96651 25.99089
10.54564 18.02911 4.57653 0.95927 26.01855
10.8654 17.89363 4.60827 1.10752 25.69308
10.33522 18.38926 4.47808 1.11463 25.85842
10.71813 18.02011 4.55355 1.06524 25.79396
10.75096 17.82751 4.44732 1.04638 26.06842
10.94918 18.06008 4.48086 1.09544 25.57288
10.91528 17.72687 4.79315 1.34151 25.45079
11.24594 17.56292 4.70973 1.0913 25.54103
11.2529 17.33195 4.70442 0.98414 25.82585
11.00868 17.52554 4.71158 1.20289 25.70185
10.67289 17.61276 4.66592 1.22663 25.99069
11.09931 17.55726 4.71798 1.12357 25.63202
11.06666 17.81285 4.49979 1.14975 25.59293
10.40578 18.01871 4.56751 0.98513 26.12066
10.80676 17.96878 4.72968 1.05739 25.56807
10.75435 18.25426 4.65966 1.00906 25.43369
10.74211 18.24299 4.63915 0.99415 25.47805
10.8594 18.26221 4.50261 1.02023 25.44155
11.07528 17.75411 4.54526 1.03801 25.68021
10.64529 18.01581 4.63165 1.02699 25.74892
10.70055 18.38335 4.47084 0.98157 25.5288
10.40207 18.50716 4.36277 1.15128 25.66566
10.18642 18.51372 4.46447 1.24332 25.71073
10.40531 18.42973 4.47144 1.05305 25.7239
10.55434 18.44674 4.52504 1.126 25.44738
10.48472 18.33306 4.58932 1.18782 25.52237
10.40235 18.38824 4.48619 1.00802 25.80659
10.71706 18.28679 4.53103 1.03494 25.52219
10.72456 17.87176 4.66676 1.04708 25.76564
10.5671 17.74904 4.70138 0.88396 26.14922
10.99788 17.94104 4.53855 0.90605 25.687
10.93926 17.88886 4.73436 0.91985 25.61552
10.95581 17.48014 4.64327 0.84921 26.13483
10.6098 17.85831 4.78894 1.06728 25.78347
10.59865 18.01989 4.68708 1.1655 25.65877
10.45812 18.13484 4.58173 1.18773 25.74781
10.43093 18.21841 4.65798 1.1984 25.63115
10.31782 18.52621 4.58465 1.21511 25.50351
10.50738 18.16167 4.85381 1.17173 25.43206
10.44711 18.44074 4.6088 1.04398 25.56984
10.54242 18.32671 4.51625 1.21766 25.50727
10.6154 17.99346 4.63733 1.13996 25.70569
10.80491 17.75555 4.57696 1.25833 25.74145
10.68753 18.27434 4.61383 1.12028 25.43106
10.31932 18.15459 4.61809 1.16605 25.88197
10.8192 18.27279 4.53631 1.18418 25.38742
10.41357 18.67015 4.29269 1.21365 25.60547
10.54594 18.39143 4.51018 1.46366 25.33436
10.41318 18.13855 4.47965 1.7122 25.59925
10.14651 18.49516 4.38943 1.613 25.65125
10.23762 18.18649 4.42766 1.37634 25.96653
10.11203 18.15838 4.66657 1.18544 26.02022
10.64101 17.78307 4.75798 1.2075 25.76579
10.65661 18.41318 4.61619 1.20345 25.29997
10.47713 18.44619 4.5094 1.1671 25.58891
10.56628 18.28836 4.40576 1.27256 25.68482
10.50141 18.35046 4.64601 1.16998 25.50893
10.92163 17.88536 4.61438 1.20816 25.54121
10.53575 18.17967 4.46603 1.23768 25.72554
10.53489 18.58375 4.49005 1.19684 25.33842
10.59886 18.1933 4.51239 1.30507 25.56761
10.82719 17.99058 4.55957 1.35641 25.45683
10.7475 18.28444 4.56021 1.36117 25.24426
10.83857 17.55714 4.62129 1.16177 25.97536
10.85253 17.56908 4.73496 1.09744 25.84143
10.51692 17.91139 4.48118 1.12044 26.06589
10.7069 17.82338 4.55692 1.09989 25.91752
10.8942 17.98491 4.63811 1.1483 25.45329
10.32853 18.38036 4.68276 1.19681 25.52095
10.41546 18.36679 4.53543 1.09412 25.70071
10.24364 18.67608 4.463 1.1069 25.61606
10.8173 18.0735 4.41764 0.96521 25.8248
10.8172 17.84446 4.82816 1.0193 25.59394
10.73037 18.03353 4.68514 1.13559 25.5492
10.56091 18.23186 4.50278 1.09071 25.74315
10.36699 18.1399 4.54514 1.08312 25.96739
10.25859 17.62917 4.66732 0.9951 26.54215
10.34406 18.26822 4.48452 1.0132 26.00723
10.27058 18.51533 4.62962 1.06103 25.62964
10.26043 18.06352 4.64687 1.01289 26.09058
10.49685 18.05581 4.63593 1.16823 25.75527
10.74243 18.3929 4.52013 1.27812 25.22765
10.70835 17.87814 4.61285 1.42346 25.53989
10.68383 18.41624 4.59511 1.32967 25.13418
10.5578 18.34747 4.4435 1.0648 25.67829
10.72653 17.76345 4.56803 1.17249 25.87066
10.45749 17.94584 4.63441 1.20388 25.86912
10.59062 17.7073 4.77715 1.35945 25.73773
10.62903 17.63387 4.62208 1.2274 25.99946
10.1869 18.51546 4.50331 1.09797 25.79248
10.2578 18.04299 4.53276 1.07505 26.17038
10.59493 18.00593 4.62806 1.06835 25.80103
10.78409 18.07486 4.76368 1.1565 25.36599
10.52524 18.15208 4.58396 1.15463 25.70323
10.35221 18.0774 4.66966 1.19552 25.84386
10.78227 17.85876 4.39189 1.13439 25.95611
11.027 17.99204 4.40208 1.07191 25.59954
10.69679 17.71233 4.76392 1.11616 25.80457
10.45477 18.49672 4.47765 1.21606 25.50816
10.53513 18.32313 4.49078 1.35418 25.49694
10.23807 18.91964 4.44584 1.30122 25.26806
10.40831 18.36117 4.50292 1.43962 25.48306
10.443 18.25755 4.4549 1.26863 25.73504
10.81407 17.84555 4.38006 1.20017 25.88047
10.87489 17.73777 4.41527 1.21391 25.89255
10.55226 17.84425 4.48078 1.27254 25.98285
10.59271 18.1108 4.54465 1.27481 25.61688
10.43412 17.87621 4.53026 1.07899 26.17734
10.51815 18.09234 4.57753 1.01276 25.87218
10.4556 17.9795 4.82639 1.0849 25.7668
10.42257 17.84786 4.72646 1.06576 26.04913
10.37185 18.20499 4.41032 1.0357 26.06305
10.78377 18.16156 4.49773 1.00402 25.64608
10.704 18.36331 4.54364 1.0134 25.44605
10.99021 18.00351 4.46674 1.05921 25.57088
11.15678 18.0024 4.50304 1.0974 25.35231
11.16095 17.85087 4.72699 1.07268 25.30011
11.28769 17.7336 4.5827 1.05895 25.47859
11.02832 17.90878 4.55248 1.1199 25.55485
11.02184 17.93715 4.72104 1.25781 25.2715
10.75421 18.22615 4.46715 1.14409 25.57048
11.00745 18.33639 4.50522 1.20777 25.13861
11.20177 18.05528 4.35565 0.99094 25.49717
11.15652 18.08765 4.58786 1.30823 25.02996
10.97615 18.55085 4.57491 1.42035 24.66957
10.67621 18.42766 4.48425 1.40118 25.19089
10.55485 18.38261 4.43206 1.17658 25.5825
10.5641 18.37083 4.33705 0.97168 25.82923
10.74548 17.76814 4.59985 0.99347 25.98756
10.85925 18.17669 4.46148 1.11265 25.49051
10.63925 18.1293 4.74748 1.20933 25.40338
10.72708 18.44924 4.60981 1.23224 25.15198
10.72879 18.41921 4.67606 1.14066 25.19573
10.73519 18.23205 4.59586 1.34539 25.29606
11.06242 18.24237 4.59294 1.31239 25.01323
10.48649 18.09933 4.654 1.17826 25.72279
10.42688 18.21314 4.70892 1.18855 25.63425
11.06075 18.00351 4.48656 1.14501 25.48946
10.62839 17.8199 4.36238 1.15109 26.19528
10.82428 17.9288 4.37462 1.16501 25.8769
10.68817 18.14383 4.44669 1.17628 25.68931
11.09043 17.92892 4.55838 1.09181 25.47292
11.08551 17.96886 4.35329 1.02611 25.65707
11.07388 18.00294 4.47564 0.91168 25.61153
10.7431 18.40203 4.59028 1.00686 25.36348
10.47041 18.66116 4.35633 1.05243 25.55428
10.55728 18.16413 4.60142 1.15352 25.66093
10.52152 18.30171 4.60351 1.03994 25.65018
10.5042 18.49969 4.40736 0.99873 25.69212
10.47901 18.37039 4.55545 1.18226 25.56661
10.37242 18.46522 4.64619 1.23261 25.44916
10.71812 17.61224 4.7019 1.43589 25.75915
10.60304 18.38168 4.64847 1.36856 25.19369
10.83373 18.10965 4.62047 1.17957 25.39147
10.82427 17.94022 4.70856 1.10111 25.52756
11.13966 17.66379 4.86199 1.11008 25.33839
10.7991 17.69895 4.81051 0.98153 25.80894
10.4732 17.89329 4.79924 1.0105 25.93475
10.61093 17.9661 4.82124 0.92562 25.76839
10.8518 18.19343 4.52934 1.06095 25.49842
10.69347 18.46233 4.5807 1.02145 25.38314
10.7419 18.07743 4.61342 1.01941 25.67668
10.26528 18.59963 4.40182 0.96236 25.87864
10.64679 18.02353 4.53084 1.09092 25.83799
10.32477 18.25556 4.63793 1.16095 25.7481
10.45508 18.33963 4.55731 1.12109 25.65066
10.74205 18.14134 4.4288 1.08971 25.71077
10.47329 18.40388 4.52116 0.96233 25.72406
10.79709 18.05319 4.61109 0.98885 25.62316
10.84533 18.31338 4.50144 0.98475 25.44248
10.63116 18.34235 4.57422 1.03596 25.5073
10.41322 18.61583 4.59096 0.90962 25.56023
10.6961 18.0942 4.49759 0.99782 25.8065
11.07624 17.94902 4.55142 1.11033 25.43495
10.88489 17.74856 4.83081 1.04719 25.59605
10.67196 18.16867 4.84293 1.14808 25.30614
10.35722 18.43888 4.60083 0.99018 25.69246
10.57731 18.11444 4.53427 1.02819 25.8418
10.79605 17.74985 4.73405 1.07299 25.73011
10.44826 18.23631 4.73383 1.04197 25.6398
10.39676 18.00008 4.69549 1.06212 25.93439
10.38 17.85248 4.60326 0.97431 26.25517
10.72137 18.42176 4.3154 0.97129 25.66051
10.36614 18.36537 4.43615 1.05993 25.89062
10.79223 18.04049 4.86298 1.15978 25.30344
10.69126 18.0632 4.62646 1.16697 25.60309
10.97285 17.66846 4.67242 1.12766 25.71158
10.49562 17.99119 4.51228 1.07328 26.04889
11.20872 17.33703 4.79234 1.14025 25.67328
10.71652 17.80755 4.76829 1.08705 25.7804
10.51823 18.01537 4.61804 1.23107 25.80585
10.26915 18.23742 4.77741 1.09585 25.76501
10.72431 18.059 4.50587 1.07037 25.78168
10.54564 18.4527 4.42682 1.13416 25.60772
10.80365 18.19964 4.47775 0.98572 25.65344
10.9601 18.16709 4.29308 0.95248 25.72131
11.02882 17.58903 4.6381 0.94837 25.89939
10.68677 17.85925 4.60059 0.94637 26.02064
10.60246 18.07077 4.71128 1.06836 25.69691
10.58902 18.30491 4.46826 1.16851 25.66271
10.79061 18.26989 4.588 1.12319 25.36584
10.43334 18.17664 4.72266 1.09983 25.69232
10.62289 18.12379 4.71936 1.05558 25.61613
10.80587 18.04514 5.01493 1.12393 25.15013
10.59935 17.97754 4.73526 1.17443 25.68171
11.01509 17.93919 4.43994 1.38518 25.42327
10.81001 17.72144 4.56713 1.37708 25.72435
10.74703 17.94255 4.45297 1.33202 25.68144
10.70228 17.62065 4.60988 1.4232 25.83253
10.83996 17.76891 4.60645 1.52393 25.50161
11.10482 17.63271 4.7721 1.52087 25.2573
11.08383 17.54265 4.75725 1.57005 25.31445
10.90068 18.10575 4.57009 1.46756 25.18402
10.87658 18.16464 4.77485 1.28482 25.05175
10.83175 17.75362 4.71541 1.316 25.49702
11.00173 17.53935 4.85379 1.25326 25.48565
10.84653 18.21988 4.67073 1.44491 25.03835
11.30815 17.59911 4.72989 1.1921 25.33271
10.96969 17.46985 4.8266 1.17541 25.6664
11.09058 17.79805 4.59278 1.32371 25.3511
10.88436 18.20501 4.59388 1.28974 25.20338
10.80862 18.04407 4.78312 1.18941 25.30525
11.01434 17.74417 4.57079 1.35476 25.48237
10.66971 17.88977 4.64437 1.35243 25.58199
10.60277 17.91483 4.53355 1.19075 25.85678
10.37675 18.08934 4.37228 1.49696 25.82176
10.14569 17.7565 4.55012 1.59225 26.14929
10.51519 17.75005 4.43319 1.53953 25.98368
10.95974 17.5263 4.59414 1.59818 25.5682
10.85243 17.65425 4.53273 1.42816 25.72567
10.65697 17.79049 4.6093 1.43331 25.74543
10.35322 18.37407 4.57223 1.22029 25.67049
10.72212 18.33071 4.44772 1.20203 25.47079
10.82417 18.1044 4.4232 1.28756 25.54137
10.37791 18.25681 4.46164 1.30707 25.76358
10.53984 17.89119 4.65676 1.3292 25.76371
10.43515 18.08942 4.64644 1.42109 25.60749
10.69214 17.87289 4.57991 1.46309 25.60563
10.57295 17.85619 4.7356 1.24798 25.71026
10.49536 17.93931 4.7979 1.38983 25.52658
10.89235 17.9544 4.80415 1.35685 25.1247
10.64943 18.08494 4.5683 1.35079 25.45801
10.45097 17.94296 4.64771 1.21694 25.84128
10.51132 17.82946 4.68029 1.32702 25.76451
10.3107 17.5938 4.69683 1.15382 26.31895
10.4667 17.62711 4.73053 1.28725 25.9882
10.57367 17.97071 4.46596 1.28037 25.81679
10.7296 17.70351 4.52103 1.45003 25.78149
10.91989 17.66257 4.61546 1.17061 25.76205
10.96864 17.7262 4.49336 1.18046 25.7586
10.69164 17.63903 4.55197 1.26273 25.98711
10.81916 17.99001 4.42963 1.36712 25.55455
10.49536 18.10489 4.52872 1.29581 25.71502
10.50206 17.90016 4.48142 1.16243 26.0577
10.66122 17.82272 4.48136 1.188 25.97359
10.85596 17.80207 4.46468 1.17795 25.82642
10.53308 17.70956 4.44337 1.24732 26.21527
10.22213 17.95505 4.63189 1.10743 26.18785
10.38871 17.79366 4.55075 1.04171 26.30585
10.33797 18.12521 4.50228 1.21645 25.94398
10.37374 18.24244 4.39961 1.18179 25.89746
10.42105 18.10553 4.48684 1.06534 26.01853
10.78642 17.7041 4.7631 1.05877 25.78086
10.6162 18.03986 4.6261 1.01611 25.78545
10.65455 17.95867 4.62276 1.20569 25.68004
10.64617 17.94577 4.6344 1.02143 25.82959
10.55155 17.8144 4.82595 0.98822 25.8818
10.9579 17.65971 4.93269 1.02454 25.51093
10.30935 18.28109 4.71627 1.01694 25.76015
10.47831 18.17834 4.55176 1.0936 25.79175
10.67028 18.16297 4.48124 0.97351 25.78546
10.83339 18.03032 4.65932 1.14175 25.45073
11.20165 18.1041 4.62203 1.10323 25.09061
10.77233 18.17508 4.63115 0.92376 25.58182
10.68599 18.18086 4.51855 0.93784 25.76798
10.52427 18.07313 4.64223 1.00072 25.87001
10.55275 18.073 4.72844 1.13622 25.65793
10.79521 18.03288 4.74478 1.19267 25.33969
10.89792 17.88627 4.64658 1.04388 25.6075
10.77977 18.27651 4.42364 1.11193 25.52079
10.93861 18.03894 4.35409 0.96833 25.78897
10.49613 18.22548 4.36031 0.92761 26.06213
10.28852 18.45536 4.40562 0.85363 26.06098
10.70299 18.30434 4.62088 0.96402 25.48123
10.52997 18.16013 4.73837 0.9584 25.68636
10.3846 18.38329 4.6036 1.04391 25.66255
10.76313 18.01529 4.48569 1.04203 25.7709
10.6588 18.5076 4.64906 0.93677 25.34692
10.44628 18.24524 4.71091 0.95615 25.73018
10.63303 18.04325 4.9822 1.05345 25.42487
10.82098 17.73777 4.70561 1.16333 25.73237
10.80009 17.85279 4.4912 1.0373 25.92069
10.61871 17.90166 4.57785 1.00879 25.97749
10.30754 18.27368 4.62786 1.06403 25.81919
10.59972 17.91568 4.55884 1.04052 25.96802
10.56204 17.89251 4.74234 1.03028 25.84114
10.509 18.0394 4.47821 0.92762 26.09024
10.54586 17.86267 4.55945 0.94163 26.15834
10.64272 17.74266 4.67682 1.01343 26.00194
11.1528 17.80516 4.56276 1.29417 25.31981
10.72236 17.98181 4.50624 1.14515 25.72313
10.84768 18.23556 4.5068 1.35933 25.18588
10.40511 18.06474 4.6988 1.21408 25.72874
10.4182 18.13834 4.73475 1.27738 25.55136
10.58948 18.17976 4.54264 1.08062 25.70348
10.65718 17.84577 4.48578 1.06398 26.04307
10.75962 17.86056 4.6901 1.07074 25.7201
10.69464 17.79447 4.69933 1.10203 25.79318
10.6141 17.7888 4.53165 1.01218 26.12156
10.49836 18.09823 4.49048 1.03164 25.93721
10.74915 18.04206 4.33293 1.10641 25.82875
10.75192 17.98462 4.63298 0.92255 25.77669
10.64962 17.65574 4.90871 0.84873 25.99498
10.58552 17.55595 4.79564 0.91047 26.2042
10.19191 18.24373 4.61829 0.95193 26.04
10.01971 18.44536 4.62655 0.88048 26.07107
10.44304 17.98065 4.67571 1.00486 25.97317
10.65396 17.5266 4.72755 1.01223 26.16046
10.70994 17.9843 4.66336 1.07075 25.69339
10.4704 18.05515 4.68114 1.03879 25.85768
10.48784 18.15511 4.66895 1.06116 25.72991
10.89375 17.48989 4.60176 0.94537 26.14834
10.2648 18.08701 4.4671 0.93114 26.30199
10.75774 17.69958 4.58193 0.96254 26.05361
10.6954 18.24645 4.54158 1.08199 25.52236
10.56461 18.10235 4.64174 0.96278 25.78949
10.69929 18.46222 4.76965 1.02944 25.122
10.93378 18.06868 4.45062 0.88034 25.71352
10.917 17.95054 4.4861 0.89671 25.7926
10.51701 17.99455 4.68718 0.8067 26.02537
10.40035 18.15926 4.60185 0.84225 26.02779
10.56309 18.16968 4.57186 0.99103 25.75355
11.01498 17.8763 4.50546 0.93076 25.7368
10.62636 17.93165 4.68471 1.04644 25.76217
10.09994 18.126 4.559 0.9865 26.27267
10.33176 18.19854 4.45253 0.92351 26.15368
10.53708 18.11682 4.33857 0.93172 26.14379
10.5869 17.85717 4.56906 0.88194 26.15626
10.55999 18.41874 4.50362 0.9368 25.63798
10.74304 18.05795 4.54383 0.9488 25.76222
10.48082 18.07975 4.32806 0.90748 26.25085
10.70589 18.18386 4.75522 1.04863 25.3907
10.62489 18.44596 4.59574 1.03691 25.34613
10.37834 18.2647 4.56222 0.98568 25.84599
10.46194 18.62179 4.41834 0.99043 25.56443
10.63972 17.7653 4.45882 0.88401 26.29112
10.72566 18.14451 4.62645 0.98593 25.57431
10.87531 17.86776 4.64772 0.93472 25.72152
10.80643 17.88131 4.61591 0.85188 25.87803
10.92946 17.68687 4.63868 0.94796 25.83944
10.48134 17.83539 4.62119 0.80323 26.28655
10.92475 17.60992 4.66851 0.9172 25.92396
11.16387 17.8316 4.64972 0.82406 25.57489
10.59482 17.77231 4.53733 0.82935 26.2957
10.72142 17.69835 4.66751 0.89206 26.05978
10.06038 18.18468 4.51995 0.86047 26.40397
10.36112 18.79634 4.48861 0.87356 25.52078
10.43009 18.1803 4.68893 0.89188 25.84043
11.10566 17.54991 4.7648 0.88176 25.75559
10.31914 18.56101 4.50926 0.94409 25.71542
10.34823 18.64297 4.27269 0.82823 25.9552
10.45091 18.47521 4.49649 0.86198 25.76142
10.47169 18.3575 4.64568 0.92943 25.63756
10.85981 18.11318 4.56025 1.10368 25.43467
10.7867 17.97962 4.63535 1.09204 25.56727
10.28407 18.22387 4.72428 1.03102 25.78448
10.39913 18.06059 4.62617 0.92286 26.0199
10.50497 17.84723 4.51638 0.89415 26.26714
10.1387 18.69145 4.22867 0.94116 26.03173
10.28465 18.69298 4.22698 1.06542 25.76725
10.32265 18.32819 4.36954 1.07183 25.95776
10.36481 17.92277 4.6167 1.0388 26.10764
10.42664 18.11609 4.56299 1.04712 25.90479
10.52327 17.93133 4.57038 1.06644 25.96698
10.63798 18.02078 4.5621 1.08521 25.77418
10.523 17.94174 4.67964 1.12128 25.81205
10.71524 18.18191 4.35627 1.09143 25.72754
10.34496 18.01922 4.60603 1.12895 25.96933
10.34549 18.13317 4.58906 1.07753 25.91361
10.42611 18.03402 4.8101 1.06928 25.7248
10.60868 18.07518 4.63859 1.03017 25.70874
10.28447 18.18411 4.71341 1.00684 25.87586
10.7777 17.5857 4.80662 1.02298 25.87966
10.41821 18.26939 4.50319 1.04687 25.83236
10.63785 18.1918 4.44395 0.99152 25.79296
10.80588 17.99754 4.51449 1.04535 25.71898
10.256 18.59333 4.52361 1.03696 25.66333
10.37961 18.20286 4.62382 0.87998 25.97281
10.92006 18.1774 4.52537 0.92084 25.52647
10.95331 17.50578 4.98087 1.03154 25.60229
10.46742 18.02467 4.64092 0.87166 26.03961
10.90267 17.82309 4.72687 0.95847 25.66788
10.76752 18.28477 4.48545 0.95798 25.58018
10.91125 17.66059 4.62687 0.921 25.94378
10.72349 17.73333 4.76315 0.89508 25.94426
10.63311 18.1332 4.73165 0.90846 25.67983
10.39402 18.29435 4.63922 0.87099 25.88465
10.4386 18.24086 4.62245 0.88713 25.87533
11.0806 17.46205 4.64275 0.99266 25.90886
10.6926 18.196 4.62503 1.05457 25.55095
10.74522 18.01868 4.59768 0.99128 25.72656
10.23989 18.43046 4.75636 0.91694 25.72995
10.55766 18.22744 4.61804 1.03429 25.63857
10.83268 18.17591 4.79098 1.00318 25.29465
10.62157 18.18854 4.58038 0.9334 25.74416
10.73966 18.37374 4.6443 0.84923 25.46835
10.68899 17.96646 4.47742 0.85859 26.08351
10.74309 18.41153 4.54927 1.00154 25.38144
10.61739 18.51557 4.60684 1.0724 25.28541
10.5976 18.23021 4.51377 1.0317 25.7001
10.42605 18.53608 4.45837 1.11974 25.54632
10.59788 18.4 4.71076 1.11172 25.2801
10.93505 17.87157 4.77474 1.21747 25.29396
10.83775 17.90771 4.55331 1.13341 25.63918
10.465 18.07047 4.56007 1.11404 25.86255
10.58163 17.92218 4.83713 1.13617 25.60827
10.64074 17.98419 4.75138 1.15327 25.55623
10.81347 17.93966 4.74657 1.07278 25.50898
10.69551 17.60767 4.66624 1.12435 25.99308
10.78028 17.82102 4.64707 1.22212 25.63609
11.03258 17.50045 4.83874 1.07402 25.64625
10.80274 17.68272 4.59431 0.99656 25.97667
10.84051 17.90143 4.40119 1.03178 25.88645
10.5039 18.24157 4.42663 0.99961 25.89865
10.4993 18.32516 4.6955 0.97093 25.58097
11.03051 17.97663 4.61283 1.09563 25.40002
10.51621 18.50204 4.38219 1.05514 25.65715
10.91393 18.30236 4.33844 1.04434 25.52241
10.7842 18.22632 4.52656 0.94478 25.59513
10.69242 18.3159 4.66148 0.94794 25.45505
10.70641 18.02916 4.87107 0.85595 25.6167
10.52365 18.13353 4.60319 0.83717 25.96307
10.2143 18.34317 4.64698 0.90715 25.95611
10.26053 18.29273 4.53561 0.89772 26.07168
10.19264 18.64385 4.46698 0.96415 25.81562
10.4751 17.99744 4.44278 1.07747 26.09872
10.44879 18.29518 4.46658 1.07451 25.8018
10.62499 18.1947 4.64932 1.04615 25.58387
10.48168 17.88619 4.72722 0.94985 26.01443
10.64046 18.27845 4.57978 1.46622 25.3062
10.47669 18.43759 4.63608 1.23217 25.40213
10.56189 18.36363 4.67225 1.29955 25.31892
10.27264 18.5794 4.64555 1.29206 25.41425
10.63433 18.43107 4.57435 1.35453 25.2488
10.41975 18.5932 4.45709 1.55313 25.30216
10.97942 18.49763 4.40732 1.42051 24.96632
10.78215 18.55897 4.40146 1.3253 25.13199
10.82007 18.15787 4.49329 1.3264 25.44854
10.85601 17.59255 4.76276 1.18185 25.77077
10.93085 17.32885 4.77298 1.0481 26.04869
10.85197 17.82918 4.95539 1.29737 25.25286
10.60157 18.11507 4.69438 1.22762 25.52559
10.64604 18.26357 4.58876 1.14235 25.51876
10.32752 18.30377 4.71099 1.30117 25.56981
10.79015 17.99969 4.74725 1.20188 25.46942
10.63716 18.33465 4.6343 1.43537 25.19448
10.57726 17.90157 4.51361 1.41393 25.79278
10.41159 17.94018 4.66577 1.35237 25.83501
10.77104 18.21509 4.59833 1.40547 25.25596
10.79484 17.97794 4.53387 1.30916 25.57833
10.38941 18.19959 4.57087 1.17184 25.83469
10.32357 17.97645 4.6959 1.21193 25.98166
10.59247 18.23436 4.46736 1.30169 25.63105
10.616 18.09794 4.53082 1.28522 25.66888
10.57238 17.89169 4.55229 1.13502 25.96779
10.4653 18.15718 4.63769 1.30942 25.57804
10.1456 18.60043 4.57697 1.17709 25.61853
10.13592 18.06119 4.67408 1.10686 26.12639
10.65779 17.90035 4.59737 1.17492 25.78139
10.42951 17.87064 4.78933 1.26471 25.775
10.74189 17.55647 4.62454 1.22383 25.9793
10.2404 18.15619 4.71219 1.40218 25.67119
10.26448 18.34504 4.70988 1.30356 25.55179
10.40762 18.35812 4.60542 1.33148 25.4926
10.78666 18.0027 4.51317 1.13088 25.74672
10.45937 18.43982 4.69045 1.04485 25.49305
10.67424 18.35351 4.84655 1.04314 25.22037
10.81194 18.01874 4.75919 1.0493 25.50615
10.77924 18.29074 4.77664 1.03507 25.27741
10.86325 18.62712 4.74998 1.05866 24.88109
10.83553 18.42126 4.64948 1.06879 25.19364
10.5777 18.30078 4.56873 1.25279 25.51843
10.96697 17.54637 4.56708 1.17563 25.90247
10.67912 17.72678 4.79573 1.13213 25.82477
10.55476 17.8347 4.73169 1.18801 25.87236
10.92581 17.9404 4.74216 1.136 25.41796
10.85323 17.74093 4.59018 0.97783 25.93093
10.53776 17.91806 4.56902 1.02297 26.06074
10.37196 18.39835 4.52742 1.00197 25.80533
10.60254 17.96729 4.70345 0.93541 25.90713
10.34542 18.4955 4.67055 0.85993 25.73941
10.95857 17.68767 4.61386 0.92276 25.93552
10.7321 18.12418 4.67678 1.00858 25.59254
11.07874 17.88252 4.6283 0.87441 25.64478
10.99863 18.20433 4.44212 0.82188 25.62559
11.10525 18.10357 4.56155 0.78652 25.52599
11.02494 17.98927 4.64311 0.8585 25.58596
10.84334 18.28254 4.58118 0.9439 25.46811
10.95263 18.17286 4.6589 1.03627 25.34467
11.17343 17.61213 4.67411 0.98816 25.68743
10.82917 17.65578 4.73576 0.96126 25.92748
10.51424 17.64387 4.96389 0.92842 26.02996
10.36909 18.34355 4.63612 1.05353 25.73166
10.36517 18.24825 4.65722 1.19952 25.68222
10.24966 18.65565 4.6079 1.34178 25.33205
10.61599 18.29247 4.54723 1.19603 25.49947
10.49579 18.37238 4.55223 1.11457 25.62371
10.50931 18.09775 4.56437 1.09714 25.89893
10.64124 17.88475 4.63228 1.00426 25.98136
10.74385 17.54076 4.8865 1.13372 25.88953
10.5878 17.54152 4.93943 1.27085 25.88856
10.51763 17.62468 4.67885 1.13234 26.18755
10.57221 18.00283 4.63134 1.53442 25.55283
10.3844 18.22441 4.5774 1.39602 25.63224
10.49592 18.08569 4.56583 1.25408 25.76076
10.66864 18.05887 4.52771 1.13206 25.7222
10.7955 18.06072 4.56474 1.19035 25.50373
10.79083 18.15805 4.44974 1.24589 25.51954
10.76661 18.03903 4.69762 1.34369 25.39883
10.40952 18.10698 4.52051 1.27281 25.8891
10.2488 18.15794 4.6362 1.30285 25.83682
10.24437 18.15123 4.64336 1.39633 25.76329
10.46099 18.01604 4.42577 1.35077 25.91753
10.39228 18.25858 4.48887 1.18296 25.82058
10.3961 18.2503 4.54646 1.16595 25.74566
10.28965 18.1515 4.47642 1.24996 25.96507
10.44715 18.36383 4.3343 1.21521 25.78478
10.76489 18.01028 4.54682 1.33673 25.54761
10.52454 18.21187 4.42342 1.47902 25.60292
10.89567 18.22333 4.58442 1.38409 25.18237
10.58104 18.43993 4.60126 1.5206 25.16448
10.46224 18.25417 4.53942 1.2478 25.69211
10.66151 18.01647 4.66601 1.16913 25.65203
10.72799 17.78625 4.86651 1.11648 25.6429
10.70094 17.72601 4.89136 1.16886 25.65372
10.66598 17.69461 4.82142 1.21817 25.72697
10.39428 18.05074 4.62955 1.34423 25.77285
10.59161 18.00039 4.52485 1.11891 25.87917
10.46037 18.03598 4.33603 1.22976 26.07489
10.73974 18.03898 4.34187 1.21986 25.79704
10.6673 18.01922 4.44205 1.23897 25.76958
10.63162 18.19003 4.38582 1.51189 25.54543
10.26335 18.31789 4.64436 1.48327 25.56335
10.47916 18.2227 4.42803 1.35132 25.73211
10.39564 18.59625 4.3642 1.28365 25.51238
10.38585 18.42777 4.53383 1.20153 25.58838
10.4034 17.86928 4.41575 1.18255 26.23479
10.56336 17.9387 4.33759 1.20844 26.08002
10.73686 17.79768 4.51968 1.3582 25.77471
10.77037 18.03025 4.42126 1.20185 25.71594
10.7038 17.83327 4.69529 1.38903 25.58727
10.82583 17.64536 4.61291 1.14984 25.89944
10.94647 17.56385 4.79184 1.28417 25.60899
10.68489 18.04163 4.5283 1.25516 25.68078
10.91108 17.66614 4.60087 1.29434 25.69975
10.83548 17.84383 4.66598 1.29653 25.55684
10.70935 18.06388 4.57447 1.20743 25.57634
11.06702 17.54021 4.49656 1.29052 25.79014
10.83201 17.96501 4.64382 1.38035 25.42281
11.04192 17.41326 4.66903 1.12279 25.88871
10.58247 18.0414 4.38701 1.20088 25.91909
10.71748 17.78318 4.65707 1.20618 25.77022
10.89475 17.59708 4.64582 1.2088 25.76671
10.70979 17.88015 4.63378 1.26809 25.61536
10.69798 17.96181 4.49471 1.14379 25.8008
10.73329 17.58634 4.64417 1.25655 25.89589
10.25695 18.41392 4.82212 1.34279 25.34178
10.35406 17.87245 4.53168 1.36539 26.05289
10.32507 18.13295 4.54008 1.41132 25.82586
10.62319 18.48062 4.3802 1.67641 25.1791
10.8107 17.98116 4.6371 1.71653 25.22398
10.71984 18.02446 4.66255 1.70884 25.27541
10.64866 17.851 4.67982 1.70509 25.47845
10.79851 17.63994 4.60876 1.37326 25.80817
10.6921 17.97076 4.51538 1.4263 25.67985
10.88968 18.02613 4.42755 1.26373 25.61927
10.48275 18.30329 4.45331 1.57144 25.51565
10.49996 17.89086 4.62525 1.74362 25.59646
10.87542 17.8068 4.53283 1.47836 25.558
10.93411 17.97913 4.50789 1.43895 25.35179
10.43449 18.44931 4.41255 1.29203 25.57369
10.44902 18.38166 4.47426 1.14516 25.67135
11.05217 17.75006 4.65871 1.26091 25.41387
11.01232 17.77402 4.72652 1.2691 25.41029
10.70467 18.36651 4.5014 1.16463 25.42599
10.59432 17.72384 4.98471 0.9345 25.8878
10.83641 18.15186 4.69669 0.99627 25.47127
10.70081 17.89821 4.81606 1.04569 25.67908
10.95893 17.702 4.83497 1.04869 25.62868
10.89763 17.2995 4.90904 0.88127 26.11639
11.00772 17.54962 5.1479 1.14148 25.32583
10.4945 18.43121 4.72394 1.15794 25.37751
10.76537 17.73859 5.00252 1.16553 25.49087
10.54851 18.00043 4.73741 1.09665 25.7566
10.22964 18.01376 4.57341 0.95649 26.30969
10.52118 17.94795 4.67145 1.04726 25.92078
10.53636 17.8008 4.7534 1.0886 25.90746
10.20854 18.54555 4.49116 1.02397 25.80351
10.31311 18.50878 4.40107 1.23748 25.68218
10.2217 18.42378 4.41782 1.18972 25.87647
10.3186 18.18319 4.52789 1.17134 25.92207
10.39353 18.44159 4.36514 1.43805 25.57974
10.65544 18.17455 4.55432 1.4774 25.40153
10.55466 18.32627 4.50017 1.24226 25.53953
10.64154 18.18009 4.5618 1.10512 25.6636
10.90099 18.08518 4.52002 1.27568 25.41856
10.68981 17.44984 4.85483 1.21575 25.96394
10.57153 18.37236 4.60131 1.11902 25.49494
10.61815 18.58045 4.50548 1.25493 25.24824
10.96035 18.13356 4.49244 1.09303 25.43655
10.29692 18.65044 4.41432 1.09233 25.66852
10.62565 18.13136 4.63323 1.1657 25.57763
10.50114 17.92738 4.66371 1.10324 25.92387
10.81501 17.82092 4.5911 1.04535 25.82356
10.79027 18.01289 4.65975 1.15561 25.53303
10.78093 17.97354 4.83627 1.17123 25.38001
10.8794 17.90012 4.72141 1.15224 25.5287
10.76589 17.65828 4.63328 1.01167 26.07756
10.28524 18.56637 4.80277 0.96952 25.49837
10.27495 18.50333 4.48804 0.9784 25.85562
10.34 18.67623 4.42347 1.08005 25.60075
10.62173 18.63579 4.45592 1.20357 25.27498
10.63425 18.59169 4.4624 1.00827 25.41863
10.54327 18.4343 4.48351 0.92397 25.71003
10.47341 18.11306 4.89772 0.98532 25.63826
11.06362 17.98692 4.48283 1.10546 25.46953
10.52644 18.15087 4.48181 1.22718 25.75417
11.14925 18.07819 4.43905 1.12863 25.36042
10.80508 18.4475 4.50216 1.18762 25.19819
10.77725 18.1697 4.59139 1.1105 25.47493
10.53625 18.34702 4.43215 0.94777 25.84125
10.57459 17.92251 4.80038 0.85356 25.94011
10.78162 18.0164 4.55157 0.88777 25.86518
10.39719 18.31719 4.69819 0.98422 25.72635
10.67501 18.00271 4.59366 0.95656 25.88395
10.41095 18.2856 4.4203 1.02932 25.96332
10.44978 18.4617 4.41321 1.1861 25.62933
10.44366 18.40976 4.36543 0.99704 25.88565
10.57869 18.10216 4.58944 0.97196 25.85831
10.43983 18.18535 4.71334 1.02605 25.73231
10.27155 18.52203 4.59377 0.9737 25.71416
10.24544 18.52862 4.6285 0.943 25.73887
10.51129 17.96803 4.54595 0.82172 26.239
10.82923 18.08716 4.42307 1.00378 25.80687
10.59691 18.38663 4.5205 0.95872 25.64953
10.80874 17.83188 4.84706 1.10008 25.55931
10.4941 18.24889 4.63365 1.09218 25.64248
10.45595 17.76356 4.94856 1.07655 25.86355
10.76215 17.67463 4.60345 1.19837 25.92047
10.76557 17.65454 4.71209 1.16829 25.83387
10.93609 17.90063 4.39658 1.23887 25.68316
10.94447 18.27079 4.34123 1.13765 25.45056
10.79853 17.74202 4.35524 0.98095 26.19648
10.7721 17.76375 4.59825 0.9795 25.96888
10.53885 18.21584 4.55819 1.0115 25.74205
10.79653 17.75053 4.78079 0.98902 25.76913
10.5317 17.43179 4.71586 0.889 26.49944
10.33196 18.13748 4.56755 0.90625 26.13392
10.59938 17.88647 4.62874 0.97219 26.01449
10.53929 17.97656 4.85438 1.01795 25.73429
10.427 17.90781 4.58144 0.96817 26.19759
10.64054 18.26346 4.80884 1.13352 25.30305
10.44436 17.98226 4.6732 1.07393 25.92552
10.93701 17.75935 4.65716 1.08733 25.67042
11.02175 17.57576 4.64653 1.1253 25.72466
10.58418 18.21 4.52113 1.03677 25.72115
10.2168 17.87451 4.61931 1.10393 26.27887
10.14545 18.61964 4.50077 1.16882 25.69651
10.34333 18.17747 4.6098 1.25463 25.76322
10.45541 17.96979 4.52188 1.1831 25.9765
10.46351 17.72462 4.36869 1.12202 26.41909
10.39421 17.86275 4.67136 1.29717 25.91308
10.51366 18.0874 4.37983 1.33087 25.82512
10.28607 18.08827 4.57059 1.40286 25.79181
10.27968 18.35767 4.4018 1.26894 25.80699
10.25187 18.38557 4.30992 1.18784 25.98185
10.21914 18.02552 4.50306 1.07008 26.27845
10.47345 18.37884 4.48767 1.15592 25.62945
10.69118 17.7875 4.67764 1.0927 25.86351
10.91852 17.97696 4.53018 1.11283 25.60213
10.8039 17.85943 4.62531 1.03783 25.75736
11.04857 17.63294 4.56543 0.9843 25.84706
10.86178 17.88714 4.62042 0.90951 25.80001
10.88348 17.76944 4.55587 0.98199 25.91739
10.48245 17.64167 4.61407 1.02686 26.32196
10.60485 18.08408 4.54776 1.04631 25.82728
10.49621 17.94735 4.69415 0.99797 25.94641
10.34072 17.84019 4.39111 0.95206 26.54222
10.21351 18.06977 4.41641 0.92285 26.42365
10.60701 18.30918 4.1864 1.12552 25.84698
10.39706 18.06806 4.42704 1.00331 26.15612
10.64011 18.04098 4.56094 1.02691 25.79543
10.64 17.97639 4.44385 1.00317 26.00453
10.71194 17.78663 4.55916 0.91453 26.08565
10.98658 17.37631 4.55813 0.8469 26.28222
10.52176 17.89121 4.44792 0.80235 26.37206
10.61332 18.22207 4.42219 0.91333 25.88898
10.92164 17.82404 4.50673 0.96249 25.8535
10.5445 18.16476 4.67387 0.95207 25.72556
10.71039 17.89728 4.69368 0.97993 25.78874
10.92985 17.86783 4.55516 0.96508 25.76859
10.60222 18.21901 4.43888 1.0194 25.79248
10.48701 17.98515 4.77178 1.06137 25.76416
10.57373 18.13473 4.75968 1.06859 25.5335
10.52733 18.0733 4.52382 1.01204 25.92823
10.42608 18.18692 4.49469 1.0255 25.93548
10.57438 17.90075 4.74415 1.01548 25.83611
10.50023 17.87044 4.72593 1.10113 25.87136
10.97134 17.29213 4.71626 1.23676 25.89467
10.57296 17.71161 4.65162 1.23452 25.92388
10.60985 17.57776 4.79912 1.15089 25.95934
10.5494 18.36123 4.5114 1.1406 25.51207
10.41492 17.85517 4.76291 1.20142 25.85402
10.59414 18.02548 4.63566 1.10577 25.72337
10.483 18.09131 4.53209 0.99018 25.95373
10.39301 18.18716 4.40123 0.95233 26.11556
10.65766 17.96823 4.53059 0.8804 26.00595
10.89739 18.02616 4.63745 1.00999 25.49983
10.57138 18.084 4.48204 1.02923 25.90246
10.83766 17.90186 4.49338 0.95071 25.86516
10.69928 17.97912 4.46846 1.03892 25.8897
10.44338 18.43976 4.52345 0.96166 25.69939
11.01159 18.06686 4.47331 0.82994 25.66651
10.70499 18.19083 4.41925 0.7981 25.93116
10.859 18.19264 4.62861 0.87635 25.5145
10.57921 18.41129 4.53621 0.87694 25.65708
10.76018 18.07337 4.68658 0.95639 25.59868
10.90706 18.03952 4.64351 1.00355 25.51967
10.87757 18.39268 4.64843 1.0296 25.16274
10.8035 18.14668 4.55797 1.0237 25.56857
10.79091 18.35909 4.59483 1.02864 25.31666
10.76856 18.35892 4.43573 1.12082 25.41983
10.82231 18.09024 4.45714 1.15862 25.57538
10.71945 18.13776 4.56757 0.98728 25.66819
10.68237 17.55792 4.75457 0.93473 26.14295
10.58902 17.49546 4.52858 0.92277 26.5255
10.36307 17.99794 4.61651 0.98514 26.11893
10.65876 17.55742 4.72313 1.04146 26.09433
10.72209 18.09119 4.68891 1.20316 25.40384
10.66013 18.23114 4.43294 1.04235 25.69658
10.60196 18.04029 4.55108 1.0343 25.83234
10.5121 18.08919 4.47007 1.07792 25.9159
10.14325 18.54174 4.33267 1.06666 25.97693
10.59103 17.72905 4.40141 1.06059 26.29054
10.71786 17.73422 4.50593 1.12709 26.01803
11.02233 17.2757 4.58112 1.07965 26.13644
10.79457 17.74126 4.80102 1.05228 25.70626
10.90175 18.15473 4.78933 1.00707 25.2555
10.49837 18.18039 4.36334 1.02371 26.00292
10.44844 18.36323 4.25333 1.05623 25.97391
10.16346 18.29228 4.60984 1.05405 25.94487
10.28763 18.15285 4.73711 1.22159 25.7281
10.29605 18.28983 4.50353 1.10234 25.9041
10.23777 17.87535 4.48506 1.11364 26.38742
10.57847 17.92016 4.82695 1.11379 25.67685
10.84921 17.60512 4.71244 0.99193 25.93439
10.64783 17.91286 4.60636 1.11752 25.86997
10.77913 17.78518 4.71675 1.061 25.78536
10.75187 17.57117 4.58096 1.12028 26.09575
10.93479 17.79698 4.60263 0.97072 25.81625
10.64178 17.78026 4.63298 0.92953 26.12513
10.93299 17.72853 4.76858 0.99459 25.68058
11.10272 17.52538 4.77481 0.94079 25.76918
10.69771 18.10592 4.72857 0.98162 25.59469
10.67858 17.75046 4.73452 0.94343 25.98146
10.65245 17.4848 4.83505 0.9555 26.14247
10.42509 17.76677 4.75797 0.92436 26.19157
10.59463 17.69262 4.62734 0.9383 26.21099
10.28782 18.45155 4.39972 0.9342 26.00793
10.44674 18.51558 4.34996 1.07212 25.7043
10.69252 18.15812 4.3539 0.92322 25.95467
10.63789 18.12462 4.44596 0.99979 25.88099
10.54631 18.25858 4.4009 1.01936 25.87937
10.74869 18.12162 4.20581 1.00606 26.03573
10.26708 18.28085 4.59023 0.95016 26.02943
10.70872 17.96726 4.37336 0.95702 26.07418
10.54327 18.59434 4.52413 1.0611 25.42828
10.57502 18.02718 4.60302 1.11704 25.80617
10.40089 18.21823 4.63701 1.09511 25.77879
10.70705 18.1957 4.47625 1.00765 25.74332
10.84804 18.19054 4.39304 1.03945 25.63182
10.67554 18.05826 4.5465 1.01577 25.7816
10.79602 17.72577 4.50713 1.13638 25.94556
10.55088 18.14075 4.52842 1.1516 25.74957
10.92445 17.63949 4.62109 1.06342 25.84971
10.76237 17.85276 4.76488 1.03565 25.65986
10.68639 17.93822 4.80873 1.178 25.48055
10.71334 17.75442 4.71172 1.04927 25.85837
10.40688 18.47714 4.42673 1.02875 25.73808
10.60587 18.10501 4.78416 1.00634 25.58018
10.73341 17.75717 4.769 1.04466 25.79355
11.14057 17.75252 4.49264 1.13383 25.57789
10.91509 17.77261 4.54749 1.23295 25.64403
10.62887 18.00824 4.63327 1.1925 25.66923
10.87847 18.01981 4.47608 1.14846 25.6118
10.64908 18.31279 4.46596 0.99547 25.66006
10.81584 18.0336 4.45663 0.90218 25.87981
10.62745 17.67863 4.61054 1.01553 26.15592
10.58905 17.70946 4.71453 0.93223 26.13582
10.4792 18.26213 4.63274 0.92132 25.79145
11.02365 17.79615 4.67738 0.95533 25.64668
10.98454 18.019 4.40001 0.93919 25.7428
10.69824 17.84829 4.45135 0.93012 26.13867
10.80574 18.04867 4.39674 0.94365 25.88496
10.62348 18.44197 4.38658 0.98357 25.64131
10.65751 18.39841 4.39215 0.9383 25.69058
10.47902 18.50407 4.54737 0.93667 25.59766
10.25495 18.61701 4.56816 0.91864 25.70671
10.75104 18.17574 4.49096 0.91718 25.7458
10.73642 17.95984 4.60305 0.95549 25.84237
10.87038 17.95472 4.51087 0.94501 25.82587
10.7493 17.96434 4.68324 0.84278 25.84397
10.89287 17.6876 4.73635 0.87908 25.91835
10.78811 18.05189 4.56307 1.07069 25.66708
10.85587 18.02325 4.59388 1.02756 25.62565
10.85694 17.74645 4.6915 0.92324 25.87042
10.71505 18.01554 4.68656 1.044 25.65446
10.41241 18.11762 4.69444 0.96537 25.88296
10.66507 18.32959 4.59756 1.09855 25.43146
10.75888 17.81063 4.62045 0.97014 25.92089
10.46878 18.21908 4.6517 1.03614 25.71101
11.03875 17.9177 4.64507 1.06931 25.4229
10.97614 17.71606 4.64748 1.10642 25.6592
10.90624 17.63415 4.84981 1.04486 25.64474
10.57165 18.45253 4.64565 0.89994 25.48695
10.52098 18.17496 4.45307 0.85329 26.05074
10.48598 18.22115 4.559 1.0425 25.7629
10.50018 17.95034 4.48863 1.10921 26.04735
10.41003 17.9462 4.66834 1.02783 26.01392
10.64857 17.7618 4.62181 0.88035 26.14712
10.57521 17.94929 4.85562 0.92306 25.75547
10.52648 17.68742 4.91181 0.9986 25.97131
10.65489 17.4877 4.69742 1.05851 26.18976
10.24019 17.70701 4.52459 0.97059 26.60972
10.48894 17.56514 4.60075 0.93559 26.47092
10.4219 17.81754 4.65158 0.96675 26.1998
10.41676 17.35735 4.74779 0.95306 26.57982
10.63608 17.60676 4.74348 0.92385 26.16106
10.71676 17.97162 4.8806 1.00114 25.52015
10.76041 17.61332 4.73502 1.09077 25.89615
10.71274 18.21431 4.60116 1.06916 25.50019
10.66538 18.42986 4.54448 1.04107 25.40807
10.56008 18.31875 4.70024 1.06257 25.43621
10.63307 18.25352 4.71691 0.94129 25.49836
10.27104 18.5534 4.56315 1.07048 25.59542
10.24712 18.76772 4.5924 1.08463 25.36715
10.10667 18.48318 4.55986 0.91202 25.97615
10.60419 17.95071 4.74239 0.97019 25.7969
10.5641 18.05697 4.61713 1.01105 25.82482
11.14962 17.42456 4.5101 0.98109 25.98517
10.51624 17.8042 4.63662 1.11798 26.02376
10.45202 18.08436 4.51194 1.09312 25.94428
10.79112 17.76985 4.55118 1.18028 25.80778
10.47169 17.84758 4.53486 1.10013 26.13693
10.79339 18.34911 4.4096 1.09312 25.43222
10.78955 18.035 4.4497 1.11691 25.6989
10.63865 18.06104 4.62397 1.0633 25.69737
10.61043 18.00387 4.64773 1.08639 25.72358
10.79259 17.75179 4.73535 1.04031 25.77402
10.85458 17.76837 4.74819 0.97214 25.71412
10.39255 18.05418 4.71321 1.06852 25.84109
10.29608 18.40596 4.53546 1.07602 25.7414
10.22192 18.45242 4.66679 1.09034 25.65575
10.32597 18.57121 4.71174 1.14503 25.34136
10.67958 18.15371 4.59994 1.25496 25.42634
10.81735 17.92938 4.72757 1.21532 25.41417
10.60566 17.83881 4.6962 1.15247 25.79445
10.53757 17.6879 4.43126 0.93029 26.45993
10.55565 17.51588 4.78481 0.96617 26.2544
10.75612 17.98774 4.68629 1.08613 25.59813
10.58893 18.08511 4.63053 1.05472 25.74077
10.65988 18.10095 4.88761 1.05453 25.40989
10.96116 17.5502 4.76555 1.01742 25.81657
10.72043 17.91014 4.54716 0.96116 25.95488
10.65235 17.94426 4.7252 1.05448 25.74016
10.45434 18.31421 4.61103 1.08199 25.63486
10.83734 18.04745 4.51098 0.99322 25.68366
11.0234 18.15462 4.59003 1.02694 25.31538
10.87323 18.19088 4.66069 1.04669 25.34127
10.70511 18.46919 4.52758 0.97196 25.42742
10.25996 18.61094 4.44342 1.00126 25.76883
10.33261 18.17456 4.4916 1.20685 25.89015
10.20583 18.02242 4.66305 1.2237 25.96872
10.51152 18.04636 4.58944 1.17793 25.75037
10.32719 18.51876 4.43046 1.30003 25.57019
10.50052 18.21732 4.42917 1.15109 25.82618
10.76858 18.29624 4.75937 1.33262 25.03056
11.10874 17.57191 4.66616 1.33967 25.48843
10.92268 17.61053 4.61456 1.14407 25.80149
10.67504 17.47697 4.76066 1.21149 25.98526
10.54504 18.02487 4.7537 1.21119 25.57076
10.40281 18.03319 4.74057 1.16574 25.74966
10.55299 18.56015 4.2824 1.22454 25.4931
10.61906 17.8862 4.69019 1.14707 25.75124
10.47679 17.67051 4.8784 1.0518 26.00275
10.42751 18.13554 4.46906 1.10875 25.95379
10.43144 17.99818 4.61663 1.06399 25.96995
10.68882 17.88064 4.44678 1.04921 26.02009
10.43327 17.83648 4.80299 1.16378 25.86508
10.59736 17.28117 4.79702 1.20282 26.2305
10.77141 17.71418 4.62777 1.29709 25.71088
10.77048 17.61891 4.82942 1.23972 25.66244
10.62756 18.17959 4.48839 1.22452 25.58616
11.06498 17.85073 4.41196 1.28922 25.50221
10.56523 18.02588 4.34963 1.28173 25.87391
10.6935 18.09155 4.35352 1.28024 25.67131
10.62377 18.32126 4.45429 1.2082 25.49039
10.40066 18.33493 4.41743 1.04606 25.88557
10.60574 17.67165 4.65811 1.12821 26.04934
10.46876 18.23843 4.65013 1.1648 25.59654
10.93239 17.69402 4.89927 1.26774 25.3615
10.61796 17.9292 4.6982 1.23614 25.67495
10.83839 17.70812 4.93769 1.42628 25.32447
10.78922 17.55073 4.77095 1.29527 25.76959
10.72809 17.96133 4.58716 1.43921 25.50311
10.71855 18.13633 4.48126 1.16295 25.65633
10.59346 17.76389 4.71065 1.13282 25.9058
10.67737 18.05406 4.5766 1.1345 25.64087
10.48451 18.3691 4.56333 1.10153 25.56834
10.74195 17.83001 4.63579 1.11639 25.79509
10.56875 18.21334 4.77803 1.17728 25.38645
10.42228 18.14501 4.78617 1.05952 25.67819
10.75945 18.09458 4.74545 1.03421 25.47984
10.75073 17.58854 4.80824 1.02453 25.90382
10.42027 18.63479 4.73866 1.12103 25.1867
10.85945 17.73033 4.76173 0.94944 25.76663
10.86305 18.02859 4.64744 1.03702 25.51302
10.58433 18.47024 4.6475 1.06032 25.30859
11.02738 17.42987 4.71299 1.05608 25.85004
10.98845 17.84023 4.77678 0.99926 25.46866
10.44834 18.47582 4.7521 1.13147 25.28128
10.48234 18.1411 4.75306 1.16704 25.57123
10.57743 18.30754 4.71942 1.11891 25.38279
10.87088 18.22735 4.63227 1.1346 25.23885
10.91277 18.11707 4.61928 1.13984 25.30851
11.10092 18.09168 4.46506 1.21445 25.24666
10.62376 18.23252 4.31816 1.06436 25.82321
10.88779 17.54675 4.5001 1.14663 26.00293
10.87875 17.81837 4.63804 1.26296 25.52
