"V1" "V2" "V3" "V4" "V5"
2.08407 14.14554 10.04679 8.57685 25.32754
1.7757 14.64192 9.38596 8.99996 25.3382
1.76249 15.33738 7.49314 9.70965 25.77651
1.73259 14.34739 7.12839 9.98206 26.8805
1.92013 13.81358 8.18786 10.23962 25.93408
1.64758 15.06578 9.53733 10.34703 23.62396
1.9072 14.832 7.04738 9.13453 27.12685
1.74349 13.6875 6.64538 9.9343 28.03614
1.65851 13.42043 7.42928 9.8046 27.72117
1.47473 13.89301 7.4942 10.95219 26.25947
1.73326 14.00944 8.10039 8.61008 27.58734
1.48172 14.32755 7.06363 9.55676 27.60692
1.52597 15.00773 8.61643 8.78067 26.12995
1.29526 14.04218 10.14696 8.75091 25.82962
1.14301 13.49318 11.092 9.15983 25.23946
1.23754 14.04563 9.50168 8.5764 26.6896
1.20048 13.02785 8.34085 10.28361 27.21671
1.36131 13.99663 8.26903 8.76748 27.64788
1.73748 13.4237 8.64324 9.16116 27.10159
1.26537 13.4398 9.11715 8.60464 27.63673
1.01803 15.44332 8.22649 8.68275 26.7271
1.48464 15.29184 8.35885 9.17692 25.78904
1.42115 14.42961 9.26309 9.39473 25.5813
1.425 14.51415 9.65553 9.08671 25.419
1.04881 12.62201 8.71438 9.86958 27.77512
1.02434 13.42366 8.77122 10.16228 26.67221
1.29579 14.20101 8.35433 9.70678 26.50531
1.02862 14.17352 10.00739 9.38935 25.5271
1.40572 15.76795 9.50606 8.76502 24.69172
1.2694 14.43103 10.41941 8.41956 25.68806
1.57434 14.36354 10.57963 8.68042 25.01306
1.19101 13.99259 9.21221 9.68346 25.99682
1.41402 14.57304 7.95265 10.04305 26.08798
1.15243 14.38009 8.6466 9.35916 26.5805
1.08684 14.82263 9.18792 9.82728 25.20387
0.87421 15.28841 8.70752 8.82094 26.37562
1.28292 13.78679 8.26439 9.44636 27.26818
1.40265 13.86413 8.18613 9.7601 26.83706
1.07527 13.72143 10.26253 9.93905 25.13801
1.36063 14.33587 8.45106 9.79823 26.11284
1.22852 14.02481 8.74903 9.24664 26.82144
1.14497 14.83532 8.61686 10.03518 25.48102
1.23665 12.99022 9.12658 10.13919 26.61076
1.16033 13.92133 8.6286 10.31336 26.04463
1.199 13.61209 8.96233 10.09706 26.2046
1.18728 13.52855 9.5493 10.37286 25.44909
1.25355 14.31716 9.04654 9.60221 25.85775
1.11378 13.59347 7.44079 10.18233 27.71433
1.16688 13.82561 7.1466 9.18502 28.71567
1.24235 13.48 7.2867 9.34506 28.68319
1.35511 13.95243 7.58951 10.41355 26.74188
1.28685 13.52425 7.70632 10.81608 26.71544
1.38411 13.4935 7.08353 11.05119 27.02836
1.33341 13.31142 7.98803 10.48716 26.94307
1.30495 12.9097 8.4632 11.24521 26.15302
1.56337 14.45296 6.87438 9.8671 27.299
1.23556 14.20712 7.18942 9.8259 27.623
1.4718 13.12052 7.49539 10.73454 27.26267
1.43383 13.4867 9.03395 10.5786 25.62681
1.24915 13.59845 9.67625 11.67657 24.05713
1.25083 11.85014 10.46269 11.80773 24.82997
1.09499 13.22433 8.51823 11.62948 25.62431
1.14968 13.81212 8.30397 9.49456 27.29162
1.34829 14.25344 7.79963 10.20807 26.46385
0.99016 13.58993 7.45784 10.24159 27.79748
1.50713 13.1153 7.66332 10.42759 27.3869
1.16356 13.79213 8.71676 10.44125 26.02261
1.36568 14.09086 7.88847 10.53268 26.21931
1.47843 13.08025 9.40148 10.20471 25.94519
1.41527 12.92508 9.25273 10.35337 26.15086
1.47467 13.37723 9.55918 9.79733 25.89564
1.13723 13.4471 9.22629 9.86302 26.41866
1.22428 13.31969 8.32987 10.40575 26.82149
1.45503 12.76061 9.39768 9.90852 26.5746
1.39343 14.54898 8.62496 9.70098 25.85155
1.41581 14.74188 7.67581 10.61614 25.67835
1.80232 13.81967 7.47366 11.08705 25.94937
1.49876 12.98653 7.93809 10.79933 26.85388
1.10808 13.91872 7.70662 10.83871 26.55222
1.1651 13.8503 7.10952 10.23216 27.73332
1.7762 13.78245 8.42497 10.07364 26.0514
1.85536 14.41921 7.41103 10.34666 26.08291
1.59811 13.13935 7.04157 10.32115 27.97683
2.11034 13.87147 7.79177 9.47727 26.84243
1.62884 13.98732 7.81979 10.74739 25.95365
1.73266 13.81171 7.22571 10.56361 26.78443
1.17578 13.11618 7.34954 11.92515 26.5373
1.72656 13.39812 6.7827 11.33802 26.86135
1.7828 14.39094 6.54431 11.98475 25.49167
1.62683 14.41234 6.89026 11.7048 25.53046
1.42819 13.05291 7.95306 11.48898 26.25056
1.20939 13.73683 7.8203 10.06164 27.27486
1.33289 14.47812 8.85311 9.73895 25.75474
1.13928 14.63493 9.67623 9.24736 25.47741
1.1588 13.63897 8.90141 10.06026 26.37207
1.18344 14.09001 7.88235 10.42593 26.54398
1.08051 15.15379 9.0871 10.01813 24.84767
1.39764 14.53461 8.11999 9.63716 26.42096
1.52061 14.36637 9.49636 9.45319 25.2982
1.47779 15.33467 9.20594 9.32191 24.79523
1.52309 14.26398 8.52394 10.43885 25.36794
1.47992 13.79233 8.08498 11.08558 25.70574
1.4783 13.46012 8.72484 11.81933 24.7117
1.63841 13.5128 7.81198 10.61111 26.50719
1.4201 14.66698 7.4098 10.21374 26.40618
1.47061 13.32924 8.43657 10.87968 25.99945
1.54292 14.41229 7.82411 10.38678 25.95166
1.7028 14.29905 8.6035 10.10235 25.37881
1.37192 14.27334 10.19135 10.8434 23.57119
1.47635 13.38352 8.348 10.87546 26.02687
1.44791 15.02404 7.92122 8.81129 26.85866
1.44357 14.75772 7.80347 9.93127 26.1944
1.70262 14.65222 8.10746 9.78579 25.86608
1.57883 14.60548 8.74263 9.93324 25.25453
1.53517 14.21003 9.66659 10.30201 24.43674
1.61601 14.48483 8.40846 9.47346 26.10132
1.37324 13.54741 7.80844 10.53353 26.81016
1.42241 14.05441 7.21642 9.62575 27.76017
1.55546 13.70872 9.0741 9.17255 26.55704
1.43013 12.95447 9.13471 11.62563 24.98376
1.44573 13.83551 8.73795 10.12238 25.95019
1.99943 13.73843 8.54122 10.11557 25.68781
1.64702 15.2543 8.11301 9.86892 25.21727
1.67816 13.69623 9.59778 11.33464 23.94098
1.70659 13.83459 8.50063 11.59525 24.52556
1.7941 13.56165 9.73005 10.06224 25.0097
1.66595 13.24608 9.64409 9.56043 25.96809
1.87951 14.12589 9.58944 8.5466 25.93392
1.48911 13.12411 9.85159 9.68344 25.94858
1.7285 12.97153 9.3731 10.92946 25.09699
1.48059 13.18977 8.54734 9.49483 27.34247
1.52581 12.96999 7.87176 10.13162 27.56333
1.08861 13.95658 6.71585 11.25429 27.08593
1.31579 12.86096 6.98503 11.18727 27.73999
1.23819 12.57308 7.95146 12.37859 25.97515
1.15136 13.39491 7.35447 10.77426 27.4245
1.51273 13.33916 7.90341 11.24192 26.1234
1.32474 14.29141 7.53928 11.28667 25.71946
1.72043 13.87959 8.17757 11.54306 24.87181
1.86372 12.87087 7.98776 11.16854 26.28445
1.82737 13.51504 8.05981 10.68824 26.05095
1.82375 14.9403 8.58594 10.0861 24.73806
1.44737 14.86924 7.81856 10.34834 25.66125
1.47056 12.62316 7.97471 12.1013 26.0537
2.07121 12.85593 7.37971 12.13731 25.82191
1.90809 12.28627 7.9744 11.94127 26.08095
2.07194 13.71733 8.8691 11.98472 23.65171
1.88835 13.76053 9.24532 10.45748 24.85307
1.75873 14.21501 8.95627 10.98662 24.30176
1.41461 13.55682 9.14665 11.01181 25.00354
1.65162 13.56262 9.09972 8.88136 26.89352
1.36623 13.47841 8.53223 9.63004 27.07985
1.23139 13.98149 8.82219 9.30542 26.74393
1.61203 13.34498 8.69707 8.7921 27.61913
1.64829 13.8799 7.40508 9.94499 27.1764
1.6037 13.91958 7.41688 10.49695 26.63072
1.51311 13.44415 6.74341 11.30024 27.06228
1.54009 13.00383 8.32464 11.22849 26.02295
1.91694 13.87428 8.55551 11.72106 24.11259
1.73225 14.49932 7.84049 11.95827 24.12682
1.7748 12.34725 8.40406 12.09816 25.49312
1.75804 13.43855 8.80217 10.51765 25.57059
1.80963 15.28137 9.10694 8.90671 25.00319
1.61141 15.37462 8.54012 9.20062 25.36859
1.58555 13.55957 8.68567 11.18475 25.09042
1.4651 13.91663 8.21677 11.27002 25.2411
1.75744 13.78651 7.15007 12.78599 24.65677
1.19847 13.69915 8.38624 11.84559 25.02913
1.35944 14.60662 9.95353 9.15383 25.06745
1.44609 13.96517 9.37815 10.71248 24.67925
1.36715 14.36823 7.94038 10.62733 25.8199
1.19211 14.12232 7.33663 11.80562 25.67622
1.33092 14.29954 6.03052 11.81378 26.6484
1.12871 15.01408 7.41102 10.44657 26.12899
1.12293 13.52309 7.49853 12.45775 25.53512
1.49355 13.73614 7.64572 12.44577 24.81023
1.63986 12.7891 9.1436 11.07148 25.52444
1.68917 13.19389 8.32197 12.11689 24.86607
1.57541 12.89105 8.31646 10.09691 27.21611
1.00238 13.94479 8.42342 9.81657 26.94104
1.49371 13.64547 7.97519 9.66826 27.29822
1.28236 13.72743 8.69901 9.60486 26.81175
1.42618 14.0805 9.01988 9.98208 25.69749
1.38339 14.29472 7.46304 10.67637 26.35778
1.09389 14.39713 7.97065 10.47335 26.2914
1.61457 14.7339 8.00689 10.19864 25.62856
1.7819 13.47541 8.79807 10.5384 25.5585
1.66815 13.41264 7.59465 11.13729 26.30638
1.56362 13.53712 8.2224 10.81102 25.99381
1.69955 13.06155 8.67554 11.44165 25.27992
1.8405 14.16315 7.9582 11.79061 24.43349
1.48283 13.62473 8.11099 11.0234 25.92204
1.64954 14.06067 6.90154 10.71701 26.79945
1.65986 13.17463 9.01024 10.87977 25.45904
1.62171 12.39801 8.4043 10.31132 27.37809
1.95493 14.48694 7.48115 10.61871 25.61219
1.91178 14.52674 8.88313 10.21536 24.63398
1.68324 12.82657 9.25435 10.51494 25.86321
1.64422 12.10548 8.91356 10.40529 27.00107
1.44338 14.12916 8.50713 11.08521 24.93568
1.79614 13.88369 9.85747 8.89953 25.6392
1.70036 14.40854 8.81388 8.50188 26.64373
2.11944 16.13741 8.21851 8.58389 25.06345
1.8031 13.14614 9.17023 9.20174 26.75347
1.83944 13.27693 8.6961 11.05678 25.23723
1.7312 13.37318 8.47909 10.81827 25.67434
1.25995 13.97951 9.18186 9.60271 26.07589
1.51122 13.37313 8.9196 10.25 26.06756
1.59622 12.64958 7.66666 10.86429 27.2826
1.5177 13.40914 7.71276 9.74493 27.66697
1.51976 13.78506 7.23195 10.1192 27.40551
1.31492 13.17532 8.46029 10.19581 26.94024
1.66874 13.42839 8.53244 10.74007 25.80236
1.46904 14.51783 10.32087 9.73753 24.24913
1.46277 13.49347 7.66238 10.48667 26.98637
1.16592 14.63453 7.15033 9.68441 27.44332
0.93378 13.41214 9.01644 10.56836 26.24961
1.23451 13.08407 8.59718 9.46877 27.69874
1.24908 14.19418 6.90003 9.60446 28.0916
1.25797 13.53664 7.0472 9.77044 28.42995
0.97416 13.15432 7.54675 10.10038 28.25939
1.33935 13.80337 7.86592 10.39466 26.68021
1.34944 13.8226 8.11639 9.62608 27.15539
1.5894 13.53792 8.64649 8.99713 27.28648
1.65473 13.3153 9.85567 9.31758 25.98546
1.43195 13.65862 9.37448 8.47362 27.12099
1.1954 15.41183 7.2857 8.92432 27.23262
1.25138 13.84325 8.50064 9.54087 26.91024
1.52075 13.34865 8.44828 10.367 26.37824
1.2089 13.70319 8.89093 9.74315 26.5259
1.2303 13.3937 8.61626 10.91018 25.92816
1.39895 14.16416 8.10527 10.00507 26.36552
1.34346 13.39219 7.92269 10.16165 27.22118
1.51541 13.38223 9.3518 10.23751 25.60916
1.75726 13.09534 10.40875 8.86345 25.95881
1.56648 13.65071 8.80963 9.0945 26.94781
1.80301 13.76806 7.29529 8.91796 28.24737
1.49553 13.8581 7.27859 10.18895 27.22557
1.54231 13.3286 7.90328 9.98469 27.29413
1.76734 13.2103 9.48556 8.52542 27.06963
2.03583 14.59635 7.91855 10.25488 25.29897
1.83472 12.84133 8.51675 10.38079 26.50773
1.74246 13.61223 9.11074 10.49305 25.15418
1.66598 13.56066 10.2249 10.49721 24.20191
2.32713 14.71203 9.31405 9.33212 24.40351
1.61626 14.01897 8.19944 9.93659 26.29148
2.17913 13.52366 7.92901 9.34865 27.07847
1.58989 13.06835 7.69951 10.51154 27.18943
1.86608 14.73167 8.30313 9.28048 25.89101
2.15068 15.62382 7.29592 9.59018 25.42409
1.90374 14.14762 8.33566 9.95466 25.71727
1.8056 15.13178 8.70481 9.06849 25.35934
1.87534 15.48126 7.6754 9.04395 25.97766
1.48853 14.33152 7.92644 9.48046 26.83728
1.25552 14.90499 8.18732 8.06494 27.63119
1.61126 13.57084 7.46271 9.82964 27.58461
1.39808 13.99626 7.59288 9.6069 27.46664
1.33654 14.0586 7.5213 9.84214 27.2904
1.86879 15.00327 8.86635 7.92663 26.39597
1.56374 14.31318 8.64758 9.95223 25.61011
1.24421 13.74632 8.45273 11.32822 25.31987
1.27876 12.58603 10.03458 9.9103 26.27185
1.63347 13.29418 8.73884 9.95386 26.4337
1.72612 13.81174 9.31337 10.0135 25.21775
1.63748 12.50651 9.27656 10.39214 26.2522
1.55346 12.70263 9.48724 10.38192 25.93723
1.68779 14.1073 8.41232 9.89638 25.97293
1.21797 13.79309 8.772 10.02419 26.2605
1.47217 12.95578 8.56975 9.75791 27.28746
1.43512 14.0773 8.27732 10.27597 26.00188
1.45147 12.34832 7.77481 10.67876 27.78615
1.24331 13.44293 7.93605 10.90725 26.58418
1.12025 12.77795 8.59202 10.77296 26.85737
1.21751 13.33422 8.05908 11.24847 26.24644
1.45911 12.87164 8.20353 11.49085 26.0929
1.37996 13.19181 7.67421 10.73569 27.10397
1.16645 13.37064 8.60998 10.69007 26.25998
1.26619 13.13078 9.04855 9.76959 26.86312
1.22697 14.47986 7.79957 9.96781 26.59821
1.26791 14.12808 8.66992 9.5084 26.49156
1.47649 14.59039 8.86698 9.31942 25.80763
1.37001 13.28337 10.32725 10.72152 24.41776
1.2008 14.95111 8.4479 10.80389 24.72991
1.52413 13.04296 7.87001 10.36211 27.27301
1.33703 13.23607 8.12307 10.91908 26.45672
1.17251 13.69721 7.94885 10.86878 26.36607
1.39212 13.57297 10.72299 9.82908 24.65663
1.34919 14.28734 8.22901 9.76428 26.40668
1.25642 14.35825 8.99995 9.81144 25.6414
1.41988 13.0229 8.98108 9.62027 27.00986
1.87297 13.0169 8.82457 9.54711 26.78299
1.68535 14.1587 8.35851 9.49202 26.38767
1.8434 13.22378 7.57637 10.84189 26.6216
2.10741 12.93098 7.75031 10.96662 26.40437
1.9234 12.67099 8.53374 10.40764 26.56764
2.10697 14.02615 7.27913 9.15417 27.52826
1.84094 14.83821 7.11237 8.86227 27.40257
1.76843 14.07503 8.04857 8.4433 27.7183
1.84867 12.2096 8.43832 9.19043 28.37441
2.06635 13.39939 8.16023 9.47061 26.99836
1.66821 14.14089 9.46195 8.14352 26.64414
1.58658 14.02206 8.82569 9.84436 25.80622
1.84506 14.81616 7.9281 10.37899 25.15615
1.57091 14.07324 8.1207 10.51279 25.85401
1.77784 15.21622 7.51388 10.75533 24.86397
1.54177 14.10935 7.49417 10.19319 26.72646
1.62348 13.36734 7.50966 9.71539 27.84551
1.49967 14.32004 7.05536 9.98255 27.23835
1.56108 13.64957 7.15477 10.56993 27.12526
1.78206 13.06779 6.70052 10.48791 28.01799
1.53242 14.87465 8.18851 9.98421 25.52318
1.24996 13.45634 7.66558 9.93066 27.74821
1.38683 11.93924 8.90438 8.71457 29.09771
1.469 13.31884 7.79318 9.81326 27.67763
1.44602 12.38114 8.54126 10.0214 27.66993
1.84472 13.33283 9.0052 9.09142 26.77149
2.08015 13.17252 8.26879 10.23415 26.32192
1.91454 13.69719 8.12885 9.68795 26.62482
1.83633 12.98432 8.30788 9.92193 27.01453
2.07236 12.35492 8.61318 10.62253 26.4186
2.9297 13.70225 7.85106 9.3938 26.20531
2.21114 13.86071 8.04035 9.99719 25.96592
1.96489 13.94942 7.67356 9.78898 26.70453
1.89586 13.39731 7.67338 9.2939 27.77268
1.60534 12.97667 8.56541 9.37714 27.51369
1.71399 14.73614 8.50046 7.96233 27.11987
2.0196 14.96733 8.16044 9.14348 25.76192
2.20659 13.92444 7.51737 9.40836 26.98267
1.70013 13.28964 7.04274 8.66626 29.31756
1.68832 14.60953 7.75532 8.67803 27.30755
1.3969 14.93222 9.02802 8.99633 25.73972
1.20163 13.76851 8.50125 9.58314 27.01555
1.56141 13.5858 7.29384 9.72522 27.88104
1.30171 14.31216 6.51937 10.03836 27.86283
1.337 14.17256 7.99253 9.28752 27.26337
1.20211 13.20455 8.55637 9.15272 27.92033
1.26476 12.83666 8.24293 8.92348 28.74779
1.36371 14.64004 6.52678 9.016 28.47628
1.2956 13.31082 9.08825 9.32071 27.03852
1.17592 13.45541 7.94779 9.40568 28.04927
0.97269 14.00372 7.90393 8.9131 28.2438
1.23451 14.05432 8.72058 8.9447 27.09174
1.45793 12.95782 9.78367 8.83337 27.01661
1.40737 13.98332 9.09311 9.66721 25.9254
1.53811 14.68908 6.98091 9.31816 27.50752
1.42634 13.2443 8.24904 10.7948 26.36149
1.22753 13.57131 8.37807 10.61773 26.27906
1.14808 13.17202 8.12033 10.21509 27.39675
1.36277 14.84172 6.45738 10.97152 26.41856
1.69442 14.56637 6.9453 10.7081 26.14684
1.51821 13.63149 7.20063 10.10488 27.58204
1.52584 14.47349 6.277 10.40183 27.35145
1.52045 14.61956 6.91526 10.93705 26.05522
1.57867 14.86515 7.2823 9.64747 26.66382
1.37898 14.02978 8.39866 8.97463 27.26038
1.50223 13.58347 8.91705 9.48909 26.56543
1.26223 13.72776 9.43402 9.80997 25.83885
1.32409 13.36964 8.26893 8.72958 28.3461
1.61515 12.40563 8.26737 10.42771 27.35712
1.09566 12.54538 7.40752 11.03434 27.97451
1.42864 13.85575 7.63037 10.9707 26.20087
1.3255 14.92027 7.32458 9.99549 26.50352
1.69177 13.37344 7.62898 10.66686 26.7106
1.60484 14.56016 8.59773 9.15573 26.15917
1.5998 14.2223 8.66238 9.80837 25.77898
1.42457 14.41821 8.19493 9.13409 26.85987
1.50319 15.36565 7.126 10.19981 25.8568
1.58764 15.49014 6.65694 11.0827 25.27825
2.10875 14.24393 7.1106 9.39355 27.21457
1.99055 13.28906 8.81367 8.71016 27.25562
2.1025 13.97919 8.47945 9.66367 25.85377
1.52382 14.65927 8.13014 9.7933 25.98038
1.9244 13.44655 9.07841 10.3439 25.32044
1.82979 14.15985 8.25356 9.74467 26.08577
1.69038 14.04278 7.57451 9.34357 27.39261
1.62348 12.86054 8.04542 11.21984 26.31284
1.89236 13.27275 8.81925 10.14215 25.95751
2.14337 12.96128 10.39858 9.70214 24.93253
1.64533 12.70362 9.78607 9.96072 26.01204
1.58674 13.41782 9.96367 9.78059 25.3863
1.49201 13.48297 8.28659 11.20028 25.65869
1.7418 14.5062 7.99902 9.96426 25.88479
1.79272 13.8976 9.70833 7.72904 26.95448
1.44762 14.26831 8.56746 8.83153 26.95556
1.60128 15.24502 8.20946 8.15234 26.83326
1.52002 14.90834 8.09058 8.64632 26.89258
1.67856 13.62627 7.73206 10.28434 26.72949
1.45361 15.0982 7.65065 8.93717 26.89661
1.16148 14.95629 8.52625 8.69549 26.70156
1.46259 14.51461 9.99943 7.97469 26.10369
1.28276 14.32951 9.24579 9.15707 26.06138
1.53826 13.14871 8.20309 10.05099 27.14088
1.6055 14.54389 8.75207 9.57643 25.60252
1.95394 14.2747 8.53102 10.49672 24.84937
1.98305 14.00696 8.40234 9.13952 26.53144
1.77079 14.11935 8.66673 9.05038 26.48212
1.86354 14.0433 8.73055 9.70199 25.74364
1.6968 13.72813 10.17927 10.90418 23.69986
1.50127 13.88922 9.93971 10.84651 24.0171
1.34897 14.60699 8.10005 10.16241 25.8605
1.69451 13.35391 8.14312 10.64869 26.24232
1.46568 12.99446 9.26027 11.20949 25.19915
1.50228 12.46847 9.31715 11.44503 25.40706
1.60393 12.53965 9.32409 10.24373 26.3942
1.32649 14.551 8.54028 10.99052 24.70663
1.2844 12.95334 7.57182 10.53656 27.69274
1.41236 12.29999 7.57762 11.24466 27.50714
1.66871 13.58671 7.6981 9.11533 27.96028
1.87011 13.61101 8.76891 11.12845 24.71613
1.92978 12.28923 9.20391 10.2718 26.36731
2.06573 13.15446 9.04402 10.43585 25.39697
1.90187 13.75429 8.64454 9.82239 25.97811
2.02122 14.33185 9.31714 8.89311 25.50781
1.91769 14.39326 8.18087 9.44395 26.12185
1.8302 14.18428 9.46432 9.08549 25.53712
1.73717 12.90647 9.85873 10.42655 25.20218
1.46447 12.00699 9.32974 11.71139 25.59568
1.94451 13.97263 7.72928 11.07759 25.42131
1.65205 14.87655 8.20965 9.14407 26.17767
1.57587 13.93718 7.4919 9.78872 27.24602
2.15235 13.4925 8.70092 8.95777 26.74741
1.61903 13.79217 7.66046 9.11714 27.84105
1.42804 15.28991 8.05886 8.73263 26.55785
1.77945 14.78715 8.2465 8.55856 26.68245
1.67275 15.81279 9.37108 7.33352 25.88152
1.63225 13.92924 9.22996 8.50651 26.76145
2.05086 14.41841 8.11406 9.64391 25.83515
1.78715 15.33554 8.01609 8.95158 25.96671
1.83795 14.56895 9.07405 8.81141 25.83642
2.07912 14.13783 7.98204 8.76073 27.1053
2.11978 14.95081 8.26605 9.45755 25.31006
2.00942 13.84676 8.92918 9.79427 25.50424
1.81678 14.11393 8.16036 10.81332 25.1791
1.83486 14.12968 7.86412 9.99281 26.24478
1.65313 13.90781 6.7885 9.23298 28.45065
1.69492 14.44321 6.62694 10.17608 27.10178
1.33683 14.30378 7.23831 10.14482 27.02439
1.47915 14.0343 7.24351 9.01497 28.25667
1.797 12.48998 8.68199 9.49065 27.589
1.54938 12.32342 8.70346 10.29482 27.19676
1.36072 12.91172 6.83458 10.67446 28.27555
1.37405 13.36119 7.74345 10.4106 27.19421
1.14694 13.57455 7.48883 10.43655 27.42695
1.48852 14.39515 7.43826 9.68162 27.07592
1.45151 14.43069 7.14212 10.2627 26.79316
1.71136 14.45063 7.29433 10.25171 26.3812
1.53002 13.39982 7.95302 10.76559 26.4351
2.21658 12.93541 8.45024 10.4629 26.03466
1.5032 13.69778 7.85808 11.66964 25.38298
1.70137 14.5444 7.12887 10.91205 25.79681
1.57483 13.99563 7.91517 9.43793 27.15891
1.26214 13.92498 7.77017 9.24946 27.86746
1.44149 13.7138 8.09037 9.90295 26.96269
1.44337 14.47057 7.25132 9.96308 26.94485
1.40301 12.61437 7.54948 10.73876 27.75006
1.17077 13.04118 7.68407 10.90112 27.27694
1.35644 14.14715 8.51899 10.793 25.31446
1.36342 13.86469 9.23241 10.8905 24.80655
1.30259 14.67388 8.24391 10.33905 25.56048
1.45551 13.47031 7.66318 9.95359 27.51903
1.10947 13.91169 7.94453 9.3649 27.72799
1.32381 13.58314 7.45323 9.16015 28.52077
1.71561 13.03339 7.227 9.96984 28.11023
1.30437 14.15177 7.5381 9.81369 27.24171
1.41548 14.94356 8.58071 8.45492 26.65775
1.34891 14.70853 7.49147 9.95321 26.56116
1.32642 14.62051 7.60853 8.75786 27.72645
1.38942 13.42965 7.94187 9.01853 28.27129
1.15669 14.31265 7.58314 10.17135 26.86623
1.43493 13.85785 7.58664 9.08655 28.0881
1.251 13.36404 7.33362 10.65066 27.49126
1.09676 12.87666 7.54609 10.22576 28.32062
1.2659 12.96377 7.90839 10.44466 27.4865
1.42947 14.63996 8.43529 11.09161 24.53752
1.57693 12.9121 8.35776 12.46373 24.81991
1.60995 14.41365 7.37877 11.30392 25.39359
1.52044 14.47159 8.52243 11.36511 24.27335
1.81355 13.80182 9.85587 11.00021 23.80379
1.48956 13.84532 9.94644 9.97787 24.92026
1.5705 15.77946 8.51451 9.20331 25.04483
1.40724 16.5772 7.42171 8.82569 25.87972
1.30649 14.88076 7.22011 10.49525 26.1872
1.4167 14.86449 7.27234 10.21634 26.30963
1.24741 15.64884 7.70495 10.97211 24.56448
1.56205 14.15078 9.15796 10.44147 24.80772
1.52742 14.41439 8.94958 9.31546 25.89133
1.35539 13.57211 8.71661 9.47299 26.96352
1.51425 14.23954 8.03013 10.09999 26.18672
1.47048 14.17388 9.29364 9.23896 25.9154
1.08975 13.80533 8.01017 8.47412 28.65136
0.89577 13.47419 8.06555 9.76 27.85333
1.03338 12.58711 7.52757 10.07738 28.79789
0.94359 13.61045 8.07772 10.21694 27.18932
1.24746 12.69744 8.64427 9.62681 27.81701
1.13525 13.79103 9.14876 10.04793 25.93879
1.26598 13.35129 9.70865 8.99373 26.74689
1.18267 13.77941 8.2831 8.99881 27.81116
1.41896 15.28341 8.34057 9.13333 25.90939
1.26201 13.49988 8.18875 10.07193 27.04465
1.38832 14.76086 8.27433 9.11358 26.51842
1.93679 13.96087 7.83867 9.59526 26.70374
1.72826 14.10054 8.06287 10.40179 25.76954
1.54762 12.38793 8.1646 11.00593 26.94618
1.78314 14.32451 8.02293 10.50893 25.43712
1.46537 13.76652 7.86098 9.95754 27.00817
1.57074 13.59383 8.15055 10.95346 25.83532
1.4588 14.24023 8.42541 10.56676 25.46695
1.4883 14.45087 7.96851 10.04406 26.14931
1.87694 13.36785 8.21409 9.34455 27.26098
1.58497 13.60019 8.69919 9.26474 26.89472
1.56865 13.88501 8.12996 9.51558 26.96402
1.58155 14.56225 7.99339 10.78355 25.2148
1.486 13.42685 8.74838 11.11667 25.35875
1.24558 13.37684 8.55687 10.43944 26.45668
1.55406 13.93538 8.32471 9.53908 26.70576
1.30292 14.59355 8.11277 9.21099 26.88044
1.32812 14.31896 6.99339 10.48774 26.97721
1.00973 13.39662 8.77335 10.86565 26.10284
1.46838 14.46372 8.13894 10.23097 25.79696
1.27722 14.00908 8.88561 9.8426 26.1184
1.46205 13.01427 8.89366 11.01765 25.79491
1.47356 12.98132 8.71794 12.6408 24.4121
1.37225 13.63799 8.75775 10.51596 25.88706
1.68735 14.03072 8.3921 10.03283 26.05938
1.50675 13.81783 7.67597 11.61629 25.57094
1.51811 12.04919 8.98989 11.66262 25.93549
1.66413 13.3868 8.97764 11.84101 24.34587
1.14403 12.9262 9.08308 12.76811 24.26297
1.23147 13.58163 7.83277 12.31091 25.17296
1.26834 14.07091 7.37111 12.13878 25.31831
1.25078 14.51887 6.82411 11.46578 26.04763
1.19491 14.24162 7.43058 11.8287 25.43852
1.33608 13.52125 7.02629 10.77165 27.40557
1.44618 13.8792 8.38673 10.84841 25.57063
1.11502 14.38824 8.63182 9.99327 25.96076
1.35352 13.20328 8.27518 11.42381 25.8414
1.55384 13.71983 8.35474 10.96139 25.51745
1.63086 15.36841 8.21397 9.63125 25.32775
1.59138 13.70635 9.50435 8.5844 26.71277
1.43233 13.63375 8.88011 8.39282 27.71148
1.40678 14.9988 9.28519 8.61579 25.77286
1.29599 14.0661 9.25462 10.04623 25.4403
1.34427 14.02361 8.50189 11.43231 24.7986
1.24218 14.32538 9.15851 10.18938 25.18283
1.30966 14.43998 8.25887 9.26858 26.76271
1.21641 14.32382 9.92779 9.51343 25.09991
1.49252 12.89659 9.23786 10.97822 25.50471
1.48419 12.81747 9.77225 10.07934 25.99584
1.231 13.46616 9.25944 10.60211 25.5711
1.19139 12.97963 8.0157 11.19408 26.66565
1.37116 13.82963 8.47146 10.21075 26.18194
1.42124 13.13739 8.10601 10.03467 27.34721
1.73847 12.66678 8.07955 10.39462 27.16176
1.10031 14.59486 8.22715 10.32654 25.81428
1.3026 13.82389 7.47771 11.1231 26.32126
1.54366 12.58001 8.42637 11.07361 26.4491
1.65151 13.86681 6.97192 11.01751 26.53597
1.4677 13.90583 7.69224 9.35094 27.63056
1.40636 12.90326 8.22989 10.29058 27.21751
1.49166 13.67657 8.68246 8.94279 27.25464
1.53111 14.72219 8.1967 8.94294 26.6569
1.02496 13.863 8.73592 8.86671 27.56397
1.12024 13.78292 9.42969 9.72947 26.02154
1.36759 13.25081 9.54146 9.60932 26.32176
1.6576 12.34064 9.62623 9.59008 26.85258
1.3531 13.41889 9.7686 8.94252 26.58312
1.4401 13.29407 9.82095 8.27572 27.22555
1.40439 14.59385 8.28546 8.8004 26.95523
1.3703 14.26105 9.06578 8.6821 26.68657
1.38505 13.88168 7.545 10.13723 27.09635
1.54761 13.74638 7.8685 10.05848 26.82775
1.69632 12.11877 8.24904 10.53285 27.45204
1.34032 13.13426 8.67261 10.5448 26.394
1.5443 13.12961 8.14579 9.58787 27.65294
1.53798 14.34646 8.1241 8.1652 27.86518
1.8894 14.47376 7.83412 9.20493 26.68187
1.80923 14.50463 6.8328 9.59303 27.29986
1.48482 13.37738 9.48021 9.4771 26.26534
1.19727 14.46545 9.01625 10.29376 25.14795
1.42245 14.16868 10.61893 10.38384 23.68764
1.79176 14.08529 8.8864 10.82752 24.53459
1.43042 13.8936 7.67798 11.07301 25.98473
1.17018 14.06422 8.33684 10.77641 25.72802
1.08973 13.67032 8.10344 9.84694 27.34116
1.035 14.06691 8.05834 10.13893 26.76279
1.34313 13.32335 8.30509 11.48672 25.64324
1.12871 14.19242 8.94419 10.81492 25.06306
1.62734 14.92298 9.73291 8.56859 25.25209
1.27245 14.2333 9.62013 9.87382 25.15186
1.56163 14.23235 7.75768 10.96253 25.56603
1.58941 14.3909 6.95316 10.08766 27.07442
1.20348 14.23354 7.57271 9.95041 27.10213
1.40615 14.56964 7.705 10.21787 26.20845
1.47495 14.05746 8.31823 9.68604 26.54484
1.46127 13.21315 9.03208 10.48444 25.91082
1.6623 14.57878 7.88732 10.08476 25.91377
1.43535 14.70207 7.80336 9.99658 26.1463
1.39166 14.54816 7.76162 10.47808 25.88208
1.5076 14.4137 7.47449 10.7117 25.96474
1.50061 14.5628 8.60783 9.92852 25.50367
1.4747 13.34494 9.93435 9.93449 25.45257
1.28518 14.76948 8.89667 7.86654 27.2608
1.16645 14.41146 8.70121 9.27352 26.54455
1.46233 14.61717 10.14201 8.79082 25.14106
1.59188 13.70101 8.93379 9.88437 25.95
1.5002 13.3508 8.43023 10.97082 25.86194
1.59419 13.88367 8.33657 10.81473 25.49738
1.75669 14.49642 7.72148 10.53964 25.60802
1.79678 14.89484 7.46691 10.51362 25.44693
1.21493 14.52857 6.27135 11.33884 26.73313
1.40463 14.06704 7.36899 11.03814 26.23508
1.38279 13.92269 7.97845 10.42256 26.38127
1.34044 13.58621 8.98009 9.47572 26.72015
1.66555 13.51227 7.79742 10.47174 26.64782
1.54609 12.90243 9.01327 10.98226 25.6805
2.142 12.91056 8.75609 10.45906 25.84278
1.92746 14.174 9.28435 9.55262 25.21648
1.9615 13.47802 7.87646 9.81713 26.95742
1.89149 13.87669 8.26541 9.33531 26.69676
2.08216 13.49245 8.15774 8.41956 27.90254
1.67897 12.77516 9.59103 10.20111 25.86671
1.60004 14.21475 9.25937 9.25112 25.76691
1.43726 13.88864 9.35257 9.38369 26.01508
1.58863 14.44253 7.37059 10.36033 26.28947
1.60299 13.84413 8.1018 11.33085 25.19867
1.59433 13.44106 7.57667 11.19628 26.26969
1.62909 13.04555 8.68944 11.31312 25.42011
2.08635 13.61105 9.19036 9.59867 25.61193
1.61688 13.16389 9.48321 9.78259 26.05612
1.97882 14.48077 6.92045 11.02931 25.67925
2.56405 14.52976 9.93451 9.08897 24.08795
2.52679 14.05063 10.95955 8.5736 24.15594
2.12095 13.26984 9.2196 10.35035 25.20579
2.37091 12.32877 9.40964 10.07552 25.97649
2.08784 13.02908 9.35506 9.10875 26.49528
1.78733 13.62334 7.48103 9.41635 27.74263
2.12316 13.1885 8.36564 9.25846 27.16446
1.94106 12.99163 7.63952 8.72386 28.73915
1.59468 14.52116 7.37906 9.34512 27.18506
1.90339 13.43726 8.41924 8.68274 27.5841
2.00347 13.61242 8.33876 8.94227 27.14854
1.45894 14.51946 8.89697 8.34897 26.83849
1.47406 13.41782 8.77728 8.98942 27.41864
1.78902 13.38555 8.78901 9.26964 26.85529
1.53218 13.5649 7.89495 9.04418 27.99437
1.91085 12.86491 7.53679 8.7537 28.96354
1.60191 13.73242 9.07393 8.35092 27.30267
1.53204 14.55109 8.33833 7.57295 28.057
1.82998 14.78434 9.14812 8.16156 26.16616
1.63248 14.68081 8.10243 8.93025 26.71197
1.98946 14.41925 7.29101 8.63193 27.70849
1.51443 14.14482 8.31697 7.77662 28.2808
1.58459 13.76177 9.07077 8.03331 27.60136
1.57198 13.6122 8.18906 9.41041 27.25692
1.5956 13.58039 8.6865 7.32953 28.83988
1.2979 14.07086 7.77161 8.28607 28.59078
1.20569 13.58557 7.29184 9.04187 28.89135
1.81753 13.93658 6.92652 9.32679 28.01753
1.59219 13.94805 7.20522 9.52072 27.75823
1.35026 13.25866 7.4396 9.28924 28.68183
1.39324 14.14438 7.47428 8.63358 28.37572
1.71685 14.40575 7.77711 8.61698 27.53366
1.71747 13.73401 7.89765 8.11035 28.5709
1.27926 13.14054 7.07789 9.46961 29.05044
1.15711 12.91948 8.18358 10.0758 27.6964
1.41636 14.62224 7.7617 8.46005 27.77245
1.42253 14.5757 8.18563 8.15339 27.7018
1.5201 14.11695 8.6529 8.73477 27.033
1.34192 14.99823 8.88678 8.43846 26.43845
1.42774 14.30957 8.72087 8.20192 27.42756
1.26317 15.07032 9.61382 8.74545 25.53889
1.15718 14.58638 8.49834 9.82597 26.00453
1.15168 14.20839 6.23022 10.10396 28.34145
1.27711 13.43333 8.55193 10.5161 26.31188
1.55264 13.40826 8.11683 10.32996 26.6597
1.44307 13.20624 10.10793 10.18217 25.23475
1.69539 13.43664 9.04789 9.40951 26.46349
1.1816 14.24066 8.56844 9.71309 26.36647
1.44072 14.83433 8.44675 8.3445 26.97218
1.66884 14.89251 8.56203 9.06783 25.85958
1.57254 13.55198 7.8605 10.49666 26.56744
1.49525 14.12658 9.51193 9.61211 25.33292
1.85415 14.40659 8.16014 9.43194 26.20924
1.6365 12.73629 7.78665 11.79399 26.13226
1.63192 13.65507 7.27516 9.99152 27.47999
2.01425 13.37061 7.56301 9.95024 27.1435
1.81524 14.69764 8.16733 9.5499 25.88432
1.7479 14.292 6.75396 10.51832 26.75064
1.51397 14.01128 8.50569 9.78735 26.27194
1.78803 14.9842 8.17718 10.16771 24.98948
1.76874 14.42382 8.65593 10.22253 25.03735
1.55745 14.51437 9.93541 9.9415 24.22681
1.43658 14.74567 8.30056 11.07074 24.55529
1.47946 14.05508 6.62999 11.89102 26.00117
1.30794 14.23322 7.63779 11.47155 25.43925
1.56096 14.18592 7.42198 10.52009 26.3704
1.48902 13.77008 7.11848 10.59966 27.07443
1.25928 13.03987 7.18293 10.61134 27.96929
1.12979 13.30464 8.73398 9.15795 27.72883
1.25787 12.61113 9.72789 9.80725 26.67106
1.30254 14.28521 7.75934 10.69577 26.06491
1.22407 14.5981 7.53225 10.333 26.39497
1.66826 13.85316 8.52303 9.66288 26.3854
1.69098 12.95161 8.68426 10.80629 25.96243
1.3761 14.00081 8.25985 10.79358 25.71057
1.32396 15.20957 7.77504 9.40067 26.37043
1.48891 14.68649 7.43784 11.05527 25.47784
1.64565 14.62039 7.71653 11.67159 24.4964
1.65076 14.19067 7.92576 10.0686 26.25958
1.57781 13.90663 7.70555 11.04024 25.8647
1.68635 13.92684 8.21817 11.65186 24.67884
1.44571 13.32857 8.99265 10.58817 25.78763
1.5902 14.81127 9.49242 9.46998 24.79622
1.75608 13.84709 9.16393 10.07594 25.28354
1.45316 14.06654 8.5473 11.46136 24.60758
1.37513 13.72605 7.75654 11.53701 25.6851
1.1321 14.39106 7.69916 10.53724 26.32121
1.36623 13.79773 7.82317 10.97172 26.12594
1.43565 13.92297 8.60112 11.71002 24.46288
1.20718 11.89069 9.33534 11.39255 26.24661
1.12967 12.39168 8.97177 11.18639 26.39635
0.89777 14.50598 8.0416 10.97748 25.66669
0.95852 13.18861 7.83651 11.23298 26.84133
0.96287 14.16636 7.77052 10.63909 26.53977
0.97788 13.8992 8.40103 10.04121 26.76228
1.16834 14.43751 8.3526 9.98362 26.11644
1.78571 13.68294 7.28741 10.96312 26.3332
1.31156 13.66177 8.67479 11.04895 25.38087
2.01441 13.52069 8.65034 9.60765 26.2681
1.80748 13.2381 8.21345 10.75147 26.05329
1.6103 13.52582 7.2565 10.7978 26.85496
1.42759 14.79599 7.19212 9.1585 27.45778
1.44401 13.93694 8.89418 8.57697 27.20581
1.36388 14.31302 8.27797 9.97692 26.13453
1.66358 14.81128 8.73506 9.36193 25.5069
1.43842 13.95581 7.75265 10.90091 26.02794
1.36722 14.8305 7.02393 10.93253 25.91958
1.40765 14.55007 7.02864 10.44016 26.63081
1.76639 13.88447 7.41797 11.47825 25.53812
1.45023 13.03458 7.24898 9.92133 28.39609
1.11487 13.57878 7.8668 10.05583 27.43875
1.46867 12.98366 7.16071 10.39559 28.03435
1.1752 13.41582 7.87308 9.43923 28.15335
1.8165 13.3087 8.653 9.69525 26.60385
1.2647 13.16833 7.47371 10.85243 27.29896
1.34525 13.6428 7.49455 10.24355 27.30797
1.72671 12.98328 8.54964 10.50055 26.31811
1.45093 14.55389 8.59719 10.4562 25.07199
1.38097 13.9317 9.0009 9.90101 25.88541
1.47818 13.39154 8.37428 10.75224 26.09687
1.4612 14.02824 8.80423 10.11125 25.67452
1.23272 14.03105 7.96129 10.83487 26.02616
1.32737 13.35583 10.12189 10.39923 24.90792
1.45119 12.68068 9.71291 10.27843 25.98023
1.29903 12.80405 9.85472 10.16655 25.99066
1.56518 13.28035 8.43607 9.01629 27.77269
1.41915 14.21695 8.46354 8.39536 27.5679
1.3264 14.31524 9.88602 8.23033 26.37419
1.42157 14.44228 8.8509 10.77412 24.66318
1.44237 13.69224 6.92905 11.41153 26.58992
1.29086 12.54815 7.45238 10.64357 28.10426
1.33663 12.65856 8.7818 9.87588 27.39614
1.46323 15.17713 8.35576 9.0717 26.02799
1.20442 13.22895 7.46483 10.03213 28.11872
1.27017 13.99308 8.18433 9.0909 27.51191
1.27658 13.28696 7.72355 10.43772 27.34849
1.2376 14.18998 7.49624 9.3313 27.78565
0.82749 13.61786 9.64378 9.07324 26.92353
1.21948 13.84361 7.80752 10.46 26.74202
0.912 13.07753 8.18253 9.76936 28.11227
1.31964 15.26395 8.33761 9.16242 26.02238
1.35253 13.37344 9.68239 8.38494 27.30022
1.06779 13.84836 8.61507 10.30479 26.29674
1.36622 14.912 8.05029 9.7063 26.04901
1.69249 12.86977 7.20871 9.15475 29.10824
1.67691 13.85743 8.78314 8.66068 27.09989
1.88153 13.12715 8.5716 9.92986 26.55346
1.87021 14.0163 8.36941 9.6782 26.14286
1.55842 14.79066 8.51933 9.81196 25.41238
1.34974 12.94719 8.68027 10.73401 26.34852
1.55962 13.24375 7.64236 10.28149 27.31672
1.36619 14.23582 6.80217 10.36082 27.26625
1.57901 13.73563 7.43584 10.57521 26.72048
1.28731 13.92685 8.02562 9.45581 27.35782
1.25474 14.36577 8.46994 9.31268 26.65714
1.2812 14.9423 7.5437 8.5538 27.72489
1.1138 14.43776 8.04197 8.85198 27.59197
1.21085 13.58073 7.5258 9.63107 28.08505
1.59824 13.47913 7.88002 9.79168 27.29469
1.28481 12.72477 9.68151 8.93941 27.4314
1.41967 14.10817 8.41789 8.33905 27.74126
1.4032 12.9788 9.57064 8.50847 27.57993
1.35958 12.44213 10.67831 9.30879 26.32435
1.44709 11.12022 11.01764 9.16914 27.35477
1.63628 12.93441 9.59491 9.765 26.1586
1.56336 13.52365 9.14767 8.69313 27.11133
1.43161 13.29824 10.51299 7.75903 27.08414
1.72658 12.8066 8.55793 9.62253 27.32353
1.79145 12.31025 7.43588 10.1616 28.32931
1.71626 12.06921 9.10224 10.68846 26.4983
1.84028 12.72713 7.74272 10.06478 27.67649
1.55857 12.9077 8.33301 9.66118 27.59618
1.72563 13.25828 8.48532 10.07094 26.52821
1.72961 12.19987 7.13634 11.17593 27.79534
1.75487 14.08052 7.66181 10.28777 26.27961
1.79573 14.21929 9.31377 8.98102 25.76315
1.7103 13.92959 8.8536 10.00525 25.58859
2.04821 12.72629 9.07912 9.95243 26.27501
2.07972 13.90496 8.30335 9.46636 26.32103
1.4661 14.67105 9.0748 9.85554 25.02511
1.42585 13.82091 8.75182 11.13585 24.95219
1.46453 13.95365 8.78535 9.69296 26.15848
1.43261 14.28175 7.06262 8.76282 28.49925
1.50341 14.27301 7.97041 7.98472 28.30823
1.2059 13.43467 7.69358 9.30778 28.40347
1.30426 13.06337 7.48129 9.57046 28.61799
1.42502 13.42844 8.48893 9.90342 26.8134
1.58505 12.3805 8.35611 11.77161 25.98637
1.58927 14.16803 7.96236 11.23793 25.12647
2.09174 12.75187 7.62237 11.14275 26.47247
1.73441 13.68492 8.40093 9.61297 26.6448
1.44702 13.78622 7.76907 9.40633 27.63689
1.45774 13.82416 7.87255 10.2822 26.63265
1.22969 13.97134 8.3731 9.31056 27.17109
1.34741 14.32571 7.88431 9.56305 26.93561
1.25037 14.91523 7.34903 10.40194 26.15878
1.32516 12.95159 7.72679 10.87142 27.20538
1.28239 12.78674 8.29704 9.71914 27.97561
1.65561 13.24753 9.41574 9.64593 26.1303
1.37721 14.02724 9.41678 9.2082 26.05091
1.23535 14.26921 9.62791 10.60462 24.45426
1.57368 13.89355 8.28691 11.1197 25.22724
1.30197 13.90659 8.26529 11.76348 24.88392
1.20438 13.55942 7.69009 10.81583 26.79537
1.23467 13.58411 7.94675 10.35774 26.94218
1.22749 12.01297 7.94662 11.28985 27.56226
0.96609 13.17249 8.56687 8.95879 28.38705
1.1469 13.763 7.70556 8.80368 28.62401
0.95845 12.85645 8.16543 9.29884 28.78176
1.17051 12.57011 9.6439 10.30405 26.43955
1.03947 12.70383 8.91856 10.77466 26.63519
1.15292 13.22738 8.70771 10.55278 26.43272
1.21136 13.74113 9.16039 9.29274 26.66021
1.50412 12.7267 9.01318 10.30946 26.51701
1.77716 13.7238 7.54594 9.98468 27.02174
1.61477 13.43089 8.42191 8.76559 27.8079
1.62516 13.03057 9.01783 8.8508 27.51203
1.33921 14.07435 7.98561 10.78044 25.87932
1.73705 14.06386 7.69774 9.51634 27.02078
1.57922 15.33425 7.14121 9.13507 26.86507
1.49457 14.55538 7.01248 8.88584 28.08363
1.76133 13.98813 6.71144 9.30126 28.25923
1.14375 14.49414 7.86891 9.30313 27.22138
1.08752 14.83692 7.30704 9.8479 26.9691
1.48711 13.97486 7.24753 10.4615 26.89489
2.12504 14.42629 7.29522 9.9667 26.24272
2.06386 14.52477 8.27556 9.63062 25.60841
1.71532 13.17916 6.63755 12.54196 26.03269
1.87335 14.98679 7.51701 11.37809 24.39879
1.91415 13.93003 8.72582 9.82072 25.72409
1.64149 13.04066 8.89989 9.4164 27.09129
1.89745 12.87215 8.17042 9.72038 27.41254
1.36081 14.58312 8.42456 8.78025 26.9333
1.34091 15.03878 7.96792 8.66888 27.04416
1.26969 14.21186 7.97036 9.34886 27.2818
1.04378 14.92257 8.31593 10.09955 25.72144
1.5865 15.33515 8.92351 8.53682 25.72479
1.20171 14.56087 8.18223 9.57088 26.56525
1.2099 13.55673 8.90856 9.87025 26.56936
1.53538 12.45577 8.80401 10.44961 26.81624
1.62665 13.51131 8.49668 9.64806 26.76645
1.53989 13.48063 8.28451 9.27293 27.4642
1.31425 13.85183 7.78798 9.83157 27.25384
1.40057 14.33585 8.68926 9.56362 26.10925
1.20516 13.94147 7.54382 10.43675 26.96264
1.6229 15.06732 6.68056 9.00689 27.66365
1.43746 13.37404 8.15616 10.61769 26.47909
1.40257 14.78789 6.79395 9.38395 27.67627
1.64257 14.96572 8.28242 9.28705 25.87878
1.52143 15.44653 8.17085 9.34482 25.59062
1.49193 15.75013 7.75622 8.07092 26.97287
1.67666 14.79231 7.18335 8.9238 27.47646
1.26726 14.31899 7.77977 8.81902 27.85953
1.20948 15.09705 7.90597 8.71929 27.11943
1.26167 13.80261 8.02378 8.94108 28.01672
1.38659 13.85602 8.84075 10.05121 25.93528
1.78877 15.21791 8.60675 9.19849 25.28108
1.42251 15.1549 8.61024 9.45007 25.44141
1.37903 15.41582 8.43821 8.91018 25.955
1.28506 14.52376 7.33342 9.1345 27.77578
1.32169 15.03138 6.93118 10.18768 26.61078
1.57568 13.94986 7.17757 10.06423 27.29147
1.42429 14.19085 7.36144 11.76422 25.36907
1.48334 15.18621 7.84291 10.54892 25.01632
1.70589 13.3526 8.5261 9.75843 26.71705
1.67127 15.58142 8.01683 9.19902 25.60977
1.53509 14.60277 8.41677 10.03734 25.51078
1.70229 14.64203 7.1453 8.96169 27.60005
1.51611 15.96054 8.14881 9.98661 24.49283
1.80358 12.83088 8.34283 11.05084 26.0428
1.81964 13.84691 7.51565 10.50478 26.35716
1.9671 14.61953 7.47128 9.88495 26.11647
1.94483 14.52785 7.46085 9.54313 26.57291
1.92761 14.33567 7.70982 9.27842 26.7935
2.15759 14.16387 7.10058 9.69562 26.9391
1.88985 14.3622 7.36567 9.67792 26.75396
1.50356 13.93992 7.46305 10.13082 27.02838
1.51374 13.78294 7.79165 9.77884 27.19954
1.64223 13.06667 8.15483 10.02776 27.18523
1.77308 13.98536 7.96067 10.22235 26.13252
1.84364 15.18906 8.0103 9.20531 25.8288
1.73519 14.72731 8.17129 9.30838 26.14903
1.87859 13.08345 9.29935 9.92238 25.91922
1.49158 13.40022 9.33681 10.3152 25.56716
1.54242 13.44273 7.27472 12.33497 25.5562
1.49379 13.21215 7.13965 12.38606 25.89733
1.44959 12.45789 8.54217 11.82978 25.85747
1.80493 11.83656 8.47504 11.26877 26.74428
1.65004 13.54946 8.75856 11.74229 24.49408
1.73719 12.59147 9.08837 13.02273 23.76704
1.46492 14.01795 9.62658 11.301 23.78779
1.61358 12.91744 8.5032 12.30106 24.8624
1.70783 14.51324 7.44351 11.92063 24.62806
1.15784 13.99213 7.46605 12.6946 24.93786
1.11746 13.37246 7.71598 11.92043 26.07629
1.18412 13.97664 6.90486 11.2994 26.76293
1.13931 13.90449 8.16389 10.35879 26.54175
1.30911 15.69051 7.81697 9.05873 26.24893
1.40956 15.93613 7.50141 9.7016 25.65717
1.74993 13.67845 7.48188 10.18648 26.9755
1.78268 14.10845 9.06144 8.93073 26.19507
1.34091 13.61765 10.26677 8.62257 26.23615
1.50813 13.52263 8.91741 9.97326 26.16105
1.18613 13.99973 8.50365 9.57659 26.79436
1.42628 13.51792 9.32727 10.43872 25.38911
1.21443 13.79598 8.94224 10.46488 25.68011
1.65873 13.80025 9.95719 9.83579 24.91723
1.51881 13.43947 8.9758 11.64984 24.56202
1.48075 13.79498 8.69101 10.21987 25.91197
1.30613 15.00196 8.87146 8.82889 26.09497
1.13574 13.60781 8.75772 11.19311 25.49816
1.21676 13.86695 9.00429 10.58165 25.51907
1.51265 13.44603 9.3032 9.65742 26.17191
1.19737 13.18827 9.37516 10.49738 25.86419
1.30187 13.6608 10.06963 11.86573 23.33456
1.26488 11.82952 9.43596 11.1222 26.44391
1.21301 13.05066 9.76571 9.07955 27.00473
1.21045 13.29697 8.56649 10.83895 26.21483
1.23567 13.11065 9.04101 10.83229 25.89357
1.73403 13.57208 7.05289 10.84551 26.89034
1.48495 14.27107 6.62574 10.44141 27.26795
1.44253 13.62788 7.00031 10.06103 27.96658
1.36698 13.64388 6.32106 11.01142 27.72982
1.3398 13.50333 8.14834 10.53428 26.55481
1.53956 13.7657 7.67388 12.6237 24.55501
1.26024 14.20887 8.59557 10.32356 25.71161
1.27279 14.76496 7.63147 10.03195 26.38241
1.25471 14.93902 7.67149 9.68021 26.53847
1.30832 14.31691 7.26745 10.83914 26.32768
1.11302 15.16818 6.31269 10.94121 26.51841
1.01525 15.61905 7.1073 9.85909 26.45357
1.36032 15.19519 6.49492 10.99479 26.03357
1.23126 13.28514 7.24385 11.41149 26.8949
1.01111 13.64052 7.77446 11.48598 26.15207
1.16475 13.43965 7.80274 9.84165 27.78649
1.48493 15.06787 7.38083 10.49591 25.66458
1.29741 13.67716 7.16772 11.01691 26.93566
1.07572 13.57762 9.36539 10.94188 25.12813
1.30687 13.10924 7.94831 10.50497 27.17548
1.37023 13.56222 8.38478 10.66661 26.07443
1.46464 14.7893 8.27148 9.62895 25.91983
1.53077 14.01753 9.03678 9.0234 26.48776
1.34218 14.12765 8.16035 10.08799 26.39833
1.25856 14.0934 8.37985 11.36755 25.06161
1.2237 15.25482 7.62226 10.21295 25.77748
1.40766 15.04078 6.93486 10.19745 26.53357
1.41991 15.41038 7.00475 9.16055 27.07528
1.35616 14.31684 7.01593 9.75356 27.63736
0.92601 14.74838 7.49458 9.4868 27.42126
1.09018 14.67134 7.96108 10.36863 26.0558
1.68607 14.92277 7.40136 11.18257 24.95195
1.87924 12.78058 8.36023 11.83525 25.27492
1.83952 13.77941 9.04073 11.11093 24.37264
1.90011 13.1621 7.74741 11.52268 25.77269
1.57845 12.90204 7.94551 11.94385 25.75853
1.71956 13.47945 8.17278 11.35265 25.37379
1.69478 12.90507 7.78847 12.11555 25.62305
1.57488 13.97001 8.43704 10.54841 25.57363
1.37175 13.40419 10.38875 10.54983 24.50081
1.25036 14.06598 8.43683 10.77826 25.63484
1.65401 13.9891 8.55605 9.12636 26.80848
1.32139 15.55906 8.36354 9.6023 25.33258
1.33453 13.74637 9.10287 9.66012 26.2995
1.22357 14.62976 9.45152 9.75374 25.08654
1.31778 14.04628 8.32165 10.92113 25.53743
1.07773 13.67313 7.14794 10.68733 27.48544
1.19295 15.52922 7.44533 9.26928 26.63469
1.43729 14.70495 7.81437 9.38959 26.72255
1.4227 14.32687 7.85031 9.78699 26.68321
1.20274 14.63834 9.02259 10.55916 24.71385
