"V1" "V2" "V3" "V4" "V5"
1.07625 17.61036 7.14049 7.67628 26.57205
1.11441 17.62224 7.03951 7.70094 26.6034
1.18189 17.67924 7.14139 7.55942 26.50308
1.07719 17.82891 7.02644 7.80476 26.31655
1.16536 17.37921 7.48213 7.77402 26.27136
1.07134 17.36221 7.32689 7.92787 26.39011
1.06201 17.4314 7.19571 7.5341 26.83146
1.20302 17.40122 6.75417 7.92357 26.76774
1.14843 17.60993 6.72097 7.95336 26.60182
1.1448 17.73189 6.94422 8.0092 26.21645
1.15172 17.59661 7.17785 7.77433 26.35082
1.13492 18.02214 7.00154 7.77256 26.12086
1.17888 17.66575 7.12894 7.74972 26.33496
1.13927 17.45721 7.45098 7.66731 26.34039
1.04483 17.85478 7.47051 7.52957 26.16745
1.05574 18.12544 7.3626 7.25209 26.25254
1.08348 17.60482 7.1836 7.72973 26.46557
1.1027 17.11597 7.415 7.89465 26.53874
1.14334 17.35118 7.48152 7.80405 26.32373
1.04896 17.33721 7.49783 7.83573 26.37308
1.01972 17.72735 7.14077 7.7031 26.50924
1.1609 17.82545 7.02137 7.92772 26.14411
1.1186 17.82643 7.19275 7.85331 26.07759
1.15856 17.62995 6.84974 7.82739 26.59366
1.08077 17.64872 6.71238 7.80247 26.78476
1.02532 17.90545 6.84426 7.54007 26.72465
1.10221 17.78649 6.78883 7.90406 26.47242
1.10864 17.54554 7.12708 7.72325 26.54936
1.11446 18.06724 7.1748 7.71156 25.99343
1.02533 18.2364 7.10218 7.50315 26.20434
1.16137 17.8113 7.1154 7.58981 26.38588
1.09691 17.914 7.14954 7.27453 26.6038
1.0984 18.04486 7.30643 7.31594 26.28736
1.10848 17.91333 7.04123 7.53359 26.48495
1.16971 17.48551 7.27209 7.57675 26.54947
1.09231 17.81873 7.23605 7.74139 26.15858
1.09377 17.62715 7.29034 7.59084 26.46102
1.11126 17.65472 6.97469 7.65194 26.66345
1.08514 17.8076 6.92444 7.52193 26.72725
1.15316 17.70715 7.11544 7.58278 26.49047
1.06347 17.8768 7.21982 7.84064 26.07295
1.08894 17.67718 6.92573 7.72807 26.64441
1.08575 17.48098 7.20514 7.64749 26.66033
1.03273 17.77767 7.01363 7.86474 26.35174
1.00016 18.09759 7.01219 7.74646 26.18858
1.00394 17.97851 7.37416 7.77899 25.92068
1.00255 18.03491 7.32333 7.8642 25.83872
1.01533 18.04478 6.99184 7.85637 26.15837
0.99544 17.87099 7.19449 7.68904 26.30072
1.16843 17.7027 6.82477 8.06924 26.28171
1.19739 17.66892 6.92633 8.02277 26.22079
1.10673 17.97737 7.0892 8.00006 25.86916
1.10127 17.87218 7.13929 8.2873 25.6747
1.25112 17.66424 7.27205 8.29478 25.60951
1.19053 17.53633 7.05535 8.18723 26.08247
1.21837 17.70603 6.61481 8.26525 26.26789
1.18256 17.69626 6.84486 7.88769 26.47685
1.20581 17.8584 6.90033 8.04705 26.07647
1.07418 17.89011 7.02466 7.769 26.34514
1.0071 18.40893 6.86671 7.6676 26.13449
1.10589 17.90683 7.41946 7.68191 25.96682
1.09175 18.2686 6.8718 7.64451 26.18217
1.14581 17.80361 6.79915 7.91668 26.38063
1.1278 18.09275 6.73704 7.79639 26.29804
1.04861 17.4957 7.0445 8.08358 26.39316
1.12362 17.76352 7.27545 8.16293 25.80881
1.04897 17.94572 7.15904 8.451 25.5042
1.14932 17.68478 6.82614 8.65337 25.76545
1.07817 17.8186 6.9429 8.31595 25.92064
1.0456 17.74826 6.81804 8.49428 25.97832
1.12402 17.70495 6.93734 8.18267 26.12705
1.10577 17.73874 6.94305 8.30291 25.9844
1.12374 17.82451 6.60703 8.26035 26.25808
1.04294 18.17214 6.81757 8.40428 25.6449
1.02279 18.05814 7.07455 8.31517 25.631
1.04998 18.08668 6.57227 8.60702 25.77186
1.16172 18.11443 6.66696 8.6085 25.55373
1.10006 17.57436 6.60295 8.45146 26.3244
1.0907 17.56402 6.95156 8.23458 26.22423
1.04865 17.8887 6.837 8.50714 25.80501
1.1021 17.82686 6.82273 8.34999 25.97032
1.06625 17.52646 7.02195 8.44313 26.01185
1.12831 17.78584 6.80577 8.16695 26.18051
1.25725 17.34231 6.99273 8.10865 26.37188
1.07379 17.39001 7.20726 8.14452 26.24361
1.05915 17.72373 6.89654 8.05664 26.31221
1.07659 17.74196 7.28509 7.83874 26.12118
1.17777 17.44995 7.24487 8.01538 26.17619
1.05976 17.84076 6.80685 8.09164 26.26444
1.08496 18.02728 6.55902 8.30312 26.08106
0.99857 17.97812 6.60178 8.18645 26.2921
1.01067 17.89763 7.22786 7.82669 26.09509
1.04434 18.11703 7.45445 8.13513 25.35638
1.10861 17.50484 7.68761 8.26201 25.53001
1.12634 17.72336 7.50708 8.16003 25.55321
0.97742 17.71265 7.70017 7.97801 25.68756
0.96342 17.70159 7.55919 7.87333 25.98459
0.99506 17.62187 7.43249 7.72791 26.3019
0.99917 17.94345 7.20975 7.75935 26.14749
1.05313 18.05719 6.89468 7.84796 26.21367
1.0581 17.74223 7.32992 7.72937 26.20477
1.14718 17.83688 6.91601 8.21049 25.97443
1.19009 18.30429 6.85252 8.11651 25.63491
1.12346 18.04702 6.80239 7.99791 26.08687
1.16495 17.62689 7.10383 7.9543 26.20756
0.99811 17.64348 6.90297 8.0605 26.44639
1.10934 17.52555 7.17757 7.96598 26.29831
1.12467 17.64516 7.05511 7.98929 26.23632
1.20661 17.2134 7.03849 8.20644 26.41185
1.07943 17.47743 6.99823 8.24398 26.27601
0.98789 17.36122 7.01177 7.99519 26.6893
1.13066 17.55602 7.20631 7.78893 26.38725
1.15548 17.48521 6.98265 8.0613 26.38393
1.12633 17.54852 6.91564 8.05792 26.39539
1.11752 17.59653 7.02015 8.21555 26.10698
1.18024 17.0816 6.91682 8.10361 26.75641
1.10295 17.25255 7.18851 8.27242 26.2352
1.15434 17.74154 6.86171 8.19162 26.11104
1.15088 17.48636 6.9093 8.02515 26.46358
1.03429 17.76777 7.01753 8.116 26.10811
1.07885 17.81194 6.78294 8.09592 26.28157
1.12762 17.8111 7.26481 7.806 26.04491
1.06111 17.45652 7.12996 8.10567 26.29816
1.09623 17.5181 7.08923 8.24237 26.12786
1.03648 17.79104 7.1645 8.14318 25.92866
1.0901 17.27148 7.5209 8.2583 25.93963
1.1191 17.21199 7.36641 8.01889 26.34255
1.09694 17.67719 7.23226 8.00564 26.04447
1.08784 17.80522 7.04409 8.03073 26.08666
1.05222 17.25607 7.29684 8.03669 26.39964
1.04023 17.40245 7.30387 8.06085 26.24164
1.01779 17.75345 6.87457 7.87027 26.5268
0.98179 17.45916 7.21575 8.23067 26.18039
1.04148 17.72895 7.05351 8.26807 25.98459
1.02378 17.35679 7.09507 8.44552 26.13219
1.02515 17.7859 6.94591 8.39687 25.9091
1.03861 17.45338 7.0594 8.45143 26.04982
1.00236 17.86851 6.70583 8.53 25.94975
1.12176 17.78171 6.85459 8.49205 25.82754
1.15386 17.9355 6.65774 8.64468 25.68957
1.15753 17.50066 7.10862 8.4764 25.82287
1.06091 17.76761 7.34288 8.44622 25.46907
1.06183 17.81729 7.19086 8.40633 25.61445
1.0876 17.6285 6.96778 8.67517 25.73982
1.10307 17.70328 6.92934 8.59398 25.78421
1.0762 17.79426 6.8479 8.43703 25.92619
1.14684 17.68079 7.01303 8.05373 26.18052
1.09503 17.63863 7.00659 8.57266 25.78955
1.0714 18.09226 6.49742 8.64887 25.79669
1.1531 18.08198 6.92012 8.20738 25.69995
1.07525 18.25621 6.8118 8.32242 25.61079
0.96229 18.00621 7.00865 8.19221 25.90558
1.11574 17.96956 7.05621 8.11505 25.82725
1.14803 17.78338 7.01343 8.28323 25.82825
1.0348 18.12509 6.6141 8.2184 26.0593
1.12511 17.59838 7.0773 7.80968 26.44068
1.13485 17.65568 7.11425 8.08972 26.06286
1.08121 17.43835 7.39357 8.26656 25.92559
1.0838 17.76161 7.31707 8.30795 25.63509
1.05814 17.72674 7.08561 8.18556 26.01705
1.05973 17.63489 6.76645 8.57862 26.01723
1.0979 17.4018 6.7207 8.52065 26.30066
1.2136 17.48293 7.18307 8.03617 26.14115
1.04202 17.87782 7.05703 8.17262 25.91606
1.08105 17.59431 7.33717 8.26941 25.78047
1.15272 17.62296 7.35347 8.12576 25.79594
1.23585 17.6352 7.00949 8.57344 25.62017
1.11111 17.75273 7.13752 8.5056 25.58791
1.07511 18.00196 7.29854 8.13662 25.56807
1.13759 17.79163 7.22978 8.17295 25.74549
1.06027 17.398 7.35296 8.20742 26.04389
1.1284 17.45711 7.27518 7.78899 26.40428
1.11528 17.79221 7.2399 7.99047 25.95735
1.09121 17.35038 7.57389 7.807 26.28563
1.13394 17.41341 7.53571 7.97547 26.02601
1.07217 17.33784 7.39126 8.30118 25.97776
1.20416 17.28574 7.58919 8.03324 26.00123
1.18498 17.64374 7.1869 7.98434 26.06824
1.16147 17.34488 7.24111 8.01057 26.29699
1.03023 17.69917 7.39022 8.25201 25.71316
0.96696 17.4451 7.41372 8.14077 26.10154
1.0793 17.3729 7.06728 8.28081 26.26561
1.08228 17.66014 6.934 8.17375 26.21181
1.06192 17.58685 6.92608 8.27823 26.22053
0.96975 17.84805 7.04318 8.31861 25.90189
1.08307 17.62508 7.05665 8.21858 26.0925
1.13177 17.09424 7.25251 8.05299 26.52637
1.10863 17.24872 7.01941 8.19369 26.48581
1.00697 17.37902 7.32654 8.12537 26.22807
1.01401 17.333 7.80516 8.14244 25.82847
1.10263 17.26412 7.41071 8.21784 26.07889
1.1408 17.67817 7.14743 8.34672 25.8054
1.1247 17.73574 7.26577 8.17052 25.80155
1.06896 17.57049 7.30287 8.19919 25.9701
1.14635 17.46324 7.78911 8.07191 25.65808
1.16036 17.29017 7.36188 8.34819 25.92719
1.18937 17.54148 6.95359 8.25057 26.14736
1.25414 17.15617 7.30016 7.94345 26.41978
1.12732 17.33163 7.10152 7.95075 26.55635
1.16177 17.25111 7.16156 8.18706 26.29823
1.16689 17.47336 7.05863 8.01213 26.32648
1.14682 17.42189 7.21573 8.18188 26.09364
1.20325 17.48127 7.07706 8.03977 26.2709
1.18138 17.32656 7.31663 7.99875 26.25013
1.04392 17.51467 7.12257 8.2121 26.17928
1.04301 17.37519 7.17862 8.34476 26.11799
1.07431 17.73695 7.24183 7.91497 26.11542
1.10756 17.10128 7.34394 8.36564 26.17852
1.08635 17.54345 7.14394 8.11204 26.19721
1.07991 17.52299 6.99274 8.17305 26.3097
0.98152 17.56114 7.21659 8.13721 26.18005
1.03464 17.48501 7.23956 8.19758 26.14793
1.1137 17.83149 7.15423 8.09785 25.94457
1.09621 17.68971 7.11634 8.15483 26.05458
1.14077 17.80483 6.83516 8.11278 26.18372
1.11217 17.55662 7.14932 8.01558 26.27446
1.00749 17.78744 7.08884 8.03933 26.22016
1.10056 17.71273 7.04812 8.05707 26.18353
1.08989 17.53367 7.36323 8.06433 26.02754
1.11099 17.97906 7.23347 7.91742 25.88091
1.01782 17.626 7.13339 8.13479 26.13895
1.15289 17.39607 7.15203 8.21791 26.14819
1.18624 17.61374 7.02632 8.19303 26.08059
1.24374 17.37052 7.15238 8.08806 26.21144
1.12723 17.60478 7.27576 8.08114 26.00247
1.0918 17.43705 7.22546 8.26052 26.06602
1.10581 17.59606 7.20874 8.10113 26.07416
1.133 17.83863 7.19059 7.77564 26.12077
1.03159 17.85696 6.86317 8.19163 26.11898
1.06015 17.92859 7.3184 7.74858 26.01325
1.22333 17.76905 7.04119 7.78861 26.23537
1.20717 17.50711 7.26388 7.83812 26.23015
1.16379 17.55303 7.15117 8.04468 26.14662
1.09473 17.75091 7.5281 8.07425 25.63899
1.08754 17.8618 6.94178 7.93329 26.2292
1.05787 17.5522 7.29031 7.70351 26.44346
1.05495 17.64861 7.18089 7.85775 26.3134
1.10276 17.45557 7.10276 8.18464 26.22042
1.03879 17.4053 7.39493 8.02688 26.19202
1.04997 17.33498 7.27889 8.12015 26.27147
1.1756 17.37106 7.32366 7.97181 26.23797
1.02492 17.53571 7.25527 7.92734 26.30486
1.01376 17.32697 7.30689 8.06305 26.33427
1.07417 17.34771 7.339 8.10863 26.1808
1.16692 17.47574 7.29885 7.82207 26.28279
0.99664 17.62178 7.22471 7.95352 26.26816
1.06214 17.74448 7.15417 7.8663 26.27413
1.10169 17.55534 7.11632 7.81764 26.48057
1.08429 18.00228 6.98763 7.86807 26.11381
1.15858 17.88803 6.67059 7.8866 26.44638
1.06156 17.7928 6.93517 7.90433 26.35091
1.06201 17.73103 7.06753 7.90295 26.28995
1.07207 17.76833 7.1472 8.16327 25.90329
1.0735 17.54825 7.50119 8.00553 25.94278
1.06979 17.3173 7.23028 7.92702 26.51644
1.06862 17.65825 7.24078 8.13702 25.97059
1.10388 17.3485 7.63181 8.00818 26.02024
1.07512 17.77231 7.12288 7.95803 26.13271
1.16049 17.77231 7.28637 8.06836 25.77923
1.08315 17.68681 7.41385 7.9429 25.95243
0.98438 17.6728 7.40194 8.05324 25.95029
1.07858 17.39447 7.33704 8.09487 26.16339
1.01056 17.60921 7.37489 7.95703 26.10331
1.00893 17.78823 7.11381 7.89511 26.23454
1.04568 17.60418 6.99004 8.24098 26.16859
1.11366 17.66767 7.09738 8.214 25.94965
1.12851 17.5165 7.31934 8.13162 25.95723
1.02641 17.71852 7.20118 8.22178 25.87574
1.08532 17.77854 7.03327 8.23214 25.92696
1.04179 17.56513 7.10359 8.21503 26.13566
1.09027 17.53691 6.9675 7.92484 26.53184
1.12323 17.50084 7.04952 8.20204 26.20692
1.09016 17.93 7.08746 8.10106 25.89052
1.0874 18.10839 7.18631 8.37523 25.3491
1.20968 17.92959 7.42013 7.92001 25.6075
1.21378 17.43399 7.3961 8.25874 25.81239
1.08022 17.49648 7.45476 8.00862 26.04219
1.07873 17.20678 7.5331 7.89642 26.37936
1.24197 17.48776 7.09622 8.09405 26.19447
1.19722 17.76408 7.18269 8.1441 25.7951
1.13253 17.43992 7.27601 8.11044 26.0811
1.14967 17.6161 7.05464 8.36079 25.86961
1.11227 17.69472 6.91521 8.36089 25.97539
1.1978 17.76491 7.23049 8.48333 25.41096
1.1332 18.13488 7.058 8.27103 25.48517
1.13498 17.88409 7.09327 8.06341 25.88761
1.2564 17.22436 7.34306 7.91671 26.32916
1.13555 17.85828 6.68486 8.2249 26.13723
1.09895 17.72236 7.01041 8.27855 25.94123
1.15544 17.51057 7.43701 8.03543 25.94367
1.2437 17.58155 6.88899 8.19185 26.14551
1.12858 17.72356 6.89689 8.42526 25.88853
1.18355 18.15772 6.88853 8.05726 25.78655
1.19637 18.41279 6.71438 8.3203 25.44376
1.15406 17.89546 7.01856 8.10508 25.88554
1.10257 17.51828 6.9427 8.21017 26.2871
1.16612 17.47603 6.70097 8.13557 26.55788
1.11658 17.58278 7.16661 8.08641 26.11992
1.06601 17.5401 7.43113 8.27763 25.75245
1.07756 17.95513 6.8229 8.64135 25.56678
1.06712 17.8295 6.8061 8.49934 25.84965
1.00672 18.01765 6.7515 8.42846 25.83887
1.02697 18.21372 6.62447 8.10755 26.08321
1.04424 17.96204 6.89411 8.20491 26.0006
1.08366 18.26766 6.8077 7.89162 26.00465
1.07461 18.06061 6.95323 8.09184 25.88969
1.09781 17.85369 6.92953 8.21332 25.9658
1.04959 18.16661 6.67548 8.27979 25.88846
0.99114 17.7659 6.88686 8.40328 26.00214
1.02683 17.51902 7.1304 8.21258 26.17006
1.14473 17.92015 7.03485 8.10775 25.85203
0.95578 17.82263 7.45685 8.12375 25.74624
1.0452 17.74582 7.2565 8.13687 25.92625
1.02864 17.7879 7.17981 8.15321 25.94766
1.06468 17.86236 7.42417 8.23248 25.51536
1.12041 17.79685 7.37545 8.48255 25.30014
1.0448 17.51337 7.42155 8.27804 25.83152
1.07503 17.64247 7.33656 8.21593 25.80066
1.17566 17.33196 7.55982 7.75337 26.25653
1.09366 17.33485 7.59036 8.02678 26.04124
1.25693 17.67674 7.26105 8.04173 25.85784
1.13498 17.9405 7.05139 8.07063 25.87376
1.09374 17.91677 6.81178 8.17279 26.08676
1.11227 17.69408 6.88097 7.93948 26.42045
1.10932 17.53869 6.7705 8.28624 26.34027
1.03855 17.82952 7.23846 7.90914 26.0321
1.08609 17.43389 6.83849 8.38526 26.30207
1.05445 17.8915 7.05151 7.83743 26.20814
1.14653 17.62904 7.2365 7.96807 26.06177
1.16787 17.5967 7.14185 8.25722 25.90354
1.08496 17.80971 7.24508 8.19914 25.74643
1.1644 17.72552 7.17071 7.85255 26.18826
1.17166 18.15912 6.7996 8.05096 25.88668
1.141 17.80767 6.83798 8.17013 26.1215
1.14905 17.71116 7.18336 8.21976 25.84376
1.11441 17.5884 7.22845 8.21441 25.92893
1.04942 17.70497 7.32033 7.85746 26.12018
1.01828 17.94214 7.3502 8.01167 25.76436
1.09311 17.68799 7.54734 8.07005 25.70888
1.10656 17.63047 7.20433 8.14831 25.97969
1.03269 17.59793 7.23852 8.16261 26.04993
1.00425 17.87997 7.49158 7.9301 25.75917
1.01909 17.75455 7.23602 7.90473 26.14339
1.00037 17.3333 7.38482 8.06177 26.28267
1.02056 17.80349 7.23717 8.10035 25.92314
1.03246 17.6402 7.33409 8.24535 25.85525
1.13394 17.06653 7.55336 7.97529 26.35737
1.12387 17.8779 7.17211 8.14681 25.76723
1.07329 17.94886 7.37771 7.91066 25.76457
1.12965 17.85472 7.14335 7.90862 26.03935
1.13797 17.77223 7.20034 7.92594 26.04808
1.048 17.71279 6.9587 8.05475 26.2718
1.09801 17.50036 7.45467 7.857 26.13703
1.09341 17.87405 7.08906 8.19815 25.80337
1.05339 17.9538 7.3508 7.83407 25.87799
1.06593 17.61905 7.49484 7.97893 25.92037
1.09056 17.58551 7.24884 8.06419 26.06574
1.15904 17.25445 7.34288 8.05686 26.27103
1.10892 17.51667 7.32917 7.91564 26.23148
1.06833 17.59386 7.02156 8.1279 26.29457
1.06811 17.8623 6.98119 7.95616 26.1986
1.0229 17.72556 6.95405 8.22685 26.15006
1.08758 17.80559 6.9929 8.30736 25.89253
1.06072 17.50677 7.1397 8.49158 25.89079
1.06176 17.65785 6.89888 8.2161 26.21246
1.0232 17.66915 6.95761 8.16533 26.22595
1.13859 17.69262 6.8509 8.18834 26.17148
1.1533 17.48192 7.25279 8.03034 26.14067
1.11538 17.44526 7.03848 8.05215 26.405
1.06345 17.1875 7.56144 7.97755 26.28388
1.10367 17.53845 7.29414 8.03659 26.09935
1.12135 17.532 7.17543 8.13258 26.1162
1.08483 17.88212 7.12773 8.07319 25.90199
1.13879 17.80344 7.33421 7.93452 25.87575
1.05994 17.88332 6.90527 8.05538 26.15808
1.17958 17.92406 6.62071 8.12967 26.20059
1.07635 17.60989 7.01637 7.93922 26.42138
1.16289 17.53049 7.34325 7.69082 26.33802
1.18452 17.50703 7.28406 7.90509 26.19304
1.06339 17.50765 7.23755 8.26022 26.00884
1.1374 17.51188 7.15063 8.38875 25.90585
1.17869 17.42109 7.22962 8.23386 26.01383
1.15084 17.07003 7.17279 8.41681 26.2599
1.05766 17.86344 7.15323 8.17735 25.83708
1.12949 17.80392 7.11645 8.14282 25.85953
1.12786 17.30342 7.19392 8.03079 26.39757
1.09698 17.62628 7.16072 8.29283 25.87439
1.09842 17.95253 6.88295 8.13678 25.98112
1.08785 17.3628 6.96869 8.34473 26.28451
1.04941 17.56066 7.05037 8.29608 26.09108
0.96673 17.53131 7.28825 8.27961 26.00608
1.06043 17.46581 7.42022 8.37243 25.76128
1.09385 17.35786 7.16568 8.50759 25.94501
1.05577 17.63896 7.14782 8.34019 25.8811
1.01276 17.7474 6.80962 8.24345 26.23435
1.02118 17.80838 6.56126 8.38126 26.28671
1.11302 17.98169 6.33606 8.20326 26.40962
1.06925 18.03564 6.64793 8.17839 26.12234
1.14024 17.63372 7.04743 8.0152 26.23365
1.00147 17.5931 7.03058 8.33191 26.10467
1.0361 17.62348 6.91523 8.70351 25.79555
1.01985 17.59451 7.04668 8.6536 25.75715
1.0347 17.44916 7.10929 8.49135 25.99019
1.11051 17.61332 7.03378 8.63043 25.68953
1.01044 17.83392 6.62973 8.41115 26.17095
1.09146 17.51243 6.90344 8.42481 26.12321
1.06552 17.78008 6.95263 8.35232 25.8992
1.0526 17.46319 7.29499 8.12384 26.10133
1.17336 17.8078 7.0645 8.01255 25.99333
1.19903 17.41257 7.44071 7.96533 26.03633
1.1243 17.50516 7.33828 8.05264 26.02128
1.01376 17.69621 7.66768 7.86416 25.8426
1.06848 17.69513 7.51662 8.00591 25.75929
1.07336 17.44831 7.32663 8.03307 26.16293
1.07013 17.77513 7.24326 8.11434 25.84619
1.06052 17.58262 7.17779 8.24329 26.00438
1.02106 17.59702 7.49859 7.89998 26.05045
1.09137 17.66385 7.29844 8.04033 25.97268
1.12471 17.22139 7.05116 8.28802 26.36455
1.13227 17.62938 6.90349 8.32145 26.07541
1.21786 17.49416 7.25725 7.82577 26.25872
1.10272 17.8185 6.94251 8.07447 26.10728
1.13773 17.40619 7.24398 8.32708 25.96402
1.22784 17.78273 7.10227 7.90538 26.03418
1.11092 17.68235 7.12066 7.93191 26.21172
1.16235 17.68439 6.97836 8.02042 26.21095
1.1003 17.61562 6.95456 8.37021 26.00685
1.11776 17.95668 6.78508 8.33123 25.86635
1.07125 18.07261 6.93249 8.4037 25.61911
1.14001 17.54073 7.45971 8.22587 25.71587
1.25829 17.56413 7.1238 8.226 25.90366
1.24643 17.33155 7.40495 8.15333 25.92226
1.07834 17.67814 7.24001 8.05811 26.00046
1.0883 17.61818 6.97586 8.00121 26.36145
1.07215 17.54672 6.96658 8.14419 26.33053
1.09337 17.62362 7.07176 8.18265 26.09309
1.05232 17.509 7.37076 8.02923 26.09707
1.02281 17.55313 7.04364 8.01635 26.4081
1.06046 17.68342 7.20787 8.00237 26.09705
1.11069 17.21103 7.04748 8.23726 26.45009
1.10706 17.79956 6.88725 8.18734 26.13242
1.09252 17.59389 6.73752 8.14382 26.50657
1.11886 17.6243 6.69287 8.20145 26.43548
1.20634 17.74003 6.81156 8.28873 26.00978
1.17119 18.05686 6.91609 7.93121 25.97357
1.17114 17.69017 7.0855 8.35393 25.75315
1.08746 17.73498 7.29422 8.17426 25.764
1.19684 17.67873 7.19876 8.07918 25.90953
1.17301 17.57457 7.15937 8.10627 26.03248
1.15902 17.23843 7.36164 8.0116 26.28113
1.12738 17.51352 7.44291 7.97922 25.99916
1.19431 17.25624 7.2092 7.83309 26.57381
1.24488 17.39406 7.3558 7.70626 26.38819
1.18012 17.58024 7.52406 7.58732 26.21112
1.21541 17.43479 7.20473 8.06881 26.13586
1.09774 17.32591 7.55543 7.90397 26.17076
1.13464 17.88382 7.3649 7.74052 25.93463
1.05375 18.33695 7.08099 7.68114 25.89966
1.12885 17.86287 7.10836 8.01757 25.94082
1.14218 17.6333 7.0236 7.89025 26.35664
1.15293 17.95078 6.72827 7.91982 26.29752
1.15313 17.669 7.03155 7.94976 26.25339
1.15634 17.92307 7.20885 7.90386 25.86235
1.14369 17.87461 6.91193 8.03487 26.07957
1.19401 17.67488 6.99939 8.12927 26.07646
1.0926 17.76399 6.60767 8.24834 26.36275
1.10281 17.86708 6.82061 8.03573 26.22364
1.15165 17.46783 7.08845 8.25939 26.12222
1.12401 17.37409 7.25401 8.56591 25.76552
1.18312 17.63827 6.60309 8.47728 26.1435
1.18542 17.58954 7.07335 8.31432 25.89174
1.1251 17.56662 7.15039 7.94753 26.25708
1.11369 17.50204 7.37946 8.08024 25.99768
1.09301 17.67995 7.05437 8.15621 26.06722
1.05154 17.8172 7.03965 8.105 26.03539
1.16549 17.68321 7.45017 7.94071 25.82472
1.10431 17.85256 7.2042 7.90255 25.9935
1.1221 17.91181 7.44234 7.81793 25.81488
1.19592 17.50532 7.37218 7.9698 26.02847
1.1599 17.38643 7.16185 8.30807 26.03905
1.10927 17.69281 7.0406 8.31184 25.92815
1.02871 17.70159 7.33805 7.9061 26.08336
1.14853 17.73733 7.04482 8.19806 25.92677
1.10654 18.24239 6.94122 7.9934 25.78463
0.98077 17.67462 7.41786 8.08403 25.91637
1.10374 17.42387 7.39549 8.17975 25.98767
1.04693 18.02095 7.12694 7.82288 26.06707
0.99858 17.8744 7.34946 7.87166 25.96215
1.15426 18.02101 7.18574 7.87288 25.8343
1.03794 17.82933 7.05984 7.96622 26.17058
1.10128 17.98689 7.117 7.88061 26.00015
1.07088 17.5292 7.32936 7.8848 26.23698
1.05971 17.85445 7.18452 7.66132 26.29595
1.1394 17.82174 7.48341 7.65481 25.96105
1.10394 17.86537 7.20162 7.80355 26.07062
1.11132 17.94639 7.55856 7.64682 25.80418
1.04647 17.69945 7.5344 7.91074 25.90253
1.07247 17.77712 7.05873 8.17004 25.98751
1.15684 18.23136 6.68192 8.20745 25.77955
1.04523 17.50485 7.48082 8.07542 25.94277
1.20141 17.5382 7.04559 7.54816 26.69927
1.08968 17.54655 7.30252 7.74581 26.37137
1.06472 17.72914 7.13879 7.66777 26.44432
1.05347 17.33022 7.2642 7.61279 26.79131
1.04377 17.18607 7.08871 7.90157 26.83936
1.06454 17.4313 7.26962 7.72863 26.5768
1.03743 17.39277 7.16675 8.0121 26.47388
1.02927 17.47023 7.4969 8.09001 25.99779
1.02344 17.58347 7.30326 7.97484 26.18459
1.06085 17.09289 7.39192 7.82823 26.66478
1.04151 17.57974 7.05156 8.07586 26.30949
1.11255 17.85158 7.08337 8.01027 26.01692
1.06663 17.20533 7.40995 7.92558 26.45155
1.14646 17.47944 7.16618 8.01611 26.24121
1.07721 17.45875 7.3635 7.97843 26.18067
1.05664 17.99972 7.04037 8.07435 25.92091
1.11802 17.68971 7.22427 7.83417 26.22996
1.11497 17.52858 7.38307 8.05102 26.00769
1.11021 17.87019 7.10146 8.08852 25.90536
1.05617 17.24102 7.44236 7.96791 26.3721
1.05976 17.33498 7.83916 7.59054 26.29171
1.03395 17.21568 7.45775 7.85794 26.52109
1.00524 17.41393 7.41512 7.71268 26.52991
1.0647 17.198 7.82357 7.97004 26.07429
0.97947 17.62598 7.15841 8.18256 26.1121
1.06456 17.25915 7.32838 8.11796 26.27966
0.99096 17.91595 7.04705 8.06584 26.04025
1.02295 17.7575 7.059 8.05071 26.16212
1.11619 17.57213 6.93801 8.13221 26.28962
1.05557 17.63352 7.14233 8.13867 26.1073
1.21277 17.80399 6.83315 8.06028 26.1579
1.13315 17.45659 7.18669 8.17746 26.11263
1.14842 17.78845 7.06124 8.04446 26.01452
1.11362 17.92347 7.15349 7.93367 25.94809
1.00399 17.56829 6.99889 7.82072 26.6422
1.09634 17.39783 7.10811 7.69272 26.73992
1.02404 17.26736 7.17795 7.79372 26.77374
1.01043 17.71205 7.11923 7.74245 26.47958
1.14321 17.70722 6.90955 7.8835 26.41303
1.04338 17.7139 6.94367 7.58053 26.76194
1.04574 17.87807 7.00525 7.58804 26.526
1.15834 17.50886 7.12697 7.64758 26.621
1.11633 17.61531 6.98879 7.72606 26.59282
1.09939 17.96671 7.09446 7.59726 26.29031
1.04137 17.77751 7.34955 7.58484 26.30054
1.05643 17.53458 7.61856 7.64615 26.19691
0.96596 17.61656 7.07726 7.68228 26.698
0.96948 17.34916 7.55109 7.99009 26.22777
1.0192 17.89514 7.23839 7.99687 25.96008
1.03805 17.7503 7.42454 7.98584 25.87278
1.03767 17.49095 7.2408 7.9382 26.35671
1.04584 17.68506 7.12336 7.91863 26.28088
1.06335 17.93008 7.0081 8.08942 25.95891
1.08559 17.85185 6.99372 7.83649 26.28539
0.99895 17.61893 6.98979 7.62998 26.79874
1.00795 17.65786 6.91794 7.88504 26.57649
1.00712 17.60511 7.00265 8.03705 26.40521
1.0564 17.96629 6.91545 7.71032 26.39186
0.96524 17.93295 7.15614 7.84484 26.15345
0.99928 18.00997 7.35252 7.72072 25.9697
1.04692 17.83337 7.28503 7.88576 26.01312
1.00828 17.61979 7.67516 7.63176 26.14473
1.00631 17.69256 7.68057 7.66379 26.02868
1.10602 17.2495 7.70566 7.87947 26.13886
1.0493 17.52726 7.20114 7.97706 26.2987
1.11397 17.37246 7.68822 7.98163 25.91447
1.14983 18.1784 7.3973 7.7145 25.64539
1.01772 18.07308 7.19507 7.6898 26.0767
0.99132 17.93546 6.95934 8.03532 26.15322
1.03674 17.74296 7.00199 8.00244 26.28159
1.03157 17.88728 7.02125 7.6793 26.45492
1.09402 17.58851 7.19336 7.60678 26.57421
1.00847 17.43537 7.46953 7.63765 26.52198
1.08013 17.34132 7.22949 7.78647 26.62056
1.03339 17.69239 7.54934 7.64448 26.14516
1.10697 17.65697 7.5663 7.81162 25.97475
1.07786 17.89771 7.00789 7.998 26.09605
1.06019 17.65457 7.23914 7.90484 26.2112
1.06746 17.52815 7.30693 7.65864 26.50038
1.14264 17.43108 7.17714 8.02709 26.28974
1.1589 17.40131 7.42385 7.88631 26.19242
1.11652 17.6571 7.33589 7.84499 26.10193
1.02396 17.63052 7.51369 8.02359 25.86759
1.07974 17.7619 7.24307 8.2133 25.7706
1.08544 17.67308 7.05354 8.32693 25.93244
1.11911 17.57447 6.89599 8.50591 25.96504
1.00334 17.82241 6.71067 8.40486 26.11832
1.09023 17.95942 6.96544 8.14764 25.89444
1.074 17.86391 6.78377 7.94578 26.38607
1.12207 17.72784 6.99767 7.80479 26.39125
1.06412 17.54637 7.34234 7.91422 26.20641
1.06403 17.20458 7.19229 7.90069 26.69404
1.12662 17.67606 6.67771 8.21295 26.3684
1.11178 17.41646 6.89621 8.04784 26.57427
1.17845 17.41084 6.99359 7.84086 26.61463
1.16494 17.49579 7.17256 7.89328 26.31075
1.09144 17.43627 7.08549 8.08392 26.33687
1.15678 17.27901 7.21259 8.05913 26.32678
1.04213 17.61281 6.91586 8.24057 26.23334
1.09487 17.85114 7.1239 8.26059 25.75105
1.0538 18.05418 6.93155 8.07551 25.96025
1.09053 18.14556 6.89828 8.15295 25.80105
1.03251 17.7626 7.26909 8.09851 25.95347
1.07763 17.57282 7.2515 7.95308 26.23267
1.08352 17.96638 7.10264 8.08944 25.80674
1.19754 17.72691 7.16982 8.18971 25.81708
1.08812 17.63558 6.94268 8.26345 26.13334
1.12263 17.65698 6.89561 8.38691 26.00997
1.13221 17.62849 6.98225 8.25744 26.05479
1.08269 17.48233 7.2513 8.31052 25.93706
1.10827 17.53067 7.19789 8.39172 25.86463
1.09333 17.45096 7.10628 7.82643 26.58436
0.98282 17.5086 7.12553 8.03084 26.42842
1.02627 17.66738 7.2795 7.92359 26.18547
0.98449 17.42472 7.27089 8.00311 26.38813
1.11739 17.49992 7.50938 7.66572 26.2636
1.18639 17.71179 7.61603 7.6727 25.89334
1.21234 17.89255 6.80756 7.89361 26.24934
1.15081 17.53495 6.99287 7.71901 26.65145
1.1887 17.57083 7.01518 7.92787 26.36252
1.17818 17.3044 7.6575 7.9033 26.03146
1.12446 17.46457 7.65241 7.67913 26.15481
1.14907 17.49326 7.35143 7.86597 26.18977
1.14967 17.65744 7.04823 8.10875 26.09034
1.17161 17.36345 7.09709 8.15072 26.27406
1.09062 17.482 7.26899 8.07327 26.13638
1.07475 17.61528 7.4375 7.84424 26.07616
1.15931 17.36331 7.40852 7.93024 26.18042
1.05527 17.31815 7.31878 8.15919 26.20851
1.01757 17.94308 7.07057 8.30559 25.7358
1.12133 17.85218 7.10909 7.97401 25.99992
1.22055 17.48915 6.8479 8.16015 26.34171
1.17139 17.52886 7.00891 8.26268 26.10436
1.07178 17.62034 7.04408 8.19994 26.11173
1.13632 17.48088 7.31717 7.93763 26.18433
1.12744 17.53887 7.35881 7.85431 26.17525
1.12775 17.43032 7.26059 8.34742 25.9141
1.1702 16.97829 7.528 8.19326 26.18294
1.21329 17.73941 7.12537 8.00668 25.96074
1.24404 17.74249 7.1797 7.96817 25.92545
1.15587 17.86741 7.24646 7.8026 25.99912
1.12716 17.6785 7.14207 7.6637 26.45899
1.15781 17.43039 7.31536 7.69248 26.50692
1.16302 17.8624 7.14143 7.56746 26.35077
1.12731 17.87111 6.93843 7.77515 26.35653
1.22678 17.8367 6.96601 7.81584 26.23819
1.17535 17.4737 7.20789 7.87223 26.33755
1.10005 17.63099 7.49878 7.73132 26.13544
1.11255 17.92119 7.22809 7.91676 25.92167
1.09127 18.07704 7.12035 8.02971 25.77778
1.11108 18.11727 6.92784 7.75563 26.16645
1.15378 17.99301 7.05976 7.6539 26.20561
1.08323 18.09367 7.33781 7.68559 25.86406
1.21681 17.95228 7.17916 7.73018 25.98707
1.21399 17.72475 7.03654 7.87539 26.22209
1.1647 17.3248 7.3606 7.9609 26.24546
1.14772 17.09824 7.38718 8.15778 26.26591
1.15344 17.38946 7.53867 7.98081 26.03061
1.15195 17.34391 7.54068 7.84638 26.18474
1.15022 17.7605 7.23116 7.78922 26.13259
1.1736 17.8242 7.01846 7.9445 26.0921
1.27327 17.9021 6.84628 8.04677 26.01023
1.13424 17.74292 7.361 7.74337 26.09691
1.2495 17.30316 7.28582 8.01711 26.21249
1.09339 17.24815 7.36297 7.92307 26.41471
1.12007 17.41187 7.11433 7.68293 26.71465
1.11884 17.67109 7.14212 7.61493 26.50801
1.17144 17.36562 7.34317 7.73017 26.45615
1.12055 16.81217 7.21515 8.26441 26.66399
1.08009 17.78382 6.92994 7.88709 26.41536
1.15368 17.71759 7.21093 7.7427 26.28586
1.06078 17.54825 7.37505 7.71013 26.36861
1.15234 17.57696 7.12753 7.97684 26.23327
1.13216 17.49467 7.32856 7.93031 26.1816
1.13964 17.53461 7.04396 7.78975 26.55491
1.09541 17.70023 7.03462 7.84404 26.39573
1.27532 17.43477 7.08613 7.6476 26.59542
1.26265 17.52701 7.00393 7.82453 26.4294
1.17946 17.45102 6.91138 7.80569 26.67776
1.1314 17.38884 7.21893 7.74403 26.54577
1.17766 17.65765 6.99466 7.71708 26.49004
1.13945 17.52965 7.14883 7.83465 26.39664
1.1385 17.77892 6.95953 7.86391 26.31971
1.12593 17.73983 7.30788 7.65189 26.23113
1.12063 18.00839 7.228 7.67721 26.02231
1.16818 18.03805 7.1236 7.3032 26.4303
1.17089 17.83867 6.94763 7.58049 26.57063
1.11818 17.57391 7.01515 7.90663 26.47163
1.06665 17.7446 7.3306 7.76679 26.15508
1.16222 17.50038 7.43549 7.68073 26.28187
1.24876 17.43146 7.52661 7.71331 26.1469
1.17125 17.40983 7.42267 7.76256 26.29182
1.20627 17.2317 7.55222 7.96692 26.11832
1.12412 17.49417 7.10932 7.9011 26.41867
1.11681 17.7895 7.10164 7.67749 26.38391
1.09052 17.70552 6.88934 7.71086 26.64223
1.12752 17.5627 7.23968 7.68089 26.43043
1.19652 17.38513 7.24115 7.78812 26.44916
0.96718 17.50647 7.43395 7.91995 26.2235
1.03049 17.53915 7.32545 8.11867 26.05015
1.05509 17.82846 6.91419 8.01906 26.25081
1.02752 17.53236 7.33562 7.87837 26.29971
1.01152 17.48004 7.38329 8.03239 26.16941
1.04276 17.5653 7.31798 7.96953 26.16965
1.08308 17.86655 7.39683 7.73836 26.00844
1.04049 17.49094 7.33134 7.85239 26.35167
1.04635 17.87861 7.15128 7.89466 26.1084
1.10056 17.77861 7.04403 7.89925 26.23812
1.17608 17.67005 7.49072 7.58625 26.1399
1.04655 17.78694 7.43425 7.75721 26.06625
1.02122 17.76848 7.2143 7.90108 26.17697
1.01124 17.67116 7.07423 8.16558 26.1333
1.14229 17.3677 7.18031 7.76314 26.60093
0.99665 17.68386 7.02699 7.89291 26.45146
1.11742 17.99463 6.92869 8.04343 25.95919
1.06636 17.57986 7.04782 8.04166 26.29982
1.09368 17.6688 6.84397 7.98132 26.44809
1.09045 17.73964 6.85494 8.03426 26.33102
1.0552 17.54251 7.21595 7.99784 26.25108
1.07227 17.39405 7.25578 8.08039 26.25194
1.02895 17.59891 7.15056 7.93954 26.33744
0.9258 17.64584 7.07023 7.87431 26.52836
0.9376 17.67858 7.29838 7.81122 26.31376
0.98794 17.77219 7.21584 7.93929 26.14917
0.99549 17.72863 7.21131 8.19987 25.95846
1.0427 17.87934 6.9446 8.16158 26.03898
1.09039 17.60613 6.90224 8.11832 26.33933
1.11444 17.61342 7.23611 8.26291 25.84334
1.17784 17.44968 7.2053 8.28775 25.93361
1.09234 17.74749 7.34044 8.00653 25.8731
1.0044 17.8303 7.6556 7.75217 25.81895
1.10786 17.91744 7.09101 7.94049 26.00598
1.13256 17.53821 7.4684 8.16861 25.77741
1.06293 17.90788 7.14149 7.89062 26.06607
1.06393 17.69631 7.5622 7.6452 26.10946
1.10563 17.70367 7.25808 7.89191 26.10654
1.08758 17.65359 7.20352 8.31305 25.80707
1.06056 17.75488 6.77977 8.3864 26.06865
1.09754 17.59948 7.04993 8.32582 26.00248
1.12973 17.78958 6.80219 8.29694 26.07397
1.03893 17.90768 6.73538 8.10711 26.27925
1.10758 17.8748 6.87554 7.90663 26.29699
1.20979 17.94808 6.93589 7.71909 26.25974
1.1753 17.69588 7.12321 7.96113 26.1159
1.1082 18.08135 7.2885 7.9925 25.60567
1.07783 18.14155 7.20172 7.91745 25.71015
1.29293 17.6738 6.91477 7.94065 26.23722
1.10434 17.3201 7.24746 8.16472 26.25765
1.08889 17.62284 7.40794 7.96194 26.00475
1.14757 17.4963 7.32212 8.03421 26.08532
1.08993 17.6767 7.46068 8.19324 25.67341
1.10239 18.15528 6.90091 8.26096 25.66642
1.06092 17.71865 6.99455 8.02569 26.24301
1.08113 17.80717 6.78357 8.12659 26.2573
1.06491 17.77031 7.04226 8.02963 26.14454
1.1021 17.28452 7.12069 8.32543 26.24847
1.04431 17.63935 7.17859 7.84966 26.36773
1.1387 17.63252 6.82699 7.97929 26.48903
1.09111 17.78441 6.77125 8.09644 26.32726
1.08908 17.54607 6.9463 8.20239 26.28787
1.06612 17.35325 7.05762 8.25282 26.33012
1.11913 17.95817 6.77021 8.12248 26.08518
1.02737 17.40638 7.23399 8.17187 26.2392
1.07441 17.4399 7.05613 8.08721 26.41764
1.07613 17.67953 6.97438 8.20349 26.13225
1.21059 17.09421 7.15314 8.43208 26.21346
1.1266 17.44472 7.40801 8.11047 26.00196
1.04348 17.13418 7.88524 8.14273 25.88368
1.06009 17.60677 7.26346 8.2282 25.93226
1.07311 17.502 7.17417 8.4877 25.86937
1.12632 17.65506 7.14183 8.52246 25.67662
1.09478 17.72199 7.16634 8.20537 25.89658
1.13217 18.38262 6.89429 8.39829 25.28329
1.19011 17.61025 6.90121 8.57231 25.79835
1.16479 17.73089 7.25657 8.58203 25.37731
1.11271 17.88202 7.27877 8.38932 25.45079
1.0927 17.87048 7.19271 8.37211 25.55177
1.12805 18.12626 7.12291 8.57914 25.14607
1.28345 17.75247 6.70964 8.83344 25.50119
1.20069 17.90009 7.08641 8.84729 25.06621
1.16209 17.81966 6.97482 8.22291 25.88223
1.07094 17.49056 7.32593 8.32185 25.85293
1.0965 17.62937 7.00233 8.48409 25.85633
1.00179 17.62904 7.40553 8.37872 25.66746
1.05496 17.86066 6.72911 8.58423 25.83748
1.11672 17.34919 7.20423 8.52188 25.89468
1.1053 17.75109 7.2274 8.38117 25.61724
1.09247 18.11267 7.13434 8.19363 25.54624
1.17559 17.40966 7.57499 8.11581 25.79071
1.14866 17.77812 6.94434 8.16943 26.01642
1.07203 18.0686 6.47512 8.31284 26.11467
1.11642 17.37557 7.20654 8.01836 26.34611
0.99597 17.89846 6.96169 8.31253 25.89226
1.02171 17.5837 7.32867 8.36276 25.7877
1.05408 17.73638 7.20262 8.47208 25.62502
1.02087 17.72613 7.03914 8.38882 25.88996
1.14666 18.1925 6.86785 8.34704 25.53097
1.00842 18.03226 6.97505 8.17911 25.86593
1.17552 17.73432 7.06592 8.06848 26.03927
1.05249 17.59436 7.12114 8.31075 26.00546
1.04696 17.61645 7.13087 8.30227 25.9829
1.08035 17.62858 7.15102 8.32563 25.89967
1.10194 17.4723 7.27514 8.42231 25.80616
1.03967 17.33271 7.47421 8.51754 25.70064
1.20547 17.36049 6.9893 8.64781 25.87475
1.13322 17.90481 7.08286 8.13824 25.81743
1.10111 17.58927 7.23838 8.39626 25.76368
1.17889 17.94093 6.92205 8.18261 25.85353
1.17526 17.65626 7.25785 8.04024 25.94818
1.10219 17.50766 7.29768 8.05526 26.09938
1.08442 17.71871 7.09978 8.14108 26.01467
1.07903 17.51388 7.41052 8.30136 25.76069
1.08464 17.72331 7.06235 8.40609 25.781
1.11449 17.39718 6.9043 8.4361 26.19944
1.14136 17.61131 6.64751 8.36126 26.28198
1.11729 17.60883 6.72945 8.35376 26.24774
1.11081 17.36481 7.02287 8.20441 26.354
1.04303 17.50481 7.2677 8.15665 26.08488
1.05188 17.71084 7.07405 8.2178 26.00617
1.00201 17.42572 7.38924 8.28618 25.97611
1.03574 17.61164 6.96715 8.28445 26.17241
0.94787 17.55498 7.23649 8.08148 26.24635
1.05145 17.98454 6.86963 8.03892 26.112
1.02873 17.76114 6.9231 7.88545 26.45311
0.98265 17.60757 6.79072 8.12636 26.53666
1.02951 17.85595 6.61076 8.34837 26.20535
1.12128 17.48116 7.41549 8.13178 25.95408
1.11378 17.50517 7.6168 7.93238 25.93408
1.11983 17.7567 7.02216 8.18789 25.97259
1.0506 18.02783 6.68406 8.00563 26.28195
1.09089 17.68586 7.00376 8.23881 26.05206
1.08584 17.83134 6.91904 7.95647 26.26365
1.05273 17.92778 6.7475 8.17076 26.1432
1.09906 17.6699 6.93651 8.1753 26.18128
1.03867 17.72512 6.8017 8.28202 26.19134
1.04043 17.95691 7.01088 7.89464 26.13512
0.97103 18.08823 6.94052 8.1955 25.8768
0.95899 17.8524 6.94966 8.25139 26.05057
0.99829 17.48432 6.94192 8.42493 26.23537
1.0456 17.76828 6.889 8.41957 25.96645
0.98979 17.8189 6.77696 8.36946 26.10035
0.94391 17.86107 6.85275 8.33713 26.05417
0.9239 17.58966 6.78106 8.13946 26.60994
0.94403 17.80108 6.81088 8.45738 26.04571
1.06309 17.91186 7.03772 8.13375 25.92859
1.04185 17.80355 7.22205 8.17521 25.81797
1.012 18.11785 6.93009 8.34531 25.64935
1.04304 17.47811 7.4246 8.03741 26.07473
1.08633 17.73106 7.15259 8.23752 25.85848
1.01604 18.11219 7.26804 8.09543 25.5748
1.03942 17.79825 7.04886 8.30304 25.85995
1.05645 18.0067 6.8838 8.23816 25.86582
1.04027 17.63508 6.74925 8.61635 26.00598
1.06555 17.16083 7.06043 8.62735 26.14906
1.07763 17.51101 7.17051 8.40875 25.89905
1.16666 17.54449 7.08286 8.55906 25.71364
1.0521 17.6154 7.06994 8.58896 25.75598
1.06981 17.70367 7.42681 8.56041 25.36626
1.04624 17.39222 7.24349 8.88543 25.5306
1.02834 17.89976 7.28655 8.3353 25.55888
0.97774 17.59221 7.44649 8.52389 25.57985
1.07281 17.65064 7.33129 8.38582 25.65716
1.08579 18.20361 6.91198 8.13173 25.76379
1.04493 17.79131 6.97004 8.39623 25.88179
1.0653 17.7332 7.03829 8.69955 25.57528
1.06484 17.65756 6.96318 8.73629 25.66477
1.10403 17.54465 6.98911 8.5063 25.9378
1.05808 17.56773 6.93439 8.6796 25.85464
1.12596 17.41455 6.83429 8.53793 26.18292
1.09366 17.28035 7.00772 8.50413 26.18289
1.16897 17.63544 6.75274 8.29466 26.19332
1.13925 17.66479 6.99045 8.46532 25.80339
1.11736 17.341 7.45893 8.10579 26.02629
1.08678 17.4398 7.29046 8.42754 25.84293
1.11948 17.43373 7.16492 8.78644 25.66347
1.07898 17.34269 7.43523 8.64512 25.58813
1.06643 17.55976 7.08279 8.59071 25.76093
1.0885 17.60223 7.49636 8.2593 25.63937
0.98182 17.61056 7.40169 8.33597 25.73563
1.00711 17.58405 7.28174 8.58512 25.59589
1.11765 17.71324 7.3008 8.26546 25.65727
1.04979 17.64952 7.34309 8.53305 25.49529
1.02875 17.72146 7.13305 8.5409 25.65125
0.97723 17.92277 7.05701 8.24515 25.86572
1.06306 17.15736 7.26041 8.40263 26.18973
1.0014 17.51595 7.06983 8.21855 26.24306
1.08879 17.6041 7.03465 8.08166 26.25751
0.93977 17.84115 6.97232 8.30073 25.9948
1.00815 18.12697 6.77954 8.17378 25.97888
0.98606 17.73287 7.21194 8.3456 25.78088
0.92766 18.00472 7.13992 8.49276 25.51961
1.06286 17.8028 6.8301 8.41718 25.94976
1.01666 17.6126 6.69705 8.91261 25.82444
1.04453 17.8183 7.03339 8.29744 25.85917
1.05652 17.90524 7.0523 8.17538 25.86446
1.0512 17.78032 7.00547 8.57948 25.64548
1.12141 17.45794 7.15596 8.41055 25.90743
1.08162 17.37147 6.94978 8.32793 26.30643
1.05126 17.52733 7.36116 8.48164 25.64223
1.02853 17.32438 7.06179 8.36865 26.27227
1.04094 17.46271 7.09237 8.25167 26.20537
1.11995 17.82015 7.0606 8.16445 25.88344
1.06882 17.64392 6.95811 8.46672 25.92534
1.04485 17.80415 6.7679 8.56135 25.8839
1.10919 17.77329 6.81654 8.63371 25.72367
1.04322 18.06025 6.94539 8.47185 25.55158
1.12046 17.92303 7.20672 8.34378 25.51043
1.07545 17.88479 7.11407 8.06243 25.96545
1.04549 17.61538 6.97327 8.4026 26.03359
1.10622 17.76119 6.58383 8.29202 26.31618
1.06872 17.82527 7.06137 8.07358 26.04218
1.07737 17.85103 6.93449 8.1101 26.09032
1.05978 17.7512 6.98508 7.9924 26.26047
1.01388 17.37413 7.34518 8.27118 26.06451
1.07194 17.65483 6.84018 8.33371 26.15845
1.13793 17.3748 6.91589 8.3228 26.29321
1.08642 17.32353 7.11952 8.30375 26.21209
1.15894 17.15042 7.34794 8.33006 26.05758
0.95939 17.84719 7.11343 8.2417 25.8952
1.03619 17.34246 7.40443 8.30357 25.9656
1.03859 17.37542 7.14349 8.20387 26.28261
1.03586 17.29959 7.41401 8.13677 26.18373
1.06877 17.71621 7.44635 7.73096 26.1151
1.06674 17.62944 7.51933 8.1146 25.75875
1.02033 17.14766 7.61341 8.11317 26.17076
0.97045 17.59183 7.3553 8.2531 25.89925
1.0645 17.41394 7.26166 8.22905 26.08348
1.1265 17.38048 6.85307 8.60612 26.07206
1.07622 17.58093 7.0643 8.20457 26.1234
1.08602 17.48833 6.84626 8.14589 26.48838
1.10655 17.56001 7.15146 8.15278 26.08034
1.07691 17.49563 7.15633 8.23492 26.0903
1.14741 17.55194 7.17586 8.02838 26.14612
1.06067 17.80878 7.16038 7.87069 26.15053
1.03235 17.4402 7.00464 7.93891 26.62763
1.02354 17.83211 7.0437 8.03233 26.12385
1.07497 17.5265 7.02946 8.08986 26.34601
1.07958 17.76123 7.06451 8.09661 26.06255
1.0715 17.41371 7.1759 8.25597 26.13795
1.09341 17.47005 7.11089 8.25218 26.12149
1.03218 17.48068 7.03358 8.39032 26.12417
1.04635 17.85388 6.77304 8.39114 25.99756
1.14835 17.49075 6.97738 8.16342 26.28638
0.99894 17.6311 7.09637 8.30017 26.0473
1.10694 17.20538 7.39847 8.228 26.13845
1.1321 17.05295 7.49811 8.28093 26.09659
1.10366 16.89583 7.73166 8.09007 26.26256
1.17269 17.64888 7.12509 8.17793 25.94659
1.08632 17.53017 7.09745 8.08552 26.25206
1.22384 17.50732 7.34496 8.09704 25.92308
1.06209 17.52917 7.17303 8.33026 26.00532
0.98898 17.93042 7.04202 8.0286 26.08522
1.07823 17.55676 6.68966 8.31916 26.41603
1.16934 17.73545 6.95601 8.0948 26.09103
1.1701 17.51054 7.17505 8.2458 25.96555
1.22428 17.39992 7.21106 7.98548 26.25121
1.09597 17.8177 7.0328 8.01371 26.09671
1.19159 17.97367 6.78995 8.01898 26.08873
1.13933 17.69608 6.91122 7.9804 26.33034
1.12101 17.73975 6.9292 8.07989 26.20133
1.08637 17.60786 7.16329 8.10985 26.08842
1.15701 17.3944 7.29636 7.91917 26.30097
1.12547 17.60144 7.26855 8.08781 25.98164
1.16035 17.66027 7.08326 8.18428 25.95886
1.10103 17.78933 7.14377 7.97997 26.03126
1.05351 17.26499 7.39372 8.33223 26.01457
0.982 17.44242 7.45 8.40497 25.82231
1.04196 17.5518 7.04454 8.27594 26.13914
0.94805 18.04138 6.79437 8.28475 25.98211
1.07551 17.87726 6.92979 7.92526 26.24938
1.07165 17.77936 6.90959 8.14384 26.14846
1.14776 17.4062 6.75601 8.3842 26.35944
1.08423 17.81104 6.90534 8.06307 26.20586
1.06328 17.29803 7.23552 7.93235 26.5246
1.10471 17.60556 6.98839 8.13584 26.22546
1.08109 17.54763 7.41168 8.12178 25.92566
1.04128 17.97923 6.9244 8.05116 26.05486
1.09346 17.6603 7.1634 7.96227 26.18428
1.05148 17.55609 6.95115 8.09099 26.40545
1.06782 18.01507 7.04993 7.8847 26.0862
1.09671 18.12095 7.13314 7.69371 26.01236
1.07966 17.8856 7.21003 8.09171 25.78812
1.03908 17.64477 7.37519 8.13936 25.85382
1.20231 17.37687 7.26701 8.04847 26.15764
1.08918 17.22184 7.41824 8.29947 26.01667
1.16003 17.41294 7.10989 8.10033 26.27635
1.10223 17.53556 7.34821 7.9871 26.12056
1.08646 17.41482 7.16357 7.7223 26.66719
1.0753 17.70714 7.30629 7.57252 26.39627
1.02426 18.00288 7.11959 7.73578 26.20587
1.08946 17.72031 7.03667 7.88624 26.3538
1.05834 17.91912 7.50275 7.82908 25.80106
1.06897 17.8059 7.477 7.8352 25.9236
1.06208 17.86493 7.2724 8.1913 25.69414
0.99998 18.13279 7.11447 8.28036 25.60496
1.01169 17.74459 7.19593 8.13715 26.01582
0.98613 18.12916 7.0898 8.22342 25.65181
0.9922 17.69885 7.08505 8.41617 25.85905
1.1149 17.97862 6.78701 8.30119 25.89222
1.008 18.1375 6.7647 8.05012 26.08914
