"V1" "V2" "V3" "V4" "V5"
1.32947 22.60858 4.03284 2.37603 29.67884
1.11012 23.24673 3.94973 2.62715 29.08655
1.00596 24.47191 3.06015 2.7609 28.71719
1.05879 22.77573 2.85561 3.00132 30.31998
1.13767 22.43408 3.32744 3.22007 29.89701
0.98001 24.49219 3.92952 3.32611 27.31715
1.20893 22.99848 2.87448 2.99348 29.93725
1.05255 22.89947 2.877 3.36117 29.82576
1.03833 23.05082 3.07177 3.36357 29.48975
0.94954 23.7694 2.94767 3.72573 28.62867
1.12342 22.62289 3.27427 2.75821 30.2337
0.96474 23.48537 3.13915 3.1841 29.24105
0.96163 24.48552 3.85848 2.7665 27.95563
0.77913 24.32518 4.69678 2.89352 27.34243
0.67976 23.21742 5.02319 3.04773 28.06524
0.75789 23.00018 4.42566 2.99199 28.84311
0.73168 22.37237 3.70098 3.57658 29.63805
0.78874 23.37167 3.35324 2.68539 29.81305
0.91417 23.08784 3.74037 3.07214 29.20417
0.68875 21.77393 4.31954 2.65683 30.57103
0.58174 23.73406 3.27258 2.42194 30.00191
0.84825 23.70854 3.35484 2.77418 29.32927
0.87017 23.7094 3.73457 3.10871 28.59521
0.81361 24.18716 4.2954 3.17412 27.5591
0.70828 21.17606 3.69712 3.27413 31.14943
0.68674 22.55206 3.47261 3.78041 29.5175
0.75385 23.38592 3.34667 3.33257 29.19593
0.62517 23.17414 3.80365 3.18422 29.23284
0.83006 24.43929 3.55663 2.60938 28.58315
0.78768 22.26741 3.8385 2.54694 30.58227
0.90872 22.48973 4.0516 2.60301 29.97059
0.69695 22.51102 3.64511 3.53018 29.62951
0.82415 22.9176 2.71606 3.61163 29.94083
0.67732 22.28079 3.04505 2.91026 31.09775
0.6116 23.56178 3.3071 3.20877 29.32736
0.48825 23.14115 3.48631 2.54836 30.34487
0.71966 22.04076 3.23519 2.99867 31.01303
0.81276 23.14703 3.10237 3.25291 29.6957
0.62144 23.23267 4.16644 3.64391 28.35843
0.74169 23.7105 3.32709 3.29468 28.94209
0.71189 21.44417 3.63408 2.67668 31.54014
0.65368 23.40641 3.53186 3.19993 29.22689
0.71382 22.03473 3.89289 3.54356 29.8313
0.72527 22.44853 3.3797 3.26178 30.19296
0.80144 21.524 3.59765 3.06906 31.01613
0.76332 22.13459 3.83982 3.58669 29.68921
0.80358 22.95218 3.63619 3.15606 29.46698
0.6523 21.72785 3.13397 3.25705 31.23435
0.73589 21.47154 2.73525 2.71424 32.34798
0.75867 21.38343 3.13668 2.73065 31.99599
0.79877 22.41823 3.28038 3.34365 30.16677
0.78161 22.08787 3.06128 3.9874 30.09009
0.81531 22.46044 2.82064 4.23338 29.67868
0.77027 22.1038 3.18738 3.94978 30.00225
0.7628 21.93662 3.32345 4.5288 29.46266
0.93111 22.97297 2.67912 3.4303 29.99786
0.78018 22.27569 2.87827 3.42073 30.65563
0.86296 21.72182 3.04995 4.10504 30.2727
0.90888 22.5097 3.67774 4.31153 28.61989
0.81204 22.41116 3.77485 4.96318 28.07313
0.73385 20.48235 4.23772 4.91907 29.64909
0.66653 22.17525 3.45232 4.66069 29.06304
0.73621 22.13491 3.17616 3.21795 30.74255
0.85192 22.98594 2.80631 3.59078 29.77892
0.64144 21.40241 2.58885 3.33838 32.03742
0.96298 21.63429 2.96784 3.51028 30.93849
0.72492 21.77796 3.51007 3.41805 30.58318
0.82699 22.54138 3.32182 3.48342 29.84037
0.97566 21.67772 3.96252 3.49143 29.90974
0.92176 22.32007 4.09623 3.80607 28.87575
0.92555 22.48043 4.47302 3.46933 28.67277
0.67492 21.77044 3.97251 3.44652 30.14846
0.69455 21.18488 3.56144 3.47507 31.09651
0.93486 20.48541 4.06738 3.21371 31.30747
0.93053 22.35234 3.34507 2.95782 30.42601
0.85065 23.23013 3.06665 3.22741 29.64337
1.07011 22.21001 3.30317 3.55304 29.88141
0.96552 22.19007 3.19648 3.61816 30.04122
0.6838 22.83956 3.10215 3.63987 29.75357
0.75573 21.97407 2.66661 3.29478 31.32099
1.08143 22.89823 3.09099 3.45637 29.49402
1.12498 23.19747 2.83733 3.27551 29.58565
0.98089 21.6178 2.9696 3.17632 31.26649
1.37517 22.72461 2.91283 3.13262 29.87338
1.00985 22.87098 3.0239 3.63619 29.48335
1.00146 22.20911 2.5843 3.42774 30.79275
0.64625 22.00664 2.67404 4.2059 30.48131
0.99733 21.50451 2.46645 3.78521 31.26042
1.05476 22.73554 2.37264 3.83269 30.03179
1.00428 22.76986 2.63618 3.87371 29.74362
0.98161 21.7152 3.19273 3.77437 30.36392
0.79546 21.98017 3.38058 3.12701 30.7318
0.892 22.66111 3.95751 2.7774 29.73336
0.71771 22.72758 4.07089 2.51365 29.99127
0.75076 21.00958 3.53645 2.76782 31.94625
0.78691 21.21767 2.75741 2.81022 32.43847
0.75689 23.56018 3.35769 2.94582 29.40432
0.92772 22.87637 3.18617 2.99124 30.03867
1.05584 22.4449 4.02669 2.9573 29.53242
0.95765 23.86458 4.07877 3.2103 27.91277
0.96659 23.07485 3.54738 3.36512 29.06189
0.85744 21.70652 3.20016 3.48306 30.76625
0.90353 22.36414 3.31446 4.2633 29.17975
0.96247 21.84861 2.83507 3.57433 30.78921
0.79856 23.23141 2.68199 3.34727 29.95981
0.88873 22.15696 3.42115 3.53702 30.01249
0.95085 23.47865 3.23026 3.1514 29.21149
0.98194 23.92289 3.55046 3.33424 28.23435
0.77281 24.35596 4.14245 3.34914 27.42933
0.84344 22.25819 3.3285 3.30126 30.28757
0.86774 23.38226 2.8197 2.4359 30.50412
0.86492 22.10759 2.74674 2.37452 31.9167
1.04649 23.23381 3.09818 2.71405 29.92142
0.92113 23.51516 3.75538 2.85496 28.96982
0.93435 23.13944 4.03096 3.17818 28.74099
0.91919 23.35769 3.765 2.75628 29.21786
0.85322 22.74413 3.4092 3.34308 29.66393
0.82976 21.42768 3.32429 2.67694 31.75007
0.93465 21.76958 3.99999 2.80151 30.50412
0.86284 22.06778 3.8805 3.98054 29.22694
0.86539 22.24708 3.90665 3.28191 29.71369
1.1661 22.99374 3.62664 3.25422 28.97494
1.00297 24.31722 3.11287 3.10382 28.48487
1.03277 22.30309 3.89946 3.59312 29.20129
1.00198 22.31422 3.3117 4.1469 29.24981
1.18318 21.74177 4.12131 3.32925 29.64826
1.11453 22.26457 4.3229 2.98695 29.33058
1.14845 22.02895 4.40506 2.69177 29.73819
0.89962 20.71944 4.49803 3.07065 30.8237
1.05489 21.82657 4.15388 3.57093 29.40799
0.96259 21.86015 3.69377 2.88846 30.60211
0.962 20.84264 3.44733 3.0702 31.68545
0.69317 22.39227 2.69785 3.40652 30.82382
0.80979 20.73909 2.79358 3.44551 32.21995
0.83441 22.06984 3.44882 4.32491 29.33925
0.70938 21.81149 3.18485 3.55751 30.74673
0.9883 22.01325 3.38712 3.69479 29.93272
0.77485 22.75541 3.15786 3.59111 29.74248
1.11015 22.28819 3.64539 3.36124 29.61911
1.09754 21.95783 3.811 3.46065 29.69745
1.05067 22.02261 3.42156 2.91629 30.6011
1.12766 24.20879 3.79983 2.87187 28.0318
0.84323 23.43137 3.14105 2.91932 29.68624
0.88716 20.6928 3.39357 3.49881 31.54478
1.2313 21.05268 3.11974 3.38127 31.23564
1.15014 20.87426 3.4246 3.81285 30.75742
1.27582 23.00619 3.82571 4.13638 27.80885
1.15211 22.97071 4.083 3.31756 28.51665
1.08831 23.47686 4.05163 3.36548 28.05759
0.81336 21.86011 3.87521 3.69414 29.77539
1.03819 21.18278 4.28614 2.77044 30.73531
0.93811 21.06181 4.24665 2.72075 31.04419
0.81449 22.19986 3.88038 2.69228 30.42473
0.99831 21.61169 4.10314 2.42908 30.86898
0.9881 22.47847 3.20961 2.97711 30.35734
1.03728 23.08604 2.89314 3.34074 29.65388
0.91982 21.9504 2.4251 3.66065 31.05192
0.85524 21.71605 3.21407 3.50632 30.72277
1.12121 22.93824 3.33851 3.73896 28.89195
1.04818 23.79117 3.16923 3.92756 28.08967
1.19378 21.46187 3.47184 4.10828 29.78571
1.08209 22.19915 3.87551 3.09562 29.76124
1.14751 24.22967 3.52229 2.74214 28.38658
1.00064 23.67687 3.30313 2.72725 29.3115
0.92133 22.12784 3.55464 3.65472 29.75439
0.84998 21.88485 3.08692 3.50977 30.67998
1.02619 23.33567 2.8692 4.63123 28.16342
0.71201 22.5534 3.45211 4.15915 29.1486
0.82775 22.45588 4.10105 2.86147 29.77244
0.88863 22.4359 3.77942 3.66946 29.25317
0.80874 22.40475 2.82619 3.25664 30.71851
0.75956 22.80681 2.67083 4.07999 29.70279
0.83363 23.14038 2.5078 4.13615 29.40252
0.70132 23.89161 2.65808 3.6015 29.17439
0.72075 23.12234 2.65407 4.72946 28.79576
1.03172 23.94295 2.73911 4.55016 27.76618
1.04532 21.38556 3.61061 3.86122 30.11933
1.04989 22.07533 3.48289 4.38728 29.04081
0.97309 21.30054 3.56807 3.24295 30.93188
0.6492 22.02439 3.534 2.86374 30.9479
0.96512 22.32566 3.35006 3.00768 30.36475
0.75286 21.8136 3.66915 2.7983 30.98258
0.86328 22.67163 3.99576 3.10421 29.39736
0.81617 22.88159 3.17558 3.24338 29.91134
0.67485 22.7556 3.43065 3.0757 30.0984
1.02504 23.02997 3.16405 2.82574 29.98702
1.1596 23.05753 3.55742 3.27323 28.98808
1.008 22.62815 3.03956 3.34986 29.99212
1.04792 21.99808 3.19626 3.15998 30.61543
1.09114 22.57071 3.16595 3.8689 29.32858
1.14573 24.63815 3.04751 4.13337 27.0764
0.97465 22.14174 3.20325 3.37176 30.32986
1.02229 22.15726 2.83481 3.07201 30.92815
1.09508 21.46428 3.73881 3.0888 30.6333
1.06342 20.13078 3.47853 3.0629 32.27707
1.2985 22.9841 2.70477 3.03366 30.00342
1.15314 23.18428 3.46486 3.18345 29.04141
1.04634 21.41571 3.55694 3.62692 30.37337
1.05433 20.9559 3.75001 3.85182 30.39918
0.85126 23.75732 3.38716 3.91445 28.11418
1.08376 22.11383 4.19543 2.59449 30.02312
1.06005 22.08442 3.62595 2.34667 30.89235
1.25194 24.23126 3.48782 2.40344 28.65385
1.12675 21.60269 3.80729 2.91212 30.56262
1.24406 23.54312 3.45124 4.15778 27.64174
1.20355 22.98735 3.47977 3.56744 28.78008
0.77532 23.15224 3.92793 3.31538 28.8491
0.91603 22.52741 3.6918 3.51573 29.36895
0.94292 21.62882 3.22172 4.13171 30.08677
0.94869 22.49562 3.21156 3.29066 30.06705
0.92344 22.61762 2.874 3.28106 30.31556
0.82931 21.66857 3.50736 3.42562 30.58107
1.0436 22.17784 3.29389 3.72414 29.78327
0.90515 23.69007 4.17045 3.27586 28.00841
0.88531 22.49535 3.21598 3.7584 29.66748
0.74843 23.08116 2.96933 3.20848 30.01162
0.63769 21.8755 3.6402 3.77113 30.10056
0.85207 21.21768 3.46298 3.0922 31.38575
0.8312 22.59003 2.84432 2.92982 30.81291
0.84265 21.34758 2.9188 3.36353 31.53455
0.63842 21.33335 2.89013 3.26376 31.87915
0.83585 21.7812 2.82447 3.0007 31.56566
0.78721 22.69203 3.00537 3.17186 30.35517
0.92222 21.70827 3.37238 3.03071 30.97582
0.98144 21.64143 4.35626 3.09639 29.94527
0.83278 23.10117 4.02455 2.78476 29.27439
0.73607 24.55556 2.90771 2.77217 29.0518
0.79914 23.07415 3.46678 3.42906 29.24444
0.93412 22.25415 4.14121 3.59385 29.09145
0.75647 22.11083 3.64467 3.39281 30.10633
0.77877 22.80419 3.56605 3.90076 28.96503
0.82924 24.42675 3.3259 3.60206 27.8386
0.86948 22.33692 3.146 3.37441 30.28103
0.98528 22.39076 3.88482 3.34569 29.40863
1.20583 21.80699 4.74912 2.82087 29.43354
1.05395 21.84274 3.72334 2.93772 30.45603
1.15595 20.97299 3.02543 2.8044 32.04607
0.91048 22.89423 2.76442 3.35591 30.0852
0.98226 21.38345 3.24296 3.05225 31.34549
1.08073 20.89948 4.12365 2.62272 31.28137
1.1756 23.17628 3.2169 3.29013 29.1567
1.11199 20.77093 3.1419 3.18596 31.79686
1.08731 22.55559 3.65128 3.33339 29.39058
1.07339 23.00739 4.15706 3.39557 28.39096
1.35857 24.91741 3.9068 3.27697 26.5759
0.99827 22.80849 3.38629 3.30047 29.52135
1.43069 21.43323 3.57938 2.97161 30.59912
1.02453 21.39405 3.20148 3.65877 30.73104
1.1741 23.02855 3.16832 2.95089 29.69186
1.32557 23.66477 2.88681 3.04979 29.10043
1.24088 23.79395 3.4309 3.41281 28.14622
1.15971 24.43056 3.64692 3.04727 27.73597
1.1205 23.8774 2.98364 2.55692 29.47125
0.9625 22.73357 3.38143 2.69322 30.24121
0.80226 23.07489 3.65977 2.23251 30.23992
1.03693 21.22854 3.38423 3.02804 31.33095
0.82314 22.68683 3.04035 2.99652 30.46344
0.88418 22.31741 3.02349 3.24614 30.53691
1.122 23.1957 3.44525 2.36796 29.87883
0.99454 23.19055 3.56368 3.47043 28.79856
0.74778 23.26853 3.51759 3.89763 28.58614
0.7877 21.69547 4.15858 3.43107 29.93974
1.06823 22.38066 3.59742 3.71991 29.24721
1.09826 22.77153 3.99559 3.5298 28.62373
1.08098 21.58193 4.3147 3.71306 29.32553
0.98758 21.5343 4.03471 3.85523 29.6003
0.96336 22.95111 3.32434 3.27735 29.49918
0.72627 22.49861 3.61768 3.23987 29.92936
0.93576 21.48167 3.52844 3.45329 30.60753
0.87234 23.69905 3.3345 3.53806 28.57429
0.95196 21.64243 3.64658 3.9364 29.83315
0.88033 22.39632 3.3836 3.97556 29.39067
0.71812 21.14131 3.83044 3.84911 30.48295
0.82958 21.96664 3.05006 4.02739 30.14215
0.86049 22.09122 3.16596 4.51744 29.3871
0.76815 21.97365 3.19549 3.70334 30.37273
0.722 23.60532 3.66854 3.9885 28.04626
0.84859 22.5168 3.96891 3.25765 29.42514
0.68253 24.37624 3.54684 3.30925 28.10956
0.72623 23.37541 3.95445 3.07767 28.88342
0.83313 23.74157 3.75259 2.70064 28.98669
0.78537 23.14591 4.4399 3.50402 28.14871
0.68964 24.67519 3.34304 3.64253 27.6864
0.9219 21.93366 3.01023 3.51321 30.63331
0.78011 22.60536 3.60018 3.72021 29.31443
0.64684 23.6051 3.2236 3.60016 28.93692
0.8344 23.62059 4.32711 3.49888 27.75164
0.73306 23.5208 3.56773 2.998 29.19038
0.70384 23.688 3.6727 3.1428 28.81582
0.90454 22.89749 3.49661 3.57743 29.14055
1.17922 22.43137 3.71865 3.48012 29.2048
1.0666 22.83787 3.54791 2.98406 29.58463
1.05521 21.50078 3.47501 4.0287 29.96608
1.24267 20.81867 3.43564 3.88958 30.64804
1.22386 21.09166 3.54179 3.51384 30.65673
1.29769 21.86125 2.72239 2.96296 31.19224
1.12236 22.38141 2.70778 2.64429 31.1615
1.10473 21.91088 3.21454 2.75094 31.03401
1.14323 19.805 3.66164 2.9923 32.42461
1.17413 21.68192 3.93483 3.04674 30.20125
1.00156 22.07752 4.51435 2.43576 29.98756
0.9444 22.0629 4.11512 2.88539 30.01271
1.14259 23.1059 3.40805 3.2562 29.11841
0.99855 22.73786 3.50368 3.31916 29.47391
1.08302 24.29504 2.98835 3.74745 27.92973
1.00485 23.42341 2.93948 3.52183 29.13091
0.96879 21.40904 3.29002 3.08272 31.25988
0.93378 22.66295 3.2761 3.31028 29.84083
0.92751 22.56544 3.09842 3.87702 29.55099
1.12725 21.75708 2.65312 3.64925 30.82614
0.8704 23.2298 3.23249 3.29385 29.39294
0.73573 22.02353 3.04488 3.53548 30.67153
0.79784 19.84838 3.56221 2.7395 33.05674
0.88167 21.46197 3.20711 3.08988 31.37374
0.82045 20.37885 3.76147 3.27442 31.77575
1.15957 21.74083 3.62104 2.79791 30.69041
1.33447 21.58025 3.28302 3.28402 30.5315
1.16117 22.60039 3.19787 3.28156 29.77096
1.06591 21.84334 3.3947 3.60139 30.10772
1.34752 21.03537 3.52034 3.75396 30.35959
1.72952 22.26701 3.33751 3.29476 29.3944
1.37367 23.52133 3.33865 3.99081 27.80731
1.22729 22.83202 3.29322 3.50673 29.17515
1.17181 22.72235 3.16695 3.58987 29.36809
1.05996 21.53923 3.46874 3.2211 30.72187
1.09353 22.96302 3.15087 2.67049 30.13227
1.22467 24.35151 3.26414 3.11552 28.06843
1.49141 22.4591 3.0996 3.39922 29.5719
1.10433 20.97478 2.88193 2.85376 32.1901
1.09731 23.22492 2.87671 2.60525 30.20642
0.94229 23.44505 3.34472 2.8988 29.38469
0.73621 22.93883 3.30387 3.54224 29.49429
0.9756 21.64651 3.08613 3.44531 30.85771
0.83631 23.34331 2.57573 3.50723 29.75064
0.84187 22.63562 3.20553 3.08558 30.2416
0.77486 21.67605 3.64429 2.98215 30.92866
0.85105 21.59443 3.54075 3.33346 30.68666
0.88686 23.17575 2.71184 3.20564 30.03051
0.84864 22.5378 3.64407 3.27406 29.70817
0.72097 21.78138 3.34405 3.14189 31.01848
0.62966 21.46393 3.38123 2.57831 31.95168
0.75504 22.63543 3.76521 2.94916 29.90483
0.86619 22.27566 4.17608 3.00674 29.68973
0.85552 23.54315 3.59684 3.21199 28.80843
0.93329 22.83725 2.82302 3.07887 30.33497
0.8735 22.09251 3.40855 3.99319 29.64361
0.76715 23.19164 3.22631 3.53445 29.29953
0.69633 21.85971 3.09447 3.36013 30.99563
0.87878 23.55642 2.29491 3.8188 29.46143
1.05531 22.98104 2.5079 3.60719 29.8571
0.87823 22.63732 2.85545 3.76753 29.87058
0.91303 23.56605 2.52922 3.47745 29.52508
0.91472 25.27401 2.7189 4.05804 27.05615
0.93123 24.3254 2.72691 3.09639 28.93133
0.89224 22.65539 3.41021 3.14205 29.90933
0.92784 22.77494 3.34928 3.26393 29.69313
0.77828 23.01584 3.52199 3.61155 29.08536
0.8384 21.4826 3.34564 3.02507 31.31491
1.05872 20.93528 3.51489 4.00568 30.49789
0.69497 21.52993 2.90433 4.2417 30.63914
0.95584 23.124 3.17028 4.1149 28.6546
0.87461 23.71593 2.933 3.4054 29.08805
1.09026 21.91834 3.04753 3.82289 30.13666
0.98035 23.15631 3.47989 2.7815 29.61624
1.05433 23.18486 3.57424 3.26205 28.94399
0.93485 23.11817 3.25447 2.95807 29.74406
0.93648 24.85672 2.77615 3.4976 27.95785
0.97478 24.21769 2.51797 3.83573 28.47786
1.33591 22.18929 2.92785 3.28056 30.28255
1.28617 21.26414 3.6764 3.11078 30.67489
1.38818 22.98705 3.33855 3.58144 28.72546
0.92978 23.04328 3.30971 3.15204 29.58169
1.23319 22.00593 3.56592 3.61494 29.59633
1.1469 22.41584 3.59421 3.19874 29.65582
0.98258 21.34803 3.32732 2.92336 31.42432
0.92512 21.97783 3.54092 4.18631 29.38291
1.13376 22.3704 4.0293 3.73249 28.7548
1.19996 21.75573 5.01274 3.57403 28.48631
0.90357 20.87593 4.59535 3.41062 30.22774
0.95251 21.85344 4.30531 3.53412 29.37393
0.93976 22.43481 3.40055 3.80997 29.43422
1.0576 23.04849 3.13731 3.19091 29.58344
1.10581 21.68197 4.24307 2.22797 30.75303
0.87312 22.45327 3.64861 2.82808 30.21096
0.93358 23.12298 3.48735 2.3803 30.08712
0.93116 23.70021 3.21104 2.61669 29.55832
1.03246 23.24378 3.19108 3.62764 28.92671
0.85684 24.35593 3.00457 2.95969 28.8374
0.67678 24.29953 3.66796 2.54788 28.82429
0.81156 23.71161 4.33053 2.52514 28.63826
0.79053 23.08923 3.79189 2.86589 29.47731
0.87813 21.95957 3.44199 3.20072 30.53534
0.92887 23.90818 3.78843 3.18532 28.21605
1.13006 23.25008 3.5344 3.64711 28.46351
1.16252 22.30546 3.59797 3.19178 29.75695
1.11506 21.85938 3.6331 2.74775 30.65916
1.05394 22.53002 3.9211 3.19668 29.31623
0.98601 22.78125 4.1703 4.03138 28.065
0.85486 23.32673 4.4462 4.143 27.27335
0.77375 24.09278 3.30599 3.69107 28.16119
1.01615 22.94692 3.43275 4.00381 28.62554
0.84975 21.40131 4.0741 3.7954 29.89757
0.87688 21.82091 3.97059 3.8927 29.46118
0.9499 21.03274 3.98204 3.28789 30.76221
0.81706 24.21829 3.71681 3.97862 27.30577
0.81311 22.02804 3.27927 3.64944 30.24125
0.87 21.18662 3.14008 4.19951 30.61198
1.00543 22.18022 3.09954 3.18404 30.53896
1.04929 22.83838 3.71532 4.09929 28.31526
1.08946 21.30969 4.02244 3.91306 29.67704
1.14054 22.13215 3.97133 3.87007 28.90344
1.19802 22.32687 3.64577 3.37108 29.47639
1.38461 22.65222 3.69212 2.8638 29.42107
1.03099 22.61037 3.23096 2.94648 30.19007
1.06332 21.62968 3.76395 2.78415 30.77253
0.99549 21.15346 4.43882 3.54907 29.88307
0.804 21.09105 4.19518 5.05477 28.88104
1.13852 23.01591 3.24253 3.96398 28.68382
0.99365 24.04076 3.25173 2.92839 28.811
0.91845 22.38776 3.1439 3.12418 30.43511
1.18342 22.49147 3.66034 2.99113 29.68664
0.89784 22.2861 3.23694 3.00445 30.58295
0.74778 23.97603 3.27845 2.73119 29.28787
0.95861 22.48374 3.51565 2.65496 30.39663
0.97235 24.3431 3.83364 2.41738 28.46013
0.85958 21.97647 3.83429 2.91667 30.42347
1.12193 23.13592 3.44817 3.13407 29.17655
0.96102 23.92925 3.44576 2.76905 28.91051
1.05317 22.61246 3.4626 2.82516 30.06555
1.20855 22.42187 3.00066 2.59714 30.78905
1.14178 23.95259 3.36572 3.05704 28.51343
1.16013 22.78523 3.48967 3.28724 29.29539
1.11107 23.35746 3.14603 3.92659 28.4809
1.11489 22.35581 2.97899 3.39746 30.16762
0.99754 21.6344 2.77405 2.77362 31.82591
0.95612 22.70797 2.63072 3.07968 30.63439
0.81565 24.1108 2.77514 3.27837 29.03768
0.90719 22.72338 2.94276 2.93708 30.49868
1.13591 20.98456 3.3909 3.03934 31.45842
1.08668 20.71961 3.67014 3.35497 31.17898
0.87583 21.32758 2.97408 3.44201 31.39044
0.8527 22.06115 3.29028 3.57836 30.23322
0.72536 22.56487 2.91654 3.41274 30.39451
0.87602 22.38552 2.97214 2.91027 30.86827
0.83249 22.35939 2.45912 3.46803 30.8931
1.03645 22.87977 2.92775 3.23949 29.93069
0.91936 22.21045 3.08472 3.8353 29.96846
1.36768 21.77321 3.38865 3.74254 29.75208
0.9685 22.27782 2.98749 4.091 29.69698
0.97379 23.56445 2.52861 3.59874 29.35442
1.00557 21.2842 2.83623 2.51824 32.36371
0.7868 21.77654 3.03578 2.68182 31.73015
0.82984 21.92688 3.41801 3.40231 30.44579
0.82388 22.80494 2.54387 3.34774 30.49084
0.80063 21.43022 2.74036 3.76252 31.27535
0.66715 21.61172 2.8992 4.00174 30.83136
0.76233 22.93164 3.32987 4.08417 28.91745
0.80113 22.33714 3.78243 3.74527 29.35783
0.81259 22.45635 3.09861 3.36551 30.28411
0.84675 21.6456 3.10367 3.22001 31.19448
0.67832 21.34711 3.42836 2.70758 31.84767
0.74498 21.11225 3.33943 2.69633 32.11422
1.01165 20.94792 2.99171 3.03311 32.02504
0.78387 23.08922 3.23652 3.21262 29.69451
0.8652 24.06998 3.71138 2.55272 28.82108
0.84241 23.52889 3.5325 3.10161 29.01169
0.79851 22.91225 3.53114 2.83358 29.93838
0.80258 21.49435 3.56055 2.67811 31.47463
0.70275 22.61063 3.19207 2.91179 30.59984
0.83361 21.6856 3.4627 2.70306 31.32323
0.70868 21.54121 2.95231 3.28219 31.52837
0.63086 20.68222 3.28797 3.0823 32.32631
0.75545 20.92928 3.13577 3.30662 31.88405
0.86402 24.15538 3.49889 3.63971 27.88337
1.02024 22.02616 3.69775 4.62262 28.66147
0.96808 23.07053 2.71616 3.7259 29.53837
0.95468 23.9947 3.38225 3.90206 27.79848
1.16393 22.78691 4.03121 4.05897 28.00803
0.84042 21.92472 3.83607 3.23411 30.18656
0.85846 24.12523 3.34263 2.96311 28.73571
0.86737 25.12587 2.73196 2.5755 28.72845
0.85912 22.76139 2.63629 3.20451 30.55572
0.85898 23.44028 2.77965 3.39951 29.54009
0.71988 24.69614 3.17626 4.0401 27.40886
1.00898 23.91145 3.96283 3.73175 27.42322
0.90837 23.84852 3.90212 3.32154 28.06071
0.81328 21.39571 3.75286 3.41896 30.63287
0.92942 23.12149 3.13341 3.56396 29.26908
0.81595 21.94593 3.71692 2.82449 30.70717
0.65818 21.23775 3.17573 2.74834 32.18484
0.52971 21.41083 3.13903 3.29738 31.62911
0.65857 21.18708 3.07155 3.25862 31.82891
0.61095 23.20355 3.25964 3.64282 29.29365
0.76171 21.37662 3.55376 3.34393 30.97073
0.6685 22.87236 3.86131 3.26891 29.34085
0.81262 22.19812 4.02686 3.14258 29.8305
0.76348 22.29826 3.24974 2.78693 30.91336
0.90938 24.28861 3.31809 2.85896 28.65135
0.72045 21.43754 3.53724 3.15219 31.16108
0.85403 23.62489 3.07338 2.58718 29.87357
1.14123 23.29347 2.93695 3.40118 29.23812
1.04234 23.82419 3.06677 3.56474 28.52091
0.9517 21.09126 2.95425 3.69239 31.31619
1.10245 24.48839 3.22457 3.73767 27.47124
0.92639 22.99672 3.3125 3.31266 29.46883
0.94865 22.12177 3.08724 3.53101 30.32536
0.85008 23.29675 3.17106 3.26881 29.43841
0.85285 22.77555 3.02617 2.99095 30.36812
1.2108 21.52004 3.17884 2.78108 31.31701
1.08665 22.99039 3.5971 3.00378 29.33397
1.0249 22.47891 3.26014 2.84301 30.40529
1.04156 22.90866 3.08071 3.63249 29.36091
1.03604 22.65921 3.47868 3.77708 29.0778
0.83315 22.30498 3.58191 3.55421 29.74028
1.0284 23.03681 3.37697 3.07411 29.49758
0.86477 23.08327 3.26075 2.82511 29.98368
0.82235 22.59686 2.94843 3.67862 29.97482
0.66625 22.11401 3.60657 3.79678 29.84856
0.89494 22.59032 3.28518 3.24605 29.99916
0.85103 22.47297 3.70408 3.15386 29.84292
0.99267 20.95371 3.7295 3.87835 30.46966
1.04624 22.19475 3.49767 4.59184 28.70572
0.92345 22.19444 3.51828 3.52828 29.86147
1.12703 22.03162 3.19686 3.10126 30.57119
1.03238 23.09384 3.25346 4.20378 28.46352
1.02618 20.63581 3.87227 4.44455 30.0488
1.13332 22.14817 3.93974 4.6062 28.2202
0.74939 22.67679 3.85236 4.99392 27.77291
0.82793 23.63038 3.1791 4.56101 27.84415
0.83422 23.76403 2.96519 4.11577 28.36909
0.80185 23.84108 2.70054 3.86223 28.81992
0.76529 23.79012 2.90016 4.34829 28.2303
0.79119 21.1469 2.81641 3.45903 31.79385
0.92389 22.64201 3.53986 3.83495 29.08373
0.74137 22.89529 3.95776 3.1954 29.22692
0.89902 21.94183 3.34556 3.89059 29.93641
0.95203 22.73274 3.3938 3.53496 29.4035
1.01658 23.0444 3.08675 2.79284 30.08493
1.0368 21.265 3.71304 2.37326 31.62145
0.90881 21.37238 3.77194 2.61106 31.34232
0.84533 23.14233 4.08268 2.68383 29.25946
0.79848 23.77543 3.86644 3.56825 28.02049
0.88242 23.23174 3.59598 4.17982 28.13283
0.71481 23.17449 3.95626 3.62717 28.54755
0.80538 23.45216 3.58155 3.18586 28.99114
0.71196 24.22452 4.16702 3.18871 27.7423
0.96223 21.04369 3.87706 3.52608 30.60733
0.85054 20.89748 3.88398 3.19574 31.19022
0.67443 23.32198 3.70382 3.9225 28.40341
0.65183 22.28064 3.33334 4.08663 29.65696
0.80025 23.29326 3.61133 3.56232 28.75167
0.87033 21.41464 3.48433 3.56587 30.67544
1.06755 21.2888 3.40877 3.75419 30.49151
0.69353 23.87011 3.28971 3.68726 28.47673
0.84607 22.56324 2.96717 3.95625 29.67626
0.99452 21.50388 3.72823 3.81969 29.96654
1.00744 23.29854 2.91344 4.03208 28.76096
0.8801 22.11854 3.33337 3.06663 30.61106
0.84461 22.05509 3.66374 3.71139 29.73651
0.87688 22.00917 3.91341 2.96859 30.24151
0.9403 22.62574 3.28712 2.82921 30.32597
0.60787 20.78018 3.55485 2.70575 32.35702
0.7173 21.57055 4.12841 3.31201 30.2843
0.88228 21.03392 4.29479 3.11584 30.68553
1.07499 20.13151 4.56449 3.10982 31.12776
0.87018 21.01188 3.99108 2.78063 31.35336
0.85639 20.94661 4.20759 2.78557 31.21155
0.89602 22.81563 3.51468 2.94151 29.84364
0.90412 21.73132 3.95831 2.54808 30.86868
0.91507 22.37942 3.19535 3.28864 30.23281
0.91495 22.3152 3.52292 3.38207 29.87664
1.06457 20.92115 3.37222 3.53486 31.11962
0.84637 21.34576 3.14043 3.38491 31.29414
0.96688 20.61706 3.17697 2.88114 32.36553
0.93858 21.66863 3.19949 2.08168 32.11744
1.23151 22.41425 3.24478 2.5969 30.52671
1.13114 23.07832 2.68638 2.79551 30.31735
0.99174 21.98401 3.93848 2.95419 30.14427
0.79584 23.14947 3.38353 3.23408 29.45181
0.96921 23.07434 4.06119 3.33293 28.599
1.12491 23.07478 3.33023 3.75328 28.73734
0.90851 22.939 3.05505 4.11061 29.00189
0.74562 22.5596 3.42199 3.52533 29.76106
0.71143 22.04198 3.31034 3.37472 30.57181
0.68508 22.4794 3.18451 3.32903 30.33257
0.83184 22.20841 3.04479 4.10468 29.82737
0.73915 22.58192 3.51679 3.61639 29.56774
1.05195 23.1584 3.88495 2.84665 29.07686
0.8465 22.39566 3.95695 3.50751 29.31887
1.02177 22.74388 2.98092 4.0226 29.24714
1.01731 22.77351 2.73707 3.2593 30.23293
0.82809 23.66632 2.95949 3.22232 29.34878
0.94697 23.28244 3.40475 3.42113 28.97396
1.04794 21.94255 3.60299 2.93672 30.48399
1.00983 21.58142 4.21042 3.47702 29.74135
1.09377 22.60508 3.21976 3.01667 30.08627
0.89921 23.20262 3.19235 3.12664 29.59601
0.89826 23.91291 3.07459 3.55505 28.57718
1.00709 23.63213 3.13993 3.53994 28.69848
0.97751 22.95451 3.50138 3.21773 29.36603
0.94187 21.70691 4.18674 3.28226 29.89946
0.82104 22.44956 3.79544 2.23081 30.71472
0.7556 22.51233 3.89143 2.72351 30.13111
0.94076 23.09148 4.31515 2.7013 28.97571
1.00341 22.4432 3.94146 3.25504 29.37067
0.9157 22.49407 3.5824 3.68052 29.34896
1.02267 22.43854 3.06889 3.33325 30.15402
1.18683 22.60085 2.92263 3.31071 29.99632
1.13872 22.73404 2.77262 3.16385 30.20602
0.72175 22.07641 2.35331 3.43928 31.41775
0.90881 22.91511 2.93574 3.70976 29.55244
0.86778 22.60072 3.15142 3.2521 30.1407
0.84167 21.97891 4.07927 2.80865 30.31143
1.04491 21.61031 3.593 3.3828 30.38815
1.04604 22.13418 4.11942 4.06382 28.66702
1.39261 21.5966 3.67217 3.6831 29.68517
1.2539 22.39824 3.78548 3.3146 29.28188
1.23425 21.87567 3.23121 3.3829 30.29387
1.12997 22.66828 3.32113 3.27669 29.61924
1.24868 20.67869 3.14682 2.59716 32.33445
1.01378 21.6095 3.70491 3.76963 29.91797
0.94294 22.85089 3.75338 3.41424 29.05945
0.90692 22.23083 3.81433 3.04449 30.01473
1.01978 22.92615 2.884 3.19625 29.98129
0.97356 23.91433 3.24112 3.77004 28.11869
1.04441 21.90131 2.86049 3.69617 30.51167
1.03282 21.50169 3.15679 4.13811 30.18601
1.30768 21.33477 3.30662 3.07768 30.98624
1.06971 20.99813 3.68037 2.95706 31.30676
1.21044 23.0771 2.59937 3.4737 29.66102
1.58898 23.11105 4.0315 3.0239 28.31198
1.49554 23.24863 4.73271 2.86053 27.74313
1.36773 22.96745 4.24648 3.7553 27.74002
1.53381 21.05969 4.00841 3.38998 30.07915
1.29442 21.93486 3.96355 3.25505 29.57733
1.18043 21.78431 3.05073 3.16063 30.84206
1.36474 21.61807 3.35323 2.93567 30.76559
1.11717 21.09678 2.86082 2.61308 32.32126
0.91899 23.76289 2.80078 3.1041 29.42245
1.09246 22.62326 3.55931 3.08136 29.65309
1.16718 22.14439 3.48972 3.07854 30.1275
0.8649 23.77387 3.59298 2.99202 28.79149
0.85519 22.56835 3.79206 3.17985 29.62322
1.08312 22.14098 3.8049 3.43653 29.55156
0.99413 22.58498 3.03131 3.35787 30.0394
1.13638 21.09591 3.02114 2.94331 31.8092
1.03612 22.57564 3.29191 2.742 30.3653
0.93865 22.82171 3.30864 2.45809 30.48574
1.09799 24.10923 3.85284 2.82007 28.15075
0.97215 23.76242 3.26141 3.01184 29.01236
1.18515 22.50608 2.97016 3.02142 30.3243
0.89784 21.71633 3.4512 2.50318 31.4349
0.95606 22.003 3.67973 2.71355 30.65407
0.94514 22.82229 3.21553 3.2154 29.80786
0.98306 21.20173 3.68138 2.08745 32.04995
0.8353 22.52787 3.21679 2.56199 30.86377
0.77062 22.35286 2.7529 2.84983 31.27892
1.16794 23.1451 2.5774 3.03649 30.08129
1.01429 23.39257 2.78976 3.40378 29.41064
0.80635 21.26157 3.13349 2.94189 31.86001
0.86393 22.10431 3.21714 2.51795 31.30135
1.01418 22.18328 3.14363 2.48376 31.18431
1.07817 21.5403 3.23844 2.6898 31.46128
0.84431 22.53639 3.05507 3.28028 30.29253
0.79431 22.08514 3.1945 3.41667 30.51696
0.88779 23.0721 3.24404 2.6512 30.15688
0.96212 23.30847 3.57486 2.63625 29.53443
0.97998 23.20542 3.27554 2.89313 29.66044
0.82957 24.35691 3.36035 2.32893 29.1474
0.86597 22.24613 3.49141 2.36937 31.03889
0.77154 23.85343 3.56467 2.61727 29.23185
0.76878 24.40186 3.25247 3.30599 28.28919
0.65389 22.94156 2.31328 3.13229 30.96704
0.77597 22.19715 3.37414 3.30971 30.35664
0.93483 22.46495 3.32376 3.44766 29.84054
0.93745 22.10667 4.06229 3.43272 29.48574
0.9508 22.48241 3.80121 3.23855 29.54049
0.65731 22.98641 3.38699 2.88197 30.10191
0.89925 23.32369 3.41275 2.31406 30.06178
1.04394 23.96896 3.31873 2.82004 28.86368
0.8964 22.38822 3.37737 3.4617 29.88678
0.87194 23.77039 3.88158 3.19113 28.30579
1.09981 23.06228 3.31988 2.83542 29.69359
0.95886 20.96608 3.23639 3.9695 30.8781
0.92126 21.53323 2.96106 3.18849 31.40053
1.228 22.26564 2.97467 3.72416 29.81841
1.12642 23.06797 3.12247 3.15912 29.54163
1.10319 23.20448 2.40646 3.36377 29.93591
0.95847 22.07794 3.26811 3.16627 30.54166
1.08702 23.68073 3.0939 3.29541 28.86452
1.00816 23.05867 3.1656 3.24858 29.53803
0.89842 23.67479 3.58711 3.68596 28.17943
0.83711 25.06519 2.99907 4.02676 27.10336
0.89237 23.86642 2.42179 4.73072 28.10572
0.79786 24.01584 2.95394 4.51509 27.74339
0.9188 22.65713 3.10099 3.95636 29.3814
0.88188 22.24964 2.73857 3.83999 30.30178
0.77775 21.03089 2.72799 3.63127 31.84243
0.73998 21.63568 3.64871 2.97611 31.00914
0.8328 20.98384 4.23294 3.30076 30.66122
0.87558 21.89015 2.96775 3.42447 30.85828
0.75992 23.67714 2.84226 3.76247 28.97968
1.01374 21.82123 3.35369 3.158 30.66586
1.00314 21.94107 3.23469 4.1437 29.69726
0.85444 22.54723 3.11632 3.89384 29.61078
0.85336 23.6264 2.68579 2.99031 29.85867
0.9104 23.16679 2.64991 3.42514 29.87254
1.10482 23.87812 2.74207 3.83849 28.46438
1.0373 22.23712 2.81524 3.07894 30.84315
0.97639 22.72339 2.8215 3.46729 30.02408
1.12341 23.38491 3.04315 3.62501 28.85075
0.96611 21.17482 3.25389 3.01796 31.60349
0.93447 23.73645 3.97274 2.66133 28.72191
1.14782 22.54474 3.92069 3.42878 28.98031
0.91434 22.55536 3.41035 3.50942 29.62698
0.8429 22.97506 3.03935 3.91434 29.24476
0.69691 22.8051 3.06609 3.4684 29.97677
0.79877 22.38264 3.20369 3.64456 29.98253
0.87989 23.86434 3.5475 4.08381 27.65178
0.73684 21.54463 4.27024 4.30365 29.15797
0.64611 22.27304 3.99528 3.98239 29.11962
0.58813 24.81689 3.05307 4.04426 27.53051
0.59234 22.00148 2.97699 4.21065 30.22802
0.60678 22.91363 2.95706 3.78345 29.75233
0.59058 23.3583 3.47179 3.46154 29.13594
0.69015 24.27108 3.45323 3.49504 28.1092
1.07844 23.23626 2.86249 4.26585 28.57472
0.73813 24.08146 3.5358 4.2769 27.3968
1.22039 22.26973 3.70164 3.11818 29.70528
1.16349 23.05707 3.57061 3.87045 28.35851
0.96984 22.22822 2.90573 3.88615 30.01781
0.79466 23.05217 2.78896 3.0572 30.31531
0.83608 22.11266 3.61196 2.71593 30.73285
0.80808 23.89682 3.61793 3.4561 28.24293
0.96492 24.49572 3.4413 3.43509 27.68834
0.8476 22.92356 3.13844 4.02928 29.07706
0.80269 23.95857 2.816 4.02156 28.42549
0.87143 23.48214 2.85909 3.82012 28.98494
1.05411 23.7855 3.091 4.30851 27.79178
0.85381 20.89681 3.3161 3.08449 31.85691
0.7353 22.59572 3.38397 3.55144 29.74574
0.92519 21.19674 3.14279 3.51342 31.22789
0.74223 21.62844 3.47232 3.18472 30.98199
1.12292 21.41807 3.66255 3.22674 30.58242
0.81731 21.03955 3.0492 3.53252 31.57042
0.82783 22.57651 3.0214 3.54916 30.03674
1.01668 22.09771 3.4391 3.70413 29.76032
0.85784 24.18255 3.66485 3.58451 27.74544
0.82613 23.02633 3.72582 3.39087 29.04991
0.87718 23.50007 3.51198 4.05971 28.07784
0.85683 23.27446 3.7195 3.58462 28.58572
0.71226 22.07224 3.29723 3.87349 30.0591
0.79685 22.03848 4.16825 3.8338 29.18007
0.87561 21.33169 4.08389 3.85441 29.87072
0.74428 20.55868 4.36218 3.49557 30.85576
0.87604 21.45009 3.54263 2.72314 31.42264
0.84676 21.97869 3.53976 2.4914 31.15222
0.71207 22.21143 3.95624 2.4941 30.64531
0.86959 23.43463 3.54144 3.76393 28.42003
0.88824 22.93692 2.58312 4.20732 29.39866
0.82811 21.63629 3.02429 3.81558 30.704
0.86342 20.90029 3.68876 3.48411 31.07037
0.91589 23.79531 3.18503 2.78435 29.33888
0.83108 21.88444 2.99701 3.35279 30.94387
0.8036 22.54055 3.45164 2.83248 30.38094
0.7235 22.66626 3.11962 3.51805 29.98633
0.75568 23.0284 3.04821 3.00644 30.16924
0.50342 22.18312 3.71698 2.80285 30.80405
0.75134 23.08677 3.31539 3.52678 29.33307
0.57347 21.7525 3.52061 2.97509 31.18781
0.8127 24.46946 3.43297 2.76207 28.54874
0.80489 21.47412 4.24017 2.52292 30.97408
0.59393 21.12208 3.27852 3.28879 31.73049
0.78239 23.59294 3.06519 2.95545 29.61823
1.04614 20.36939 3.06574 2.74609 32.77655
1.03663 21.85026 3.55659 2.5752 30.99075
1.14909 22.10488 3.50801 3.34093 29.91088
1.05342 23.27807 3.11868 3.43104 29.12843
0.83597 23.99818 3.31577 3.2234 28.64189
0.80712 22.81155 3.43302 3.91728 29.04522
0.91514 21.72391 3.03334 3.43452 30.90045
0.82867 24.28334 2.56199 3.51078 28.83083
0.95785 22.64725 3.06029 3.56605 29.77764
0.80834 22.2897 3.02209 3.21076 30.67784
0.78251 23.03103 3.31576 2.96635 29.91451
0.84853 22.76071 2.95606 2.42575 31.01531
0.71704 23.04577 3.12373 2.8737 30.24916
0.72676 21.48242 2.90206 3.27443 31.61929
0.96762 22.03067 2.95085 3.46296 30.59556
0.81531 20.69693 4.16426 3.07059 31.25913
0.93444 22.01304 3.63908 2.56508 30.8534
0.8975 21.7672 4.54361 2.97667 29.82779
0.87437 20.58401 4.64468 2.99099 30.91896
0.87899 19.19322 4.72792 3.20946 31.99915
1.01633 21.94473 3.87345 3.55037 29.62695
1.03105 22.86481 3.90823 3.11479 29.09339
0.87788 21.32179 5.10882 2.51212 30.19376
1.15892 21.43031 3.52732 3.4973 30.39345
1.07102 21.6934 3.09967 3.83251 30.31003
1.07315 21.81582 3.85398 4.15273 29.11892
1.14982 21.47956 3.22177 3.56902 30.59363
0.97961 21.4437 3.46227 3.38864 30.73623
1.03459 21.87101 3.36513 3.40424 30.33476
1.11152 21.14512 2.85384 3.79975 31.09754
1.03846 23.28321 3.00639 3.09513 29.58941
0.9975 23.45261 4.21041 3.06438 28.29589
0.97512 23.73583 3.8817 3.58458 27.85468
1.19618 21.27251 4.15626 3.54869 29.84217
1.20125 22.81087 3.49713 3.36876 29.14168
0.83978 24.50016 3.58054 3.45579 27.64854
0.84428 23.7814 3.25245 4.13642 28.00942
0.82036 23.21857 3.47403 3.21382 29.29025
0.79382 21.82656 2.86469 2.39682 32.12437
0.82733 22.12517 3.33493 2.15627 31.56524
0.6683 21.03267 3.26624 2.76223 32.27766
0.70007 21.4872 3.10106 3.19789 31.52224
0.85613 22.74076 3.45818 3.47969 29.48296
0.99181 21.65527 3.4045 4.45298 29.51262
0.99049 23.41788 3.10113 4.27146 28.24138
1.36976 22.01893 3.17036 4.18889 29.27254
1.05909 22.27244 3.44344 2.94519 30.29177
0.88066 22.32909 3.05454 2.99412 30.74933
0.88916 22.29453 3.17943 3.49338 30.15522
0.75493 22.64892 3.1268 3.01486 30.46227
0.8664 23.32121 3.05792 3.38299 29.38648
0.82202 23.58744 2.82415 3.07068 29.70756
0.87125 21.72506 2.74434 3.4178 31.25047
0.80416 21.04082 3.11786 3.09448 31.9486
0.97293 21.35114 3.56608 3.10121 31.01902
0.76022 22.26637 3.95172 2.8882 30.14678
0.66232 22.88645 3.74717 3.5172 29.21612
0.90664 23.15662 3.18095 4.29278 28.48254
0.83199 23.01135 3.15484 3.97103 29.0506
0.72178 22.33703 3.0758 3.48004 30.39626
0.74927 21.84336 3.23824 3.15548 31.02344
0.7678 20.21599 3.49582 4.09568 31.4301
0.57605 20.28322 3.68943 2.63362 32.82197
0.71973 21.43324 3.41791 2.57603 31.85908
0.6006 20.44591 3.45122 2.88868 32.61991
0.65294 21.20866 4.05606 3.45992 30.63791
0.67297 21.36363 4.00528 3.72471 30.24287
0.71088 22.11342 3.79586 3.38965 30.00002
0.73935 22.68279 4.17289 2.94728 29.47125
0.97122 21.54093 4.17859 3.43512 29.88703
0.9738 22.79429 3.3622 3.38154 29.50523
0.92182 20.64036 3.72712 2.8547 31.86207
1.01001 20.70547 4.00328 2.83054 31.45643
0.85219 23.45933 3.29738 3.32624 29.07603
1.03431 22.71111 3.28635 3.02 29.95678
0.94534 23.16217 2.81988 2.82818 30.25562
0.90899 22.01452 2.87712 2.40096 31.80284
1.07121 22.51098 2.84957 3.00073 30.5736
0.71376 23.01475 3.21201 2.97633 30.09054
0.64639 23.61598 2.79256 2.89767 30.05779
0.95464 22.19949 2.72515 3.21389 30.91754
1.33239 22.80954 2.84519 2.9971 30.02704
1.35573 23.12166 3.2428 3.05979 29.24638
1.05551 23.06738 2.35858 4.5967 28.94601
1.17091 24.80855 2.78768 3.82856 27.44681
1.17024 22.48663 3.64121 3.46134 29.26823
1.07639 21.61717 3.87604 3.33419 30.11598
1.20141 21.44045 3.36052 3.32778 30.6825
0.8341 22.74863 3.43788 2.89166 30.10145
0.8013 24.11652 3.21929 2.90889 28.97136
0.73193 22.26918 2.92298 2.89027 31.19445
0.58932 23.94592 3.35986 3.23972 28.88542
0.99077 24.31644 3.54755 2.71523 28.45409
0.71374 23.53817 3.38145 3.08255 29.30298
0.73863 22.27044 3.7731 3.21912 30.01964
0.98512 22.36137 3.66897 3.7517 29.24937
1.0053 22.328 3.58803 3.17839 29.91043
0.96901 21.85856 3.55898 3.18154 30.44268
0.72419 22.6907 2.94832 3.64249 30.00466
0.85111 23.12678 3.14014 2.84255 30.05061
0.72768 22.80267 2.85429 3.11902 30.50951
0.98239 23.71933 2.49728 2.67307 30.14053
0.90054 22.54971 3.35002 3.36654 29.84561
0.85742 23.58601 2.63511 2.86205 30.07065
1.0788 25.06087 3.5818 3.053 27.25153
0.91181 25.03057 3.19478 2.86927 28.02172
0.91479 23.86102 2.68743 2.27521 30.26923
1.07691 22.55029 2.71112 2.3306 31.33663
0.69979 21.89687 3.24315 2.30219 31.86364
0.72695 22.55691 3.28849 2.27302 31.16333
0.73546 21.50623 3.34227 2.58209 31.84075
0.7842 22.50646 3.52344 3.51054 29.68699
1.08609 24.02509 3.59434 3.25219 28.06416
0.87401 23.19113 3.68287 3.01315 29.25212
0.79345 23.11522 3.98389 2.70539 29.41652
0.74395 21.98369 2.87742 2.6406 31.76002
0.81899 23.11523 2.75786 3.07143 30.24643
0.91801 22.79872 3.08192 3.18631 30.02475
0.75975 23.48635 3.25681 3.89122 28.62926
0.85101 24.49174 3.06687 3.46699 28.14031
0.97923 21.73467 3.70813 3.02143 30.56429
0.97652 24.80955 3.30158 2.7556 28.17874
0.96903 24.06464 3.50763 3.22849 28.26389
0.98696 22.59566 2.8303 2.51409 31.08086
0.87559 25.42831 3.1049 3.28797 27.33285
1.1618 22.32187 3.43251 4.14022 28.9627
1.15273 23.60365 2.99588 3.91912 28.34168
1.20649 23.43552 3.03415 3.34776 28.98832
1.23571 23.02762 3.28334 2.93807 29.52705
1.24483 23.02936 3.33941 2.98699 29.41605
1.33345 22.64009 2.74825 2.97664 30.31724
1.1028 22.79508 3.08142 3.08622 29.94755
0.93453 22.7205 3.18054 3.58193 29.60081
0.92931 22.15935 3.22791 3.48513 30.21505
1.02592 21.15341 3.68534 3.06502 31.08347
1.05689 22.76167 3.71684 3.19506 29.28955
1.17934 23.4099 3.40576 2.89002 29.13337
1.13499 22.50188 3.38326 2.9008 30.09514
1.18382 20.96732 4.05835 3.18049 30.62436
0.96061 22.68183 4.13431 3.34955 28.89642
0.97738 22.91968 2.96579 4.61573 28.55325
0.88507 23.03185 2.97619 4.51979 28.62014
0.87203 22.08902 3.80866 4.31786 28.94208
1.10464 20.77677 4.03694 3.79427 30.3098
1.12237 22.31099 4.07595 3.75322 28.76934
1.13245 22.28239 4.06415 4.66109 27.89947
0.92722 22.89977 4.1518 3.60398 28.44901
1.08824 22.36993 3.50865 4.26834 28.79876
1.07728 23.66961 2.7365 4.1536 28.40856
0.73068 22.55192 2.76719 3.94672 30.03998
0.70163 22.39328 2.88246 3.94059 30.12096
0.68541 22.15472 2.73918 3.40889 31.02955
0.67265 21.95718 3.29155 3.08056 31.01416
0.75295 23.89264 3.1962 2.24773 29.93673
0.8806 23.73526 2.78775 2.64028 29.98663
1.05012 21.91583 3.07431 3.21423 30.75533
1.05862 22.10239 3.76723 2.81026 30.27298
0.7869 21.79872 4.3459 2.79528 30.28723
0.84448 21.87735 3.51229 3.31159 30.46474
0.69651 21.90158 3.33892 3.15406 30.91696
0.83845 22.68673 3.86827 3.87132 28.7543
0.70414 22.48531 3.33282 3.70414 29.78791
0.95531 22.26421 3.98208 3.3816 29.43888
0.88792 22.78812 3.47368 4.53554 28.34235
0.87358 22.49014 3.48732 3.52716 29.64006
0.84416 22.80939 3.53089 2.55508 30.27507
0.6833 21.68513 3.92537 3.73406 30.00291
0.78982 21.63423 4.14681 3.49157 29.96755
0.90864 22.21332 4.25084 3.13266 29.51452
0.7632 22.61559 4.01099 3.64298 28.99622
0.82254 23.54784 4.0735 4.28499 27.32058
0.78555 20.50983 3.7639 4.00387 30.94909
0.76474 20.86331 3.45034 2.88007 32.05011
0.69692 21.68206 3.32648 3.79468 30.5173
0.7181 21.77845 4.06325 4.03924 29.42274
0.98069 22.91956 2.824 4.19321 29.11025
0.89589 23.43756 2.82488 3.51788 29.3539
0.90648 21.52315 3.06204 3.16192 31.36334
0.82066 21.86657 2.53036 3.48001 31.31311
0.83326 22.19438 3.32073 3.26643 30.39834
0.91948 23.39596 3.17416 4.41963 28.1255
0.73676 23.63279 3.51418 3.41349 28.72637
0.71916 23.80431 3.30193 3.02053 29.1706
0.77432 23.39044 2.9725 2.8862 29.99172
0.76387 23.64521 2.99842 3.69891 28.91279
0.65563 24.46037 2.54671 3.59539 28.76189
0.63556 24.4237 2.64503 2.83333 29.47395
0.81132 24.40935 2.32089 3.40218 29.07316
0.73547 21.72089 2.72548 3.66574 31.16154
0.63595 22.9755 3.07296 4.00658 29.32301
0.74486 21.99451 3.15209 3.25134 30.864
1.00109 24.58548 2.95118 3.39655 28.09729
0.91086 22.17712 2.91955 3.37715 30.63262
0.73453 24.19996 3.83921 3.98305 27.27415
0.84544 21.65751 3.44227 3.5071 30.55548
0.83952 23.2398 3.44356 3.80827 28.6823
0.95943 24.14139 3.46757 3.03651 28.41878
0.91627 21.76435 4.13573 2.38876 30.80739
0.82707 21.65071 3.59546 2.92018 31.02062
0.82037 22.75155 3.1044 3.57553 29.77153
0.79208 23.60042 2.85518 3.21618 29.55154
0.78676 23.03732 2.59604 3.06573 30.53432
0.88312 22.83667 2.69593 2.71547 30.87936
0.76491 21.37496 2.58042 2.90969 32.3785
0.56935 22.48692 2.99399 2.77794 31.18358
0.64793 22.26024 3.17556 3.26949 30.66615
1.06969 23.10833 2.91885 3.92247 29.0031
1.18346 21.25983 3.29999 4.23168 30.05063
1.08183 22.70632 3.5405 3.91004 28.78719
1.16235 21.95307 3.10204 4.27219 29.52799
0.92578 21.77572 3.34066 4.53554 29.44472
1.05621 22.84652 3.28661 4.05219 28.77819
1.13237 21.20279 3.19424 4.09846 30.38861
0.96291 22.64718 3.37896 3.51067 29.51546
0.89476 21.94357 4.05369 3.52318 29.61444
0.88332 21.76412 3.15525 3.57848 30.6397
1.0558 21.14344 3.30599 2.57286 31.9418
0.84322 23.06389 3.05962 2.81688 30.2375
0.80387 21.10417 3.73255 2.88043 31.494
0.72169 22.94098 3.72592 2.66626 29.96056
0.84258 22.8437 3.60258 3.35492 29.37971
0.69729 22.43105 2.91968 3.41632 30.54835
0.78705 23.9055 2.80978 2.77897 29.73328
0.92088 23.01332 3.11915 2.65451 30.30344
0.84801 22.5063 3.17073 2.84874 30.63709
0.73101 22.917 3.58361 3.34027 29.45067
