"V1" "V2" "V3" "V4" "V5"
0.61665 25.13348 2.7134 2.06974 29.47941
0.63034 24.90592 2.64999 2.19908 29.62586
0.62008 25.07063 2.71097 2.02331 29.58432
0.59731 25.22177 2.64959 2.23961 29.30071
0.62275 24.87806 2.89255 2.29998 29.32036
0.57605 24.83377 2.93274 2.32597 29.3476
0.62571 24.56867 2.83373 2.29796 29.68697
0.66295 24.95659 2.6249 2.29339 29.47791
0.64442 25.02847 2.52734 2.25883 29.55156
0.65644 24.74364 2.54502 2.1345 29.92893
0.6763 24.88837 2.59925 2.18644 29.66272
0.68469 25.09351 2.72582 2.09347 29.41431
0.69085 25.22448 2.66828 2.17416 29.25654
0.63655 25.18709 2.77763 2.06299 29.35182
0.56734 25.06683 2.85812 1.96832 29.55576
0.59042 24.92848 2.85398 2.14447 29.49422
0.60412 24.73356 2.67466 2.22569 29.77378
0.59282 24.7838 2.72895 2.15601 29.74978
0.54564 24.83104 2.77027 2.20464 29.66383
0.52818 24.41417 3.02775 2.28106 29.76084
0.53218 24.84411 2.75768 2.17244 29.70593
0.59913 24.62977 2.73366 2.22185 29.8267
0.61658 24.99548 2.66528 2.25461 29.48079
0.59788 25.01405 2.5959 2.33301 29.47285
0.65148 25.10788 2.50242 2.26451 29.4834
0.61377 24.797 2.44151 2.24965 29.90642
0.57625 25.04784 2.48576 2.32077 29.58319
0.59038 24.91577 2.47517 2.37075 29.6596
0.58602 25.24936 2.46191 2.21669 29.49462
0.57506 25.15072 2.40179 2.16624 29.71709
0.59728 24.80911 2.45692 2.18531 29.96238
0.58238 25.0241 2.56999 2.36564 29.46697
0.58773 25.04151 2.48663 2.32811 29.56475
0.60605 25.05366 2.41674 2.20319 29.73254
0.6133 24.74021 2.64562 2.283 29.72785
0.56636 24.81535 2.74842 2.27606 29.60078
0.56968 24.79138 2.59007 2.20797 29.85139
0.59401 24.97306 2.44808 2.13129 29.86433
0.57874 24.9896 2.38691 2.28048 29.7746
0.59921 25.22482 2.40715 2.2287 29.55088
0.60156 24.52031 2.65145 2.20087 30.0356
0.61005 24.51683 2.56198 2.15458 30.16744
0.58163 24.97514 2.68346 2.21837 29.5551
0.60011 24.89436 2.71015 2.1523 29.65096
0.6174 24.95445 2.74763 2.09244 29.59851
0.59464 24.77887 2.70031 2.20406 29.73216
0.59534 25.24478 2.59135 2.28019 29.30241
0.55124 25.29028 2.66676 2.21508 29.28754
0.58033 25.51341 2.66786 2.22897 29.02292
0.66161 25.6319 2.66461 2.24413 28.81246
0.66018 24.99338 2.65768 2.18233 29.51401
0.62747 25.18153 2.59123 2.32926 29.28114
0.61122 25.07177 2.67523 2.4144 29.24044
0.6715 24.84716 2.73875 2.5111 29.25112
0.65397 24.94407 2.47522 2.59061 29.34811
0.67777 24.81799 2.54264 2.42688 29.54956
0.68334 24.83459 2.61635 2.41022 29.46995
0.64154 24.90501 2.6659 2.40386 29.39763
0.62003 25.0225 2.6888 2.45432 29.23402
0.59781 25.13829 2.54056 2.43004 29.3074
0.58789 24.62034 2.78566 2.31948 29.69893
0.61309 25.01996 2.59422 2.2379 29.5499
0.67381 25.06161 2.62745 2.31492 29.33341
0.65271 25.51519 2.46732 2.30363 29.07658
0.62153 25.10645 2.43805 2.41919 29.42834
0.6472 25.12162 2.5094 2.34983 29.39156
0.59613 25.13075 2.6645 2.46956 29.15356
0.64484 25.30985 2.57086 2.57303 28.91545
0.64223 25.28826 2.43898 2.52019 29.1275
0.61671 25.12691 2.50403 2.48397 29.2848
0.63572 24.84122 2.74576 2.35668 29.43474
0.60569 24.71379 2.64149 2.4618 29.58917
0.58352 24.72935 2.57141 2.4324 29.69691
0.60313 25.00217 2.61996 2.40238 29.38409
0.62258 24.66292 2.58456 2.35414 29.78639
0.57163 25.01071 2.37537 2.37013 29.68565
0.62386 24.78873 2.62895 2.36891 29.60474
0.6317 24.94521 2.432 2.32048 29.6789
0.60795 24.89887 2.60079 2.37389 29.53002
0.62017 25.18239 2.36657 2.46492 29.38173
0.59705 25.15477 2.30137 2.40792 29.55292
0.59372 24.94548 2.51859 2.31444 29.64205
0.62783 25.2032 2.53535 2.18654 29.46079
0.73237 24.84784 2.64314 2.36055 29.43161
0.60552 25.09407 2.73586 2.40829 29.16938
0.54283 25.27101 2.52043 2.37265 29.30536
0.54603 25.1593 2.66242 2.18793 29.45655
0.61122 24.8818 2.7623 2.37301 29.38538
0.57138 25.24433 2.50908 2.35932 29.32793
0.61605 25.27569 2.38636 2.45969 29.27538
0.61782 25.25908 2.38353 2.31124 29.44163
0.62214 25.24682 2.68201 2.21651 29.24382
0.6476 25.21361 2.82986 2.1797 29.14236
0.64415 25.17541 2.91764 2.25363 29.024
0.66554 25.10424 2.7875 2.27817 29.17533
0.59704 25.29271 2.6269 2.30661 29.18745
0.60646 25.01151 2.78796 2.28665 29.32197
0.60003 24.84825 2.71479 2.31045 29.54155
0.61999 24.79298 2.63146 2.28327 29.68065
0.61921 24.76009 2.70959 2.40435 29.51601
0.60701 24.94687 2.72612 2.21091 29.51675
0.60972 24.81723 2.5235 2.27853 29.78057
0.647 25.34493 2.46869 2.401 29.15623
0.5969 25.2204 2.45809 2.34897 29.38801
0.59357 25.09959 2.52011 2.44355 29.3573
0.53774 25.04873 2.61239 2.24107 29.57285
0.62112 25.06852 2.62135 2.13169 29.57212
0.57737 25.12813 2.54377 2.25585 29.50764
0.6141 24.70386 2.62195 2.12031 29.95464
0.559 25.39086 2.56627 2.29736 29.21115
0.53786 25.32298 2.55311 2.26449 29.33315
0.6182 24.95199 2.67492 2.02212 29.74585
0.63956 24.98747 2.75626 2.16436 29.46477
0.59201 25.00283 2.72552 2.16236 29.52533
0.61955 24.81472 2.74683 2.23474 29.59631
0.62176 24.73353 2.68169 2.23792 29.73401
0.63285 24.69326 2.74398 2.32343 29.61683
0.6351 25.04159 2.79702 2.35324 29.18762
0.62928 24.86539 2.64899 2.36374 29.50165
0.55607 25.0607 2.66413 2.26705 29.46203
0.58799 24.82313 2.64527 2.28942 29.66382
0.59831 25.50681 2.6729 2.09278 29.13844
0.59528 24.98967 2.58208 2.30445 29.5393
0.61092 24.84866 2.59764 2.3111 29.64463
0.56212 25.07228 2.68492 2.49496 29.19938
0.65107 24.4436 2.95487 2.40799 29.55746
0.68753 24.87867 2.81336 2.24099 29.39021
0.62508 24.85577 2.80426 2.35807 29.36654
0.60847 24.84828 2.72694 2.32696 29.50165
0.58085 24.56106 2.80269 2.2075 29.85705
0.60812 25.04941 2.82107 2.14601 29.38522
0.57975 25.0643 2.70307 2.13349 29.53214
0.58536 25.36249 2.73866 2.26091 29.07022
0.58898 25.07103 2.55882 2.17337 29.6219
0.61688 24.66362 2.69592 2.214 29.81914
0.57881 25.00919 2.66141 2.32409 29.43497
0.61828 24.96651 2.64097 2.40405 29.3802
0.53522 25.24747 2.58291 2.4184 29.22789
0.65383 24.86998 2.6715 2.22887 29.59049
0.59557 25.42618 2.55232 2.24184 29.19844
0.59124 24.90683 2.6061 2.12355 29.7791
0.58588 25.07274 2.78627 2.18552 29.38458
0.562 24.98402 2.56408 2.21141 29.69148
0.58065 24.73464 2.6682 2.21811 29.81023
0.58119 25.07235 2.68626 2.15049 29.52674
0.56479 25.15326 2.60209 2.29814 29.39259
0.6197 24.93942 2.656 2.32888 29.46896
0.59215 25.10497 2.5229 2.37711 29.41852
0.59379 25.25264 2.49586 2.24219 29.43355
0.586 24.70855 2.5554 2.36523 29.79548
0.59298 25.27403 2.75702 2.47634 28.91572
0.59176 25.09257 3.06789 2.2305 29.03289
0.6519 25.16888 2.72448 2.24007 29.22735
0.63095 25.08733 2.64448 2.23454 29.41465
0.55456 25.46976 2.5547 2.22366 29.20967
0.66082 25.23995 2.58885 2.13311 29.38792
0.61923 25.04991 2.6067 2.22079 29.51434
0.5236 24.83235 2.81938 2.24868 29.59416
0.55824 24.89759 2.76921 2.30545 29.48649
0.57778 24.978 2.75992 2.25762 29.43658
0.62791 25.01342 2.67231 2.35536 29.34295
0.60093 24.86934 2.65521 2.34288 29.54018
0.69156 24.96502 2.61043 2.36452 29.38293
0.58629 25.11204 2.61533 2.29082 29.41192
0.56007 24.83402 2.85277 2.33879 29.42568
0.607 24.62741 2.68282 2.26545 29.82679
0.65955 24.66496 2.60532 2.41619 29.6652
0.60307 24.62318 2.6573 2.43798 29.69448
0.59349 24.68118 2.68086 2.359 29.69974
0.63322 24.85509 2.69638 2.45803 29.3718
0.57578 24.83842 2.65053 2.38197 29.56527
0.65274 25.07644 2.72027 2.34281 29.22164
0.64199 24.96306 2.77372 2.34385 29.29275
0.62874 24.88241 2.71309 2.37292 29.42276
0.66382 24.57842 2.60388 2.2953 29.86918
0.67963 24.50505 2.60881 2.26687 29.95182
0.69746 24.26468 2.79947 2.30535 29.94998
0.66873 24.53366 2.75683 2.34906 29.70586
0.65387 24.92378 2.60657 2.30815 29.5208
0.61683 24.86283 2.61156 2.27848 29.64397
0.56886 24.93588 2.68564 2.33618 29.48508
0.57292 24.83392 2.57971 2.39054 29.63489
0.58948 24.99199 2.57332 2.40379 29.45309
0.56937 25.19363 2.67436 2.40833 29.1692
0.53915 25.33428 2.74909 2.37455 29.02012
0.63209 25.36441 2.58015 2.363 29.08395
0.64782 25.20592 2.72373 2.32007 29.12399
0.60295 25.29922 2.53017 2.2304 29.34831
0.61629 24.79467 2.52013 2.1743 29.90835
0.5827 24.95667 2.52317 2.2002 29.75256
0.62053 24.93108 2.45752 2.2658 29.73365
0.67234 25.085 2.48286 2.32642 29.44896
0.63836 25.19442 2.73793 2.20465 29.2388
0.63657 25.22437 2.7256 2.15529 29.27305
0.67263 25.01775 2.95176 2.23007 29.14578
0.69054 24.95606 2.59708 2.32242 29.44858
0.65633 25.00876 2.48841 2.35499 29.50632
0.70932 25.09048 2.55819 2.4914 29.16571
0.64817 24.66561 2.45836 2.42401 29.81492
0.63501 24.95836 2.61041 2.3857 29.42436
0.63622 24.81147 2.51756 2.26277 29.77974
0.64566 24.72919 2.66651 2.39228 29.57805
0.64843 24.59767 2.72166 2.3106 29.7357
0.67088 24.87552 2.68469 2.29835 29.48504
0.63154 25.0826 2.58614 2.32561 29.38953
0.66321 24.81758 2.6915 2.22244 29.61707
0.59603 24.94872 2.71858 2.3005 29.44958
0.60537 24.58299 2.81006 2.42633 29.5908
0.57875 24.7257 2.69059 2.39647 29.62318
0.60851 24.79987 2.58096 2.33465 29.69198
0.53962 24.98276 2.58405 2.35684 29.54865
0.59252 24.49292 2.7381 2.33498 29.85652
0.62824 24.77609 2.55947 2.30378 29.75216
0.60827 25.11157 2.63093 2.4162 29.2521
0.62736 24.94512 2.6626 2.32558 29.45714
0.66474 24.80896 2.67032 2.40426 29.47231
0.62732 24.71688 2.57628 2.44622 29.65535
0.68462 25.06439 2.56451 2.4099 29.29592
0.66219 24.70016 2.73749 2.28235 29.62996
0.6762 24.64449 2.80389 2.391 29.50315
0.59656 24.76226 2.64856 2.32875 29.67307
0.65519 24.75446 2.72614 2.26801 29.60765
0.62788 24.91208 2.5569 2.34832 29.57222
0.66406 24.64869 2.62618 2.45431 29.62214
0.60204 24.93929 2.81541 2.39086 29.27127
0.56901 25.24752 2.70266 2.36661 29.1325
0.61906 25.11196 2.62285 2.31458 29.35175
0.64807 24.91485 2.51619 2.29551 29.63786
0.5758 24.83367 2.75324 2.29819 29.55233
0.60911 24.92991 2.6935 2.29764 29.48268
0.70566 25.1592 2.56048 2.25009 29.33607
0.65226 25.30705 2.74376 2.28742 29.02599
0.68658 24.80685 2.58726 2.23658 29.69374
0.64128 24.84426 2.64867 2.22604 29.65204
0.66569 25.0145 2.65814 2.13954 29.53441
0.64254 24.87384 2.80156 2.29136 29.40295
0.6237 24.53204 2.85239 2.21128 29.79183
0.60177 25.01687 2.63535 2.20297 29.55628
0.59837 25.02003 2.80582 2.19016 29.39619
0.57674 24.60199 2.84273 2.29764 29.69086
0.62082 24.66894 2.77554 2.3158 29.63058
0.54514 25.13258 2.66025 2.24149 29.42881
0.57035 25.20248 2.63229 2.31805 29.28737
0.61594 25.08607 2.62078 2.31118 29.37592
0.6132 24.8655 2.69979 2.31043 29.52119
0.55148 24.59468 2.78207 2.26227 29.82178
0.62248 24.65775 2.82048 2.26232 29.65571
0.63932 24.60515 2.74702 2.27532 29.74806
0.61834 25.07614 2.52089 2.24433 29.54883
0.6593 24.79507 2.53814 2.34659 29.67809
0.62091 25.21019 2.61049 2.31379 29.25743
0.62658 25.22991 2.65231 2.41343 29.08882
0.58375 25.03633 2.70097 2.24094 29.44763
0.6227 24.66281 2.89565 2.14851 29.68341
0.61825 24.93674 3.02253 2.25966 29.17595
0.61655 24.41435 2.89322 2.31007 29.77879
0.59002 24.97475 2.82237 2.30463 29.32553
0.6449 24.83508 2.72421 2.40838 29.3995
0.62643 24.93934 2.65642 2.36327 29.42508
0.63371 24.70478 2.64908 2.40279 29.62237
0.54331 24.9218 2.76191 2.24186 29.5417
0.61015 24.90304 2.62962 2.26878 29.60253
0.61099 25.04135 2.64166 2.38343 29.33491
0.57915 24.85478 2.69267 2.33106 29.55253
0.62764 24.73535 2.53635 2.34555 29.76679
0.64327 25.05946 2.5019 2.54958 29.2567
0.59223 25.03142 2.58917 2.40813 29.38986
0.55983 24.91642 2.57616 2.32968 29.62649
0.62024 24.84721 2.51614 2.47971 29.54632
0.5705 24.77842 2.6464 2.32171 29.69455
0.63819 24.56056 2.7799 2.22135 29.81207
0.71897 24.42398 2.66749 2.45781 29.74885
0.6257 25.07867 2.68544 2.44657 29.18407
0.66707 25.09723 2.5175 2.48895 29.24323
0.64088 25.0454 2.71697 2.43802 29.17247
0.62462 24.74506 2.75062 2.41438 29.47863
0.6044 24.81053 2.72136 2.30187 29.57341
0.65265 24.69176 2.955 2.20932 29.50857
0.64802 25.2187 2.823 2.29275 29.03884
0.63446 25.20938 2.84504 2.35394 28.97284
0.59034 24.97747 2.81827 2.20851 29.41408
0.58676 24.88569 2.60562 2.24458 29.6863
0.5834 25.17433 2.55195 2.42323 29.2809
0.65699 25.41152 2.47447 2.38423 29.08902
0.59831 25.34928 2.68089 2.22934 29.1599
0.58325 25.43498 2.57134 2.0904 29.33105
0.68156 25.04817 2.65075 2.32061 29.31302
0.56507 24.94715 2.60721 2.21837 29.67063
0.56136 25.14252 2.51701 2.38016 29.41553
0.65924 25.08567 2.53032 2.44176 29.30131
0.69985 24.9019 2.44445 2.49385 29.4721
0.65392 25.23346 2.59263 2.48451 29.05149
0.6231 24.98891 2.64911 2.53779 29.21485
0.64064 25.08958 2.58037 2.50018 29.20594
0.65092 25.33691 2.51842 2.38754 29.12094
0.62077 25.03374 2.4939 2.54752 29.32189
0.66264 24.88386 2.46745 2.47303 29.52492
0.65198 24.79234 2.52644 2.51405 29.52684
0.60853 24.80397 2.70482 2.47959 29.41935
0.58006 25.21236 2.631 2.50722 29.08366
0.59986 25.07164 2.61798 2.45054 29.27239
0.55348 25.04202 2.74475 2.3569 29.3138
0.58211 24.88286 2.70106 2.32655 29.51739
0.60298 25.00142 2.72464 2.39675 29.29886
0.59797 25.27682 2.54148 2.3658 29.23372
0.63413 25.83386 2.54211 2.30692 28.7032
0.58916 25.33251 2.65141 2.36386 29.07757
0.58456 25.24682 2.68906 2.45021 29.0474
0.5253 24.96264 2.74515 2.52331 29.25955
0.57782 25.33995 2.75485 2.49265 28.85357
0.58758 25.2797 2.73153 2.45813 28.95757
0.50946 25.34932 2.65523 2.49815 29.00685
0.53389 25.35908 2.51691 2.30988 29.29795
0.55635 25.10153 2.53969 2.31388 29.5081
0.54141 25.03117 2.78542 2.32749 29.33839
0.62967 24.9306 2.64479 2.24943 29.55946
0.59754 24.5867 2.76753 2.26235 29.79535
0.58447 25.02088 2.61955 2.36116 29.42531
0.60306 24.87816 2.88118 2.40164 29.24864
0.63223 24.75594 2.87129 2.39745 29.3583
0.66273 24.71551 2.78495 2.41906 29.43388
0.63148 25.16789 2.65521 2.52244 29.04045
0.60792 24.90949 2.64936 2.44325 29.40923
0.61443 25.05894 2.54589 2.49727 29.30128
0.64263 25.02973 2.43891 2.60246 29.29809
0.59304 25.24213 2.43782 2.62902 29.11121
0.59352 25.24876 2.47033 2.58303 29.11905
0.64137 24.85822 2.5757 2.45481 29.48467
0.68678 24.92232 2.607 2.38237 29.41244
0.68728 25.512 2.51499 2.37016 28.9311
0.66515 24.79757 2.60507 2.36237 29.58273
0.64574 24.9378 2.55159 2.36834 29.51448
0.65264 25.26922 2.58949 2.52415 28.98327
0.66502 25.12929 2.55976 2.46785 29.19529
0.64551 25.04186 2.60268 2.47656 29.24818
0.6491 25.13058 2.6511 2.29848 29.2825
0.63336 24.99427 2.62357 2.40469 29.35458
0.60717 24.93734 2.67594 2.47962 29.31282
0.63777 25.16628 2.5171 2.41949 29.27341
0.61324 24.83161 2.64321 2.46752 29.45371
0.60793 24.64518 2.73683 2.3743 29.64696
0.55701 25.29879 2.66471 2.38763 29.10156
0.54094 25.35153 2.47242 2.23829 29.41047
0.55 25.15379 2.53055 2.3243 29.45126
0.57704 24.74647 2.70933 2.31406 29.66654
0.56828 24.92255 2.80178 2.41146 29.31222
0.63137 24.76665 2.81784 2.1892 29.61167
0.60618 25.20207 2.66683 2.31059 29.22657
0.63706 25.05165 2.70759 2.34776 29.26705
0.63934 24.86295 2.73921 2.30978 29.45938
0.58783 25.18234 2.77434 2.45084 29.02033
0.56157 25.035 2.72192 2.31097 29.38053
0.57695 24.96004 2.84153 2.2845 29.34428
0.57035 25.26387 2.52069 2.25424 29.39937
0.60348 24.94501 2.77428 2.35926 29.33057
0.58557 24.9209 2.56136 2.22181 29.72047
0.59893 25.08247 2.52065 2.41049 29.39848
0.66613 24.90895 2.72979 2.48046 29.23129
0.64772 24.77251 2.86676 2.35965 29.37321
0.59976 25.13804 2.66498 2.44212 29.17498
0.63777 24.83995 2.65167 2.32969 29.55114
0.6079 25.01961 2.67364 2.39886 29.31506
0.63266 24.82928 2.54636 2.45525 29.55255
0.5828 25.13747 2.59779 2.42277 29.2728
0.62981 25.32938 2.45554 2.43829 29.15958
0.6008 25.00739 2.47254 2.34898 29.58009
0.64304 25.08812 2.5317 2.43334 29.31729
0.64312 24.5072 2.701 2.51211 29.64735
0.62656 24.36224 2.80127 2.58395 29.6396
0.60728 24.41415 2.93292 2.54418 29.51835
0.64924 25.00884 2.72751 2.45529 29.17857
0.6151 24.80496 2.77311 2.32768 29.49564
0.62164 24.96993 2.60589 2.28316 29.53074
0.65433 24.88923 2.87589 2.2128 29.3811
0.56357 24.8081 2.78991 2.32449 29.52482
0.60724 25.0617 2.54979 2.374 29.41898
0.57923 24.95163 2.76574 2.37543 29.34184
0.58653 24.7135 2.9023 2.27744 29.53543
0.59899 24.82804 2.82323 2.28736 29.47443
0.59061 24.83087 2.74005 2.47251 29.38025
0.65778 24.91491 2.72848 2.35494 29.35941
0.66586 24.99611 2.77504 2.39141 29.18739
0.64653 24.78605 2.79831 2.4439 29.339
0.5835 25.03495 2.68135 2.41385 29.30248
0.60642 24.71834 2.75874 2.22384 29.70437
0.63401 24.90612 2.64515 2.32333 29.50459
0.61043 25.08503 2.62448 2.46706 29.22817
0.59538 25.29115 2.48818 2.44708 29.18988
0.59661 25.26913 2.62349 2.3732 29.15067
0.52984 25.24292 2.66288 2.47099 29.10582
0.54113 24.65701 2.67805 2.41044 29.72565
0.54413 24.8186 2.6662 2.4251 29.56169
0.57564 24.57805 2.62602 2.53819 29.69568
0.5498 24.73343 2.70127 2.55077 29.48009
0.53252 24.7019 2.59895 2.60941 29.56868
0.57411 24.8443 2.50774 2.4898 29.59778
0.56631 25.13984 2.5567 2.46882 29.28062
0.54576 24.93119 2.56901 2.53398 29.43009
0.58819 25.10347 2.68376 2.55286 29.08746
0.52439 25.12243 2.54657 2.61171 29.20869
0.55776 25.63935 2.55387 2.72345 28.54873
0.53622 24.61894 2.77346 2.38833 29.69637
0.53812 25.32601 2.69564 2.33687 29.11947
0.59006 25.44097 2.65278 2.39394 28.93965
0.56907 25.0419 2.70981 2.45475 29.2417
0.63005 24.73242 2.74861 2.33049 29.57276
0.58488 25.06582 2.54575 2.42451 29.38999
0.58178 25.31057 2.61766 2.46927 29.03205
0.58894 25.04822 2.70447 2.2484 29.42041
0.61581 25.21281 2.71224 2.31141 29.15987
0.55707 25.09468 2.70816 2.38269 29.26599
0.57975 25.218 2.81454 2.32375 29.07773
0.6585 25.09434 2.68975 2.43207 29.13376
0.52722 24.9198 2.68076 2.37257 29.5067
0.55961 24.88313 2.58417 2.44063 29.54325
0.5451 24.8092 2.70829 2.36496 29.58513
0.49934 25.08883 2.84732 2.49695 29.08207
0.56482 24.99644 2.83876 2.37965 29.23881
0.6067 24.73381 2.60406 2.3887 29.68131
0.60227 24.67574 2.67114 2.38036 29.68326
0.59902 25.03993 2.61402 2.34595 29.41325
0.55219 24.91672 2.61595 2.43442 29.49166
0.54941 24.82567 2.71805 2.52836 29.39564
0.60506 24.59549 2.65734 2.46321 29.68791
0.58718 24.80677 2.63335 2.54454 29.44316
0.55078 24.59033 2.57759 2.55131 29.74153
0.53846 24.9137 2.66852 2.49651 29.39566
0.54564 25.15331 2.61226 2.3934 29.30777
0.54994 25.17004 2.54149 2.48418 29.27308
0.60311 25.41458 2.58185 2.36947 29.05323
0.62553 25.04591 2.59371 2.3132 29.43884
0.66129 25.01606 2.65585 2.32173 29.35839
0.60346 24.82569 2.56598 2.3119 29.70375
0.60426 24.78422 2.54463 2.28214 29.79291
0.58583 24.8101 2.7317 2.21472 29.66969
0.56248 24.84371 2.67036 2.21012 29.72577
0.58443 25.33411 2.69286 2.14742 29.25509
0.57719 25.17933 2.56317 2.36005 29.33161
0.59533 25.49554 2.54647 2.31987 29.05419
0.70427 24.95901 2.60747 2.36758 29.37332
0.65313 25.091 2.48868 2.29966 29.48394
0.61397 24.90975 2.51443 2.45209 29.52278
0.62719 25.07514 2.39448 2.34321 29.57316
0.63801 25.04428 2.5749 2.36968 29.38411
0.5993 25.13115 2.4612 2.43007 29.3887
0.6375 25.02726 2.75431 2.35004 29.24028
0.57974 24.77983 2.58088 2.34689 29.7227
0.64468 24.66871 2.64741 2.33211 29.72313
0.67514 24.4137 2.75377 2.36702 29.80172
0.60181 24.51469 2.71737 2.27774 29.90047
0.65066 24.83263 2.6364 2.11607 29.77545
0.67288 24.93636 2.60082 2.21346 29.59236
0.65488 24.96288 2.81073 2.331 29.26396
0.62942 25.10237 2.63879 2.22127 29.42323
0.63128 25.07277 2.4373 2.29313 29.57922
0.57574 24.75303 2.58219 2.38926 29.70931
0.57705 24.99211 2.68736 2.44394 29.31309
0.55083 25.08355 2.661 2.2515 29.46473
0.63501 24.6987 2.66182 2.48367 29.53282
0.59819 25.21833 2.61054 2.48506 29.1012
0.63924 25.06081 2.56757 2.34854 29.39627
0.59486 24.86516 2.75944 2.38862 29.40434
0.61315 25.49915 2.72208 2.36448 28.81768
0.62858 24.92756 2.57784 2.37367 29.50286
0.66645 24.7931 2.58764 2.27772 29.68692
0.62955 24.61063 2.61137 2.27912 29.88104
0.61212 24.65224 2.67775 2.38706 29.68153
0.60257 24.9614 2.76651 2.37642 29.31283
0.63575 25.15017 2.69321 2.42253 29.1168
0.62647 25.09246 2.60599 2.53056 29.15567
0.6149 25.01349 2.61132 2.44129 29.32988
0.58589 24.65328 2.80121 2.22373 29.74732
0.60113 24.59274 2.73018 2.3402 29.75256
0.59899 25.32535 2.73597 2.32692 29.03366
0.6155 24.59712 2.68556 2.26483 29.84833
0.64776 24.65723 2.72827 2.26014 29.71792
0.62795 25.24545 2.71169 2.27579 29.15005
0.65878 25.36855 2.7571 2.39762 28.83758
0.62981 24.81426 2.64215 2.36635 29.55902
0.60318 24.90663 2.71865 2.56814 29.2172
0.63413 25.31529 2.52912 2.43762 29.10201
0.63087 24.75179 2.71022 2.36014 29.56145
0.65065 25.31852 2.66211 2.51975 28.86467
0.60042 25.04688 2.75203 2.45357 29.16214
0.58174 24.97403 2.87212 2.314 29.27454
0.60272 24.70522 2.85204 2.49213 29.37057
0.57663 24.7492 2.82906 2.51212 29.35119
0.57406 25.0527 2.55757 2.43846 29.38851
0.60023 24.69025 2.61813 2.22131 29.8806
0.60025 24.94996 2.55464 2.45146 29.45688
0.60581 24.96817 2.6233 2.33487 29.4814
0.64572 25.04174 2.6316 2.15093 29.54248
0.65125 25.24901 2.5356 2.18484 29.39023
0.6507 25.11444 2.67719 2.20537 29.36627
0.59834 25.11541 2.70476 2.11237 29.4787
0.6463 25.62981 2.65346 2.28942 28.79342
0.61478 25.4005 2.58171 2.36145 29.06222
0.63965 25.03469 2.50312 2.37063 29.46806
0.60976 25.04419 2.53359 2.30627 29.51646
0.59853 25.03917 2.5409 2.14774 29.68481
0.64194 24.9384 2.596 2.12438 29.70845
0.59556 24.80054 2.72712 2.02407 29.86446
0.59517 24.97903 2.46825 2.00762 29.95774
0.59412 25.04092 2.73595 2.13811 29.50184
0.603 25.03811 2.83465 2.24712 29.29597
0.58575 24.62422 2.87733 2.08398 29.84175
0.54814 25.03425 2.8659 2.20589 29.36394
0.53511 24.84368 2.90976 2.2752 29.45165
0.59689 25.46535 2.7737 2.25532 28.92251
0.65642 25.00604 2.81171 2.24819 29.28879
0.6021 24.96928 2.82115 2.2171 29.40516
0.66594 24.97477 2.73767 2.46951 29.16825
0.66979 25.12011 2.79848 2.37627 29.05112
0.68832 24.95871 2.62189 2.38284 29.35946
0.63807 24.66068 2.62615 2.2355 29.84825
0.62752 25.45215 2.56426 2.34998 29.02157
0.6402 24.94287 2.78564 2.35914 29.29374
0.65937 25.31842 2.71848 2.45579 28.87495
0.6082 25.04814 2.71977 2.25932 29.37802
0.63377 24.90762 2.74714 2.3407 29.3884
0.64906 24.4015 2.95231 2.31004 29.70357
0.64449 24.70602 2.8871 2.2477 29.52866
0.59474 24.84781 2.78858 2.2829 29.49765
0.63339 24.66945 2.81196 2.43829 29.46571
0.59107 24.9863 2.66255 2.47708 29.29822
0.6376 24.82429 2.67709 2.57142 29.30308
0.60047 24.81991 2.81703 2.5016 29.27601
0.59097 25.20502 2.76877 2.40949 29.04039
0.66548 24.85379 2.68267 2.33104 29.48139
0.62651 25.08124 2.64123 2.29131 29.38046
0.70509 25.07508 2.68423 2.26517 29.28554
0.65296 24.48867 2.80181 2.3972 29.6729
0.61718 24.68615 2.7669 2.33111 29.61017
0.6356 25.04829 2.77615 2.36609 29.18954
0.60635 24.79746 2.81117 2.21138 29.58244
0.64945 24.6418 2.78123 2.09807 29.83755
0.56392 25.01991 2.69484 2.13082 29.59882
0.5807 25.02896 2.54771 2.18779 29.66864
0.66514 25.1103 2.46768 2.1898 29.57792
0.59654 24.89572 2.61412 2.24602 29.65667
0.5692 24.83242 2.73747 2.18186 29.68715
0.63799 25.08089 2.67396 2.23535 29.38639
0.65464 24.65007 2.85256 2.27386 29.57954
0.57563 24.97506 2.81768 2.26101 29.38185
0.57584 25.07622 2.90267 2.27756 29.18425
0.56004 25.27752 2.71634 2.20551 29.25914
0.55795 24.91432 2.71225 2.18774 29.64195
0.49654 24.62906 2.7995 2.26542 29.8267
0.50623 25.08384 2.64847 2.25001 29.53166
0.52299 25.11557 2.61833 2.28459 29.46981
0.54726 24.90992 2.69091 2.27868 29.586
0.58138 24.86394 2.61331 2.43408 29.52053
0.58318 25.24715 2.62567 2.40438 29.15632
0.62681 25.14172 2.70442 2.29732 29.24288
0.59133 24.82701 2.69583 2.25571 29.63809
0.58125 25.19824 2.83074 2.20109 29.20176
0.56751 24.83628 2.66479 2.28563 29.65542
0.579 25.05382 2.60263 2.17936 29.59485
0.52397 24.97331 2.64528 2.11074 29.75702
0.52941 25.01023 2.85164 2.13128 29.48789
0.59448 24.69343 2.71129 2.15589 29.8546
0.54757 24.32679 2.94254 2.19931 29.9967
0.5906 24.21202 2.97707 2.22903 30.00318
0.66168 24.35931 2.99493 2.19249 29.80571
0.60997 24.7647 2.80461 2.23745 29.59345
0.66456 24.87095 2.68825 2.25173 29.53521
0.62339 25.36102 2.57898 2.31135 29.13834
0.59298 25.25024 2.61934 2.34644 29.2019
0.60062 25.04372 2.57728 2.34537 29.44729
0.62428 24.87855 2.75179 2.29067 29.4701
0.56403 24.90351 2.65243 2.18001 29.71391
0.61427 25.06804 2.61455 2.18189 29.53897
0.57504 24.66895 2.69121 2.21822 29.85984
0.6228 24.93233 2.82492 2.3906 29.24452
0.58055 25.08089 2.82988 2.21409 29.30627
0.65931 25.12702 3.01217 2.32549 28.89594
0.61785 25.3691 2.64483 2.23932 29.14039
0.64516 25.17538 2.58295 2.27736 29.33113
0.64646 24.70615 2.56211 2.25534 29.83723
0.70342 24.68796 2.66134 2.3153 29.64392
0.66037 24.53026 2.74946 2.3677 29.70426
0.64211 24.92098 2.86605 2.49042 29.09466
0.59295 24.81235 3.02062 2.37675 29.21152
0.63642 25.23369 2.82414 2.56843 28.75659
0.64645 24.83958 2.67822 2.41424 29.43607
0.62578 25.30876 2.56299 2.57952 28.94198
0.60075 25.08739 2.52263 2.51683 29.28794
0.64741 24.91972 2.60625 2.44291 29.39647
0.6587 24.82429 2.45264 2.52272 29.55394
0.67758 24.53455 2.59502 2.4204 29.78136
0.62361 24.84377 2.80595 2.39698 29.34472
0.66333 24.85201 2.67443 2.31716 29.51063
0.68699 24.77965 2.83345 2.52404 29.19382
0.71491 24.60799 2.79565 2.37243 29.52167
0.73217 24.71475 2.79174 2.39192 29.38198
0.70436 24.88868 2.62908 2.36206 29.42723
0.64196 25.20155 2.65028 2.39322 29.12503
0.70095 25.12464 2.59007 2.36151 29.23344
0.64221 25.10542 2.62624 2.31414 29.32103
0.66733 25.20114 2.57663 2.40283 29.16485
0.59682 25.146 2.46839 2.41654 29.38322
0.63712 25.4298 2.52926 2.37941 29.03966
0.62133 24.89669 2.65935 2.28907 29.54686
0.628 24.69156 2.68627 2.32176 29.68483
0.62937 25.00498 2.61574 2.24225 29.51753
0.68135 25.10339 2.54 2.23067 29.46107
0.63284 25.09862 2.42872 2.25798 29.59487
0.70281 24.70383 2.45204 2.35902 29.79403
0.65428 24.7451 2.62636 2.31204 29.6728
0.60304 24.66551 2.72252 2.33335 29.68576
0.65405 24.70591 2.64456 2.34126 29.67102
0.62585 24.97124 2.57265 2.18182 29.65957
0.56791 25.12429 2.70789 2.14314 29.47788
0.60258 25.05929 2.76005 2.26019 29.33902
0.61406 25.33131 2.75863 2.33375 28.98152
0.66787 25.08353 2.71348 2.21172 29.33433
0.71419 24.89413 2.70666 2.42918 29.27021
0.69765 25.43366 2.37624 2.40156 29.10394
0.62825 24.95684 2.40859 2.42067 29.59535
0.65894 25.04837 2.46114 2.36771 29.47635
0.65655 25.21489 2.52883 2.43628 29.1758
0.61868 24.90763 2.66286 2.46033 29.3654
0.66657 24.91829 2.65685 2.2819 29.48614
0.68362 25.10223 2.67537 2.22843 29.31975
0.64774 25.3809 2.69494 2.25205 29.03579
0.65208 25.41828 2.74908 2.39932 28.79743
0.61767 25.17243 2.7278 2.41017 29.08647
0.66361 25.06529 2.66168 2.42907 29.19183
0.62913 24.59816 2.72683 2.35637 29.70253
0.56597 24.85314 2.69313 2.29035 29.61078
0.62461 25.06508 2.586 2.43473 29.30763
0.64304 25.24604 2.57393 2.49057 29.06521
0.68852 25.14216 2.79848 2.36158 29.03331
0.61986 25.21852 2.66171 2.29367 29.21914
0.64261 25.01586 2.72354 2.31843 29.31029
0.68201 24.94839 2.68413 2.37619 29.31977
0.65346 25.21085 2.70414 2.43457 29.01693
0.60961 24.92088 2.65954 2.37559 29.44819
0.64681 25.34132 2.56441 2.30422 29.15409
0.64231 25.11973 2.65258 2.3527 29.24576
0.6028 24.89129 2.80254 2.25802 29.45663
0.60205 24.92192 2.69566 2.34209 29.45136
0.60562 25.0608 2.81811 2.31854 29.22035
0.63732 25.18138 2.77006 2.33041 29.09845
0.66064 25.16228 2.53514 2.36279 29.29374
0.66145 25.15954 2.54003 2.26338 29.39204
0.67952 25.14692 2.58049 2.29309 29.31677
0.62066 25.12871 2.75366 2.34882 29.17282
0.59738 25.04706 2.73791 2.36992 29.27315
0.59001 25.01146 2.65039 2.26708 29.50254
0.60383 24.61806 2.69153 2.31767 29.78019
0.61931 24.69046 2.70522 2.26912 29.72386
0.5931 25.35098 2.77788 2.27894 29.01188
0.66366 25.27586 2.6665 2.14729 29.25591
0.67291 24.96927 2.68597 2.21179 29.47071
0.6878 24.8366 2.81162 2.29852 29.37691
0.67327 24.97975 2.63164 2.3236 29.40415
0.68654 25.04293 2.65907 2.23462 29.39058
0.6741 25.11137 2.80307 2.35058 29.07531
0.63387 24.64253 2.6792 2.15669 29.89686
0.66381 24.85594 2.73265 2.16295 29.59516
0.68595 24.82686 2.58678 2.19422 29.72271
0.64393 24.75942 2.76787 2.35576 29.48956
0.73722 24.65376 2.83935 2.28557 29.49731
0.66078 24.88924 2.70533 2.2682 29.48605
0.64405 24.9474 2.69583 2.30217 29.42488
0.68679 25.1264 2.75838 2.28686 29.15888
0.67893 25.27575 2.64594 2.30797 29.1082
0.63759 25.37446 2.66701 2.20249 29.13842
0.59796 25.26605 2.55415 2.19604 29.40422
0.63824 25.27359 2.61296 2.21226 29.2861
0.64434 25.24717 2.60067 2.17735 29.34232
0.60064 24.83495 2.53096 2.20719 29.83667
0.62853 25.17897 2.59358 2.21298 29.3979
0.6228 24.75637 2.57247 2.20132 29.8568
0.64353 24.9344 2.49188 2.26051 29.68231
0.65039 24.74229 2.56949 2.28252 29.76569
0.6371 25.05154 2.55644 2.19917 29.56876
0.65644 25.05639 2.48478 2.27057 29.54208
0.63309 24.94502 2.63151 2.26493 29.53405
0.60593 24.93445 2.6395 2.23275 29.59652
0.58669 24.99317 2.58291 2.24017 29.60822
0.60973 25.30792 2.55926 2.1377 29.39585
0.59323 25.06349 2.67692 2.11653 29.55721
0.57184 24.89172 2.64147 2.15388 29.74903
0.63344 24.82388 2.63144 2.11854 29.80487
0.66239 24.76359 2.58483 2.13378 29.87144
0.63846 25.17002 2.56267 2.23715 29.4075
0.61211 25.11926 2.66949 2.3135 29.2957
0.64688 25.01135 2.73033 2.27321 29.35113
0.64125 24.79987 2.63685 2.1966 29.73816
0.61823 24.56482 2.63108 2.39325 29.80301
0.64423 24.89164 2.66911 2.34238 29.46457
0.61668 24.77632 2.70037 2.47822 29.43844
0.61767 24.89596 2.70762 2.37746 29.41606
0.58716 24.4111 2.68934 2.3758 29.9445
0.61583 24.74048 2.71615 2.35168 29.58679
0.67645 24.93312 2.53964 2.35002 29.51367
0.57485 25.32618 2.68737 2.35375 29.06719
0.61892 25.38927 2.67384 2.34083 28.99037
0.64785 25.02442 2.65734 2.33798 29.34906
0.57911 25.25685 2.65668 2.52817 28.99399
0.56174 25.03447 2.72018 2.41547 29.28167
0.55142 25.20916 2.64384 2.4554 29.15882
0.60548 25.23204 2.6947 2.43321 29.05025
0.61224 24.89455 2.70261 2.30793 29.49467
0.58765 25.30497 2.55937 2.24841 29.31604
0.66935 25.01877 2.47542 2.20152 29.64571
0.68758 25.14581 2.47692 2.1147 29.58323
0.60372 25.39269 2.44447 2.14405 29.42581
0.62198 25.3727 2.43125 2.11825 29.46614
0.6146 25.34595 2.43722 2.27403 29.34213
0.61557 24.86747 2.63056 2.07369 29.82163
0.59314 25.13853 2.5683 2.34061 29.36947
0.64234 25.19641 2.60946 2.09211 29.46809
0.60155 25.30545 2.62495 2.16346 29.31563
0.61294 24.72846 2.6878 2.20976 29.76977
0.58458 24.75788 2.69231 2.17646 29.79806
0.58189 24.88441 2.85434 2.12458 29.56706
0.58489 24.82936 2.91066 2.19569 29.49097
0.52329 25.06786 2.70736 2.11766 29.59516
0.54676 25.29248 2.52883 2.28127 29.36252
0.53443 24.9841 2.63791 2.293 29.55847
0.56322 24.83859 2.63254 2.34741 29.62718
0.54575 25.27662 2.6269 2.31336 29.25325
0.57212 25.23751 2.53545 2.24677 29.42041
0.59902 24.72518 2.55068 2.39088 29.74673
0.57699 25.16529 2.68134 2.36645 29.22835
0.65446 25.01737 2.72678 2.35797 29.25926
0.6306 25.46034 2.7647 2.36867 28.79129
0.54708 24.79027 2.92215 2.32486 29.4246
0.57004 24.96239 2.50345 2.48688 29.48886
0.59634 24.79489 2.79117 2.43473 29.39773
0.56638 25.15745 2.66295 2.34014 29.28704
0.54589 24.79399 2.66931 2.39631 29.60533
0.58006 24.90537 2.81521 2.46528 29.24616
0.57937 24.60767 2.80813 2.50244 29.5156
0.59515 24.81008 2.60126 2.58075 29.42334
0.58672 24.88344 2.62009 2.43942 29.48487
0.59672 24.91302 2.817 2.35074 29.34218
0.61012 25.24956 2.62525 2.36265 29.16714
0.62111 24.91101 2.68153 2.32416 29.47135
0.69152 24.82438 2.76421 2.24041 29.49262
0.65467 24.69157 2.73152 2.37988 29.55549
0.64594 24.61709 2.76697 2.24358 29.73993
0.60868 25.24905 2.74715 2.25044 29.16031
0.68423 25.03037 2.58712 2.27025 29.44637
0.60088 24.7239 2.70028 2.365 29.62633
0.58355 24.80039 2.74595 2.31021 29.57335
0.61491 25.16187 2.63685 2.38206 29.21891
0.5842 24.78532 2.78795 2.32033 29.53903
0.59282 24.83607 2.57338 2.47887 29.53404
0.57468 24.73784 2.5583 2.41189 29.72767
0.58206 25.26994 2.51868 2.45055 29.19184
0.54529 24.87099 2.70529 2.4566 29.43722
0.55329 24.90842 2.65888 2.38103 29.52155
0.55884 24.86198 2.67301 2.29941 29.62014
0.55493 25.13885 2.43809 2.35372 29.53044
0.60311 24.77234 2.49006 2.34305 29.80629
0.61225 25.02763 2.63158 2.35948 29.38658
0.60916 24.89014 2.66896 2.40084 29.4452
0.6478 24.8367 2.59991 2.38389 29.5438
0.59133 24.56996 2.60961 2.27867 29.96486
0.67408 24.68734 2.58034 2.28877 29.78438
0.61864 24.92435 2.63141 2.36537 29.47281
0.62938 24.78289 2.67864 2.49724 29.43014
0.63095 24.69909 2.77098 2.33767 29.57423
0.57562 24.71762 2.89819 2.28559 29.53756
0.605 25.10939 2.81427 2.27891 29.20825
0.61576 24.82214 2.62329 2.21481 29.74429
0.64143 24.81511 2.82566 2.19408 29.54584
0.58958 25.01842 2.94013 2.19349 29.27699
0.58638 25.29259 2.66927 2.37306 29.09653
0.62994 24.96793 2.65231 2.28335 29.4802
0.65736 25.01169 2.87652 2.37488 29.09903
0.61944 25.02224 2.76903 2.30115 29.30505
0.60437 25.18269 2.63049 2.30378 29.29341
0.58345 25.47665 2.4571 2.46729 29.02685
0.64037 24.95433 2.45638 2.43944 29.52078
0.65351 25.20561 2.52377 2.43744 29.19551
0.62647 25.03318 2.65452 2.30448 29.39357
0.59352 25.19032 2.78691 2.24351 29.2016
0.60739 24.59666 2.68421 2.29923 29.82257
0.57564 25.01769 2.60067 2.55515 29.26478
0.5987 25.30477 2.44717 2.48753 29.1748
0.68328 24.65048 2.72102 2.39201 29.56571
0.65049 25.06308 2.66414 2.41683 29.22134
0.59957 24.90616 2.57674 2.395 29.53599
0.65624 25.01135 2.69397 2.43122 29.22251
0.66938 25.09436 2.62743 2.39884 29.22197
0.6408 25.04238 2.53386 2.28087 29.51194
0.64807 24.4126 2.89415 2.25524 29.80551
0.57583 25.07798 2.57707 2.25531 29.52884
0.54566 25.37292 2.57649 2.4844 29.0354
0.58641 24.85264 2.56505 2.43845 29.57056
0.61478 25.05698 2.58689 2.38888 29.3655
0.62895 25.27894 2.60495 2.49415 29.00854
0.60872 24.87498 2.54117 2.32798 29.65968
0.63468 25.05493 2.56674 2.20336 29.55328
0.58175 25.17145 2.54945 2.30528 29.4068
0.59236 25.00975 2.61675 2.35434 29.44362
0.61773 25.03983 2.6209 2.41478 29.32391
0.60325 24.71172 2.71489 2.30039 29.68042
0.61291 24.8121 2.72559 2.22494 29.63317
0.65319 24.8691 2.48772 2.209 29.79059
0.59793 24.98433 2.69065 2.26336 29.47668
0.61279 24.87323 2.6206 2.31119 29.59702
0.64002 24.97729 2.67256 2.32076 29.40412
0.63426 25.10808 2.6953 2.38146 29.19706
0.58065 24.90619 2.64589 2.29399 29.58362
0.60532 24.99099 2.45093 2.26345 29.70195
0.58293 25.16077 2.59803 2.31813 29.35657
0.5808 25.21926 2.55393 2.2905 29.36789
0.58237 24.91614 2.70147 2.28194 29.53187
0.60652 25.01736 2.521 2.33611 29.53079
0.57519 25.2088 2.52916 2.47463 29.22783
0.61589 25.22241 2.65793 2.41002 29.11215
0.59934 25.23843 2.73294 2.30979 29.1333
0.60302 24.95301 2.58726 2.40361 29.46605
0.5924 25.0011 2.72369 2.38013 29.31658
0.57913 25.21878 2.50177 2.22868 29.48334
0.53171 25.33826 2.65769 2.25268 29.23197
0.58366 24.92274 2.60279 2.30229 29.59822
0.57029 25.30833 2.43443 2.3252 29.37034
0.57324 25.09948 2.45559 2.50197 29.38155
0.62111 25.08112 2.34008 2.23923 29.72743
0.67304 25.39743 2.46558 2.24092 29.23899
0.6358 25.00571 2.53134 2.26561 29.57338
0.59222 25.16845 2.38415 2.36662 29.49983
0.52563 24.9081 2.38464 2.20666 29.98515
0.53699 24.89168 2.43517 2.38432 29.76593
0.57327 25.1787 2.47075 2.45834 29.33118
0.60152 24.83376 2.48888 2.31538 29.76934
0.6061 25.17159 2.64421 2.2744 29.31839
0.57661 24.88737 2.50257 2.23881 29.80319
0.59246 25.04402 2.70833 2.30189 29.36245
0.52996 25.22844 2.58199 2.29405 29.37653
0.55659 25.37566 2.71333 2.23191 29.13712
0.56774 24.90871 2.61317 2.40288 29.52365
0.51374 25.37481 2.69867 2.33553 29.09406
0.57389 25.00059 2.62641 2.26387 29.54447
0.51807 25.26239 2.6748 2.21416 29.33888
0.50116 24.9759 2.6244 2.24601 29.66199
0.53855 25.13348 2.67115 2.35059 29.31996
0.51916 25.10504 2.78715 2.29546 29.31185
0.5292 24.73719 2.82351 2.56719 29.35627
0.56223 24.96925 2.52818 2.42125 29.52873
0.59087 24.80467 2.7639 2.11908 29.72946
0.58934 24.81226 2.65123 2.28975 29.66761
0.56081 25.00465 2.76018 2.42611 29.25882
0.56892 24.74485 2.78767 2.30429 29.60236
0.57224 25.31553 2.69772 2.39851 29.027
0.59438 24.95925 2.61782 2.46895 29.36958
0.59132 25.00643 2.67164 2.33843 29.40514
0.62712 25.13781 2.77618 2.37919 29.09569
0.663 24.73108 2.84786 2.29598 29.4717
0.61408 25.05468 2.90402 2.48603 28.96025
0.58526 25.15624 2.70036 2.42548 29.151
0.59345 25.15105 2.60775 2.52049 29.14464
0.56693 24.99701 2.69944 2.51949 29.23772
0.58269 25.17563 2.66537 2.5571 29.0404
0.60989 25.36332 2.5702 2.46275 29.00785
0.59871 25.36124 2.50887 2.4471 29.10129
0.5612 25.37212 2.55263 2.57741 28.95346
0.54324 25.12001 2.5402 2.63011 29.18207
0.54705 24.92446 2.68813 2.5324 29.32316
0.63075 25.12945 2.62378 2.4826 29.15066
0.57025 24.79295 2.61881 2.51689 29.51857
0.61787 24.93303 2.58295 2.52151 29.36664
0.62045 25.15908 2.4329 2.47733 29.32689
0.65032 25.15233 2.47092 2.3705 29.36637
0.64693 24.51104 2.6547 2.498 29.70179
0.56484 24.33882 2.75713 2.4926 29.85571
0.58882 24.9795 2.59684 2.39235 29.45297
0.62025 25.00536 2.58795 2.34341 29.46385
0.59707 25.06834 2.69291 2.51208 29.14502
0.60031 25.25471 2.66305 2.4149 29.08047
0.60984 25.10927 2.70739 2.37423 29.21294
0.58045 25.08466 2.86832 2.34214 29.13702
0.53072 25.01213 2.77857 2.38399 29.30652
0.60716 25.00204 2.71634 2.32971 29.35375
0.59145 24.90237 2.88231 2.29265 29.34141
0.51536 24.85016 2.76544 2.33332 29.54796
0.54873 24.93608 2.80725 2.2098 29.51353
0.57363 24.59633 2.79805 2.36221 29.68494
0.51369 24.86142 2.72158 2.48233 29.43215
0.60744 24.74788 2.71967 2.51071 29.42725
0.53244 24.87746 2.82563 2.42412 29.35054
0.52939 24.6034 2.87803 2.26773 29.73182
0.52149 25.0462 2.68522 2.39717 29.36028
0.5264 25.28253 2.64082 2.3846 29.17771
0.54912 25.15703 2.6358 2.33544 29.33365
0.48219 24.91695 2.67276 2.52177 29.42103
0.53592 24.88594 2.78852 2.38367 29.41599
0.52875 25.21318 2.81129 2.36176 29.09514
0.54865 25.04599 2.59112 2.3811 29.44322
0.63562 24.99735 2.71958 2.43017 29.23295
0.57105 25.07433 2.5429 2.4637 29.35702
0.55561 24.84035 2.71323 2.53769 29.36428
0.58716 24.77282 2.65342 2.55665 29.44578
0.59794 24.83027 2.63707 2.44182 29.50202
0.61569 24.7728 2.59669 2.42146 29.60206
0.60842 24.82799 2.8349 2.38384 29.35839
0.58886 24.90196 2.58908 2.4579 29.47669
0.60357 25.4349 2.40026 2.49896 29.08011
0.54031 25.07627 2.51118 2.39545 29.48924
0.63145 25.02721 2.75075 2.48833 29.1196
0.59623 24.60701 2.49773 2.49357 29.82019
0.58567 24.808 2.64372 2.35284 29.62323
0.60399 25.06805 2.63604 2.27455 29.43249
0.63672 24.91755 2.75667 2.32611 29.37685
0.65053 25.13016 2.67613 2.45414 29.10433
0.60741 25.04621 2.63189 2.33395 29.39006
0.59143 24.75458 2.69806 2.25845 29.70873
0.62383 25.01289 2.51567 2.41892 29.44026
0.61709 24.90955 2.49997 2.3953 29.59024
0.58924 25.13795 2.64632 2.38383 29.25601
0.63533 24.82998 2.8932 2.28553 29.36751
0.59253 25.08797 2.7961 2.23101 29.30383
0.60606 24.79129 2.73131 2.31476 29.56542
0.59216 25.03137 2.71661 2.40255 29.26682
0.62074 24.7995 2.73782 2.35654 29.49737
0.60864 24.92794 2.66679 2.36449 29.4457
0.60592 24.78206 2.78704 2.33103 29.50724
0.57396 24.83499 2.67691 2.48149 29.44738
0.51562 24.95892 2.72524 2.43977 29.37231
0.57258 24.52162 2.6348 2.4255 29.85476
0.59283 25.06884 2.53158 2.37065 29.44749
0.60853 24.78614 2.50729 2.44268 29.66405
0.60123 24.83667 2.5088 2.35355 29.70838
0.60042 24.81757 2.62568 2.48397 29.48219
0.57483 25.12841 2.62781 2.55966 29.12568
0.58721 24.85311 2.4882 2.36861 29.71084
0.57652 24.85498 2.5417 2.30174 29.73476
0.55484 24.90507 2.66926 2.38687 29.49612
0.53343 24.91359 2.55836 2.36542 29.64138
0.55691 24.60711 2.51272 2.41572 29.91819
0.57196 25.2271 2.51885 2.50079 29.19541
0.57655 25.21089 2.52346 2.61676 29.08604
0.65567 24.97972 2.53288 2.47854 29.36297
0.56526 24.62648 2.78183 2.55666 29.48494
0.62619 24.86173 2.64069 2.54358 29.34077
0.63594 24.71673 2.55013 2.28034 29.82817
0.58285 25.05509 2.54018 2.31754 29.51864
0.6437 24.56835 2.60878 2.33022 29.86221
0.63729 24.7371 2.56868 2.50488 29.56101
0.64563 24.64936 2.44485 2.44694 29.82377
0.62054 24.98149 2.41922 2.44024 29.55082
0.57986 24.89199 2.71884 2.40054 29.41968
0.63242 24.84181 2.76603 2.43044 29.3471
0.58713 24.62782 2.74021 2.41735 29.64765
0.56616 24.42421 2.71875 2.34798 29.95451
0.58541 24.61066 2.46542 2.49506 29.85317
0.65407 24.88327 2.57536 2.25945 29.63652
0.63144 24.44701 2.74436 2.26861 29.9194
0.63794 24.77986 2.75901 2.26827 29.56794
0.57166 25.34348 2.69168 2.17565 29.22677
0.6719 25.44087 2.53482 2.24527 29.12104
0.61824 24.95038 2.6961 2.2402 29.50939
0.60544 25.02878 2.77799 2.32628 29.27809
0.62284 25.04679 2.62755 2.20148 29.51046
0.62903 24.97079 2.6688 2.24113 29.50083
0.60992 25.16667 2.67486 2.29899 29.26309
0.66529 24.93571 2.62646 2.28993 29.49307
0.63969 25.09903 2.69232 2.28926 29.29025
0.65876 24.87398 2.71539 2.30513 29.46127
0.62325 24.83868 2.73366 2.23565 29.58926
0.6339 25.31421 2.46863 2.29722 29.29859
0.56211 25.2117 2.54262 2.31275 29.38136
0.59274 25.21074 2.53759 2.25692 29.41188
0.63798 25.33263 2.64597 2.30605 29.09155
0.6164 24.90267 2.71202 2.34893 29.43047
0.60499 24.90885 2.69564 2.32965 29.47307
0.6173 24.87574 2.71 2.27092 29.53882
0.64586 24.92052 2.50632 2.44241 29.49623
0.55078 24.87633 2.69534 2.43278 29.46117
0.59461 24.79905 2.64531 2.44004 29.53158
0.56053 24.43833 2.61386 2.40239 29.99631
0.59051 24.83553 2.70288 2.4014 29.48274
0.58608 24.89979 2.82942 2.33789 29.36622
0.64306 24.79805 2.8307 2.33326 29.40533
0.61258 24.8674 2.65927 2.26425 29.60753
0.55957 25.12158 2.70248 2.32108 29.30672
0.6757 24.72745 2.71128 2.33398 29.56363
0.58054 24.5768 2.84427 2.4943 29.51574
0.64279 24.81387 2.70755 2.31946 29.52923
0.6662 24.38419 2.77528 2.20762 29.98264
0.61561 24.54955 2.60566 2.24549 29.99234
0.63362 25.2998 2.72887 2.22083 29.13355
0.66019 24.9716 2.69694 2.33614 29.35181
0.63358 25.11317 2.66676 2.29391 29.31427
0.62105 25.19512 2.74103 2.30811 29.1524
0.59087 24.75678 2.82217 2.24439 29.60241
0.57559 25.16341 2.68054 2.12936 29.46302
0.5827 24.92421 2.58894 2.16924 29.75114
0.59979 24.79203 2.66665 2.16956 29.78639
0.59832 25.18097 2.48853 2.30072 29.44304
0.58268 25.09865 2.57951 2.31184 29.4373
0.61155 25.14356 2.56666 2.26398 29.42979
0.57179 25.10402 2.46212 2.29185 29.58382
