"V1" "V2" "V3" "V4" "V5"
0.6271 22.87444 4.21655 2.01159 30.28528
0.75169 23.28063 3.83225 2.17086 29.97921
0.6937 22.6642 3.93563 2.08677 30.62743
0.64692 22.46756 3.58931 2.15193 31.15004
0.64308 23.11681 3.63518 2.39467 30.22418
0.67533 22.76898 4.24342 2.0677 30.26332
0.65641 23.226 3.52708 2.00466 30.59664
0.62673 21.97061 4.17387 1.92774 31.31397
0.62552 22.40841 3.97486 1.87697 31.1214
0.67617 21.59121 4.05279 2.02974 31.65549
0.67964 21.73335 3.9457 2.35028 31.29932
0.8218 22.67692 4.01588 2.34724 30.14808
0.73027 22.99528 3.79151 2.35226 30.14276
0.69825 23.14151 3.5752 2.23939 30.35738
0.64503 22.30973 4.17008 2.21845 30.67406
0.74187 22.1971 4.47283 2.28051 30.32072
0.78267 22.50178 3.94511 2.22075 30.56112
0.76438 22.54951 4.60913 2.05703 30.03583
0.62702 22.96626 4.97615 2.18774 29.27452
0.62729 22.2917 5.14945 2.29828 29.64992
0.54669 23.01582 4.47189 2.11847 29.86691
0.59816 22.65634 4.04994 2.45647 30.25255
0.61934 22.92187 3.82023 2.26815 30.38098
0.52443 22.14725 3.989 2.3685 30.97974
0.53038 23.08019 3.99374 2.11543 30.28808
0.58021 22.8791 3.89718 2.15163 30.50033
0.56871 23.57735 3.50857 2.31763 30.04148
0.62671 23.32065 3.35983 2.50082 30.20242
0.58112 23.6236 3.38036 2.15991 30.26128
0.61405 23.49261 3.57141 2.40548 29.92642
0.64238 22.70811 3.79521 2.53524 30.32928
0.63069 22.28973 4.09945 2.40276 30.58446
0.64049 22.44157 3.52603 2.35232 31.04526
0.53779 23.2166 3.74568 1.84332 30.66804
0.61576 23.66309 3.91097 2.39345 29.43044
0.6471 22.57127 3.67084 2.27787 30.83867
0.54194 22.75655 3.73552 2.00905 30.96522
0.61221 22.84508 3.71705 1.92427 30.91093
0.54494 24.23108 3.55707 2.43186 29.24918
0.58595 23.14437 3.76837 1.96622 30.54452
0.6584 22.92302 3.62317 1.97098 30.83226
0.61928 24.58796 3.4065 2.1026 29.30085
0.66135 22.61949 4.05144 2.32184 30.36046
0.69897 22.32541 3.82113 2.26853 30.89216
0.68656 22.75836 4.2684 2.28205 30.01541
0.58602 23.32655 4.10816 2.34785 29.64407
0.68567 23.58505 3.71109 2.56552 29.468
0.6536 23.14978 3.61109 2.52714 30.06785
0.68535 23.58232 3.7391 2.38767 29.61767
0.70891 23.30277 3.44472 2.35648 30.19755
0.57904 22.70844 3.62122 2.24467 30.8524
0.61239 23.22899 3.63301 2.3399 30.19391
0.67608 22.8094 3.32461 2.06829 31.12816
0.70775 22.7218 4.11478 2.11326 30.35796
0.69501 23.89117 3.40073 2.98528 29.04289
0.82646 22.09614 3.64329 2.49161 30.95453
0.81263 23.13415 4.04774 2.38653 29.64407
0.76862 22.38972 4.51343 2.24137 30.10512
0.91071 21.32438 4.68153 2.48774 30.62058
0.69741 22.22952 4.09463 2.8859 30.1073
0.73511 22.07736 4.23716 2.80146 30.16195
0.76572 23.34675 3.93684 2.60525 29.36338
0.76034 21.92363 4.35897 2.48578 30.48125
0.82011 23.07716 3.9172 2.24065 29.95921
0.78133 23.1807 3.7894 2.4649 29.8016
0.88586 22.37783 3.89149 2.3367 30.52863
0.82312 22.63654 4.11533 2.45618 29.98831
0.8864 23.93462 3.35583 2.6711 29.16924
0.74668 22.0397 3.46938 2.57498 31.1805
0.78982 21.34407 3.48088 2.86363 31.53438
0.78792 22.77222 4.24755 2.49776 29.71442
0.80606 22.24644 3.82055 2.52708 30.61609
0.82742 22.44539 3.91751 2.67267 30.157
0.86402 22.74563 4.02768 2.43559 29.94255
0.79019 22.68201 4.18936 2.22727 30.12742
0.72031 22.29309 3.42561 2.33578 31.23796
0.77424 22.17989 4.39164 2.33672 30.33577
0.67631 22.4239 4.09986 2.48895 30.32162
0.61656 23.06029 4.02377 2.33984 29.97374
0.72793 22.71118 3.70789 2.20396 30.66099
0.71975 23.35195 3.40484 2.48409 30.05432
0.73167 23.34547 3.757 2.30733 29.87538
0.67386 23.50303 3.72746 2.58464 29.52994
1.07747 23.52746 3.61752 2.50322 29.29627
0.73918 23.15262 3.69606 2.58952 29.83943
0.65708 23.60158 3.27794 2.50887 29.96631
0.66258 23.30847 3.47274 2.08487 30.48312
0.77927 22.46945 3.96043 2.1674 30.63498
0.69573 23.79796 3.44869 2.0797 29.99177
0.7683 22.55529 3.97631 2.09313 30.6196
0.6745 22.81619 4.20968 2.21566 30.10323
0.82007 22.76549 4.32896 2.35353 29.74712
0.82848 23.39511 3.97135 2.19188 29.62889
0.83537 22.83544 4.2589 2.14235 29.9431
0.7172 22.97116 4.06057 2.18177 30.07936
0.79958 23.57355 3.12905 2.36985 30.1391
0.75065 22.80247 3.56562 2.2338 30.66002
0.70788 22.88486 3.72971 2.00004 30.6896
0.81393 23.24199 3.69666 2.1113 30.14678
0.74742 22.69143 3.67699 2.68643 30.20658
0.6702 23.4272 3.67782 2.61619 29.61687
0.72818 23.52704 3.46491 2.48951 29.80155
0.64868 23.06746 3.51715 2.92677 29.8569
0.74235 22.52285 3.57735 2.72082 30.44665
0.7295 22.52633 3.51865 2.54058 30.69552
0.66778 22.64415 3.64153 2.44295 30.61505
0.83729 22.91647 3.58935 2.55926 30.11509
0.76606 21.74177 3.75095 2.50171 31.24789
0.69266 22.70259 3.61349 2.47319 30.53499
0.63067 22.48851 3.7798 2.26829 30.85254
0.68589 23.52067 3.78529 2.5202 29.50479
0.76394 21.96001 3.90585 2.09941 31.28481
0.76618 22.63127 3.90354 2.41604 30.29668
0.76342 23.04576 4.07676 2.35971 29.76718
0.72191 22.67014 3.97851 2.22119 30.42363
0.69833 22.56335 4.0973 2.18072 30.47186
0.68955 23.1094 4.00873 2.21049 29.99417
0.78389 22.79187 4.1725 2.44913 29.81777
0.77959 22.69995 4.30194 2.38283 29.84665
0.81461 23.39118 4.12861 2.2688 29.4138
0.86617 22.7831 4.30896 2.33964 29.73308
0.80808 22.01618 4.36896 2.1533 30.66932
0.80167 22.16297 4.12069 2.38354 30.55211
0.96588 22.61189 3.61166 2.32583 30.51256
0.77109 22.61814 3.88261 2.71583 30.04053
0.84467 21.6854 4.31467 2.54198 30.64296
0.83077 22.24016 4.45642 2.16964 30.32944
0.80344 22.80178 4.37233 2.372 29.66824
0.74788 22.35653 4.195 2.31061 30.40518
0.79931 22.6556 4.18278 2.31433 30.06415
0.91141 23.161 3.79228 2.06302 30.0859
0.80438 23.29722 4.32655 2.3522 29.23838
0.83015 23.45375 3.93938 2.42093 29.37578
0.83776 23.9182 3.62709 2.62208 29.01796
0.70044 23.23266 4.26663 2.57468 29.24069
0.72053 23.20095 3.78073 2.51952 29.79011
0.84092 22.9378 4.18223 2.35281 29.70287
0.72899 23.04625 3.64615 2.40104 30.1895
0.80628 21.83218 4.2704 1.9778 31.12482
0.77294 22.81164 4.02801 2.31047 30.09189
0.70836 23.14964 4.01872 2.05108 30.08099
0.85226 23.06076 4.65291 1.94866 29.50454
0.86446 22.87552 4.16278 2.21422 29.89871
0.80081 22.92698 3.70891 2.1482 30.42662
0.82987 23.3478 4.17927 2.27692 29.38879
0.80395 23.68452 3.5441 2.06013 29.92007
0.82917 22.3394 4.06125 2.07534 30.70654
0.77118 22.56356 3.98603 2.14023 30.55413
0.80585 23.29596 4.71317 2.27135 28.94431
0.84873 22.11082 4.06686 2.192 30.79252
0.95443 21.95851 4.50763 2.17415 30.42376
0.88513 23.46522 4.52907 2.34958 28.7952
0.91416 23.12317 4.35112 2.64271 28.98955
1.00247 22.30089 3.96915 2.45015 30.2884
0.85311 23.22844 4.00016 2.44765 29.48523
0.84865 22.8972 3.72002 2.15436 30.38907
0.66603 23.32743 3.62054 2.32727 30.06888
0.60298 22.98141 3.63019 2.21697 30.58173
0.69434 23.18183 3.90084 2.42639 29.81564
0.62868 23.04662 3.44102 2.38594 30.50624
0.74815 22.26847 3.72432 2.43122 30.83806
0.75031 22.25833 4.30399 2.39302 30.30463
0.73294 23.49661 4.19057 2.44205 29.15821
0.69505 23.80258 4.01457 2.52408 28.98507
0.62387 22.38442 3.90209 2.74331 30.3558
0.67835 21.92494 4.05358 2.47649 30.87435
0.80761 21.90108 4.03145 2.46982 30.80088
0.68242 22.69508 3.61014 2.42102 30.60669
0.69013 22.67822 3.85305 2.51042 30.28273
0.66826 23.44123 3.69326 2.41493 29.79745
0.61277 22.94367 3.58581 2.12185 30.74511
0.72134 22.55279 3.61871 2.45482 30.66104
0.6043 22.57764 3.92378 2.353 30.55229
0.5968 22.40457 3.8364 2.53967 30.63828
0.65691 22.15067 3.60154 2.7379 30.86117
0.79516 22.66651 3.97418 2.72891 29.85174
0.83923 22.53827 4.07908 2.74733 29.81696
0.76334 23.42564 3.5412 2.40702 29.87898
0.82843 23.25092 3.97017 2.52218 29.44573
0.62275 23.31212 3.88119 2.43188 29.7685
0.62925 22.81725 3.74556 2.30938 30.50812
0.69343 21.8995 4.1253 2.51285 30.7823
0.6862 22.03905 4.31125 2.82044 30.15847
0.67344 22.44267 4.21215 2.81657 29.87212
0.74104 22.51605 3.64162 2.47062 30.64641
0.82863 22.52276 3.41985 2.68585 30.56167
0.86012 23.9 3.53091 2.42866 29.30551
0.78456 23.44382 3.1775 2.56577 30.03918
0.82824 23.31551 3.08411 2.10426 30.68166
0.76204 23.09947 2.94062 2.40426 30.80691
0.83474 23.60641 3.43183 2.26506 29.87311
0.96104 22.78286 3.61339 2.1826 30.47899
0.93852 22.74238 3.76397 1.91917 30.65052
0.80119 24.17216 3.57093 2.11769 29.35608
0.83182 23.82184 3.75711 1.98122 29.6268
1.10747 23.96758 3.42854 2.04227 29.48189
0.88479 22.63022 3.61401 2.26566 30.62053
1.02048 23.65342 3.45945 2.34673 29.54378
0.86544 22.5986 3.9225 2.37296 30.25608
0.72032 23.41505 3.81306 2.29564 29.77351
0.88278 22.46582 3.9433 2.17117 30.5459
0.85715 22.75626 4.21095 2.19659 29.99432
0.79323 22.76914 4.12555 2.12502 30.20622
0.78291 22.01341 4.10339 2.15548 30.95852
0.74155 23.63476 3.68025 2.34848 29.61831
0.69497 23.16188 4.00061 2.15848 30.00076
0.75965 22.62798 4.40642 2.24336 29.98262
0.69907 23.2415 3.91833 2.12811 30.02879
0.75865 22.67806 3.71197 2.28323 30.57989
0.75796 23.00484 3.84118 2.35469 30.05997
0.811 23.66689 3.88456 2.31172 29.34269
0.83153 23.01406 4.07448 1.93821 30.16157
0.82687 22.95436 4.02441 1.94442 30.27912
0.8506 23.33341 4.02397 2.03876 29.77608
0.87173 23.43122 4.08558 2.25295 29.38515
0.91271 22.14744 4.08376 1.93545 30.94018
0.69434 24.34923 3.45444 2.27508 29.25831
0.80031 24.0698 3.65659 2.19266 29.30501
0.76651 22.07432 4.12489 1.99387 31.05084
0.8828 20.96065 4.81603 2.17412 31.19155
0.62785 22.1031 4.00085 1.99294 31.28207
0.61017 22.38028 4.52199 2.14365 30.35479
0.65009 23.1841 3.87112 2.34792 29.96397
0.66924 22.83125 3.58439 2.29696 30.63103
0.52423 22.12099 3.94605 2.40625 31.0154
0.48676 23.48381 3.90462 2.44011 29.7026
0.57142 22.55644 4.07461 2.56373 30.24985
0.54693 22.82014 4.00282 2.34444 30.29813
0.67699 22.24426 4.50228 2.32826 30.26347
0.71532 22.695 4.25898 2.24421 30.09953
0.7442 23.43337 4.19822 2.39027 29.25193
0.76019 24.11731 3.8471 2.38977 28.90665
0.74841 22.57308 3.99183 2.47261 30.2272
0.76143 23.26568 3.84534 2.527 29.61805
0.78544 22.08888 4.00405 2.19493 30.93735
0.79717 22.23756 4.58573 2.75128 29.65126
0.80658 21.44474 4.70008 2.57051 30.49305
0.71104 22.62079 3.87997 2.44969 30.35061
0.69881 23.01995 4.19701 2.10792 29.98818
0.78107 22.66905 3.91328 2.58773 30.06279
0.69431 23.29081 3.71865 2.79894 29.51439
0.6145 22.33613 3.47318 2.39743 31.18537
0.67967 22.32602 4.05987 2.2744 30.67053
0.71115 22.87111 4.21083 2.16504 30.05281
0.7983 21.92174 4.75831 2.63282 29.90443
0.70154 22.80332 4.25329 2.6406 29.61784
0.70082 22.96005 4.45668 2.45459 29.4501
0.63833 22.80714 4.4767 2.445 29.65078
0.60708 23.46717 4.13674 2.57205 29.23108
0.6799 21.96174 4.40431 2.52823 30.44207
0.71015 22.80611 4.23862 2.62531 29.6332
0.67922 23.39784 4.4326 2.63397 28.87282
0.56155 22.98976 4.43801 2.4693 29.55447
0.66482 23.54183 4.53611 2.61066 28.67003
0.75062 23.42128 4.47236 2.61633 28.75939
0.76136 22.86925 4.55536 2.85449 28.98419
0.71207 22.98295 4.35714 2.73863 29.23449
0.85488 21.76371 4.25581 2.63906 30.50065
0.77466 22.66212 4.54374 2.36682 29.66909
0.67776 22.24205 4.44379 2.90124 29.75502
0.5613 22.57888 3.88844 2.53231 30.4489
0.64901 23.56263 4.10522 2.78459 28.91975
0.68667 23.35975 3.66807 2.6369 29.66265
0.66166 23.94879 4.3496 2.65053 28.41028
0.71536 22.26379 4.06607 2.40006 30.56585
0.71709 22.09843 3.83739 2.46634 30.8888
0.58897 22.54306 4.16632 2.51341 30.20319
0.58402 22.93739 3.90403 2.24303 30.34214
0.7075 23.14369 3.87537 2.57478 29.71251
0.62038 23.3732 4.21529 2.49302 29.31765
0.66607 24.27814 4.10522 2.88672 28.08917
0.72901 23.19128 4.2419 2.84939 29.01712
0.6887 23.55532 4.06274 2.76597 28.95891
0.5844 24.16254 3.52322 2.85061 28.89967
0.76447 23.56301 3.12582 2.99579 29.57
0.65575 23.28361 3.31768 2.77478 29.98486
0.66844 23.8704 3.57117 2.87098 29.04038
0.7168 23.12026 3.60481 2.74261 29.83481
0.65914 23.69069 3.56489 2.91547 29.1957
0.73984 22.87456 4.21322 2.74203 29.4502
0.65096 22.82958 4.41237 2.47633 29.64381
0.61347 24.23739 3.62389 2.40669 29.13634
0.64432 23.65748 3.9577 2.55084 29.21273
0.83258 23.46756 3.79342 2.53652 29.39225
0.60995 23.50055 3.85678 2.1549 29.8963
0.57388 22.56243 3.93969 1.97573 30.95762
0.58134 23.77938 3.71575 2.48355 29.46181
0.63609 22.99458 3.99509 2.09463 30.29289
0.64684 22.97956 3.82856 2.55855 30.00782
0.80103 22.49078 3.85486 2.73408 30.1422
0.7559 22.39814 4.46727 2.49884 29.89717
0.67823 23.25064 4.44999 2.70031 28.94575
0.60774 23.14709 3.65564 2.41087 30.19107
0.5509 22.74213 4.2521 2.66642 29.8114
0.65288 23.65327 4.21023 2.62154 28.88261
0.65218 23.98602 4.17057 2.74119 28.48285
0.63208 22.35457 4.53868 2.60709 29.88111
0.58548 22.90105 4.68084 2.64236 29.21177
0.63308 21.78035 4.44209 2.67269 30.48665
0.56511 23.17677 4.38025 2.41327 29.48091
0.61862 23.71139 4.43454 2.28027 28.97321
0.54488 22.12489 4.29216 2.29532 30.75124
0.71212 23.27972 4.40664 2.47234 29.14663
0.65016 23.46749 3.89658 2.3221 29.68987
0.62591 23.51626 4.11119 2.48943 29.27662
0.75478 23.17514 4.03882 2.31034 29.7386
0.69195 23.37083 4.15961 2.37452 29.42171
0.7019 22.71715 4.66748 2.43488 29.50146
0.66438 22.84114 4.8472 2.28396 29.38349
0.69487 22.57855 4.42964 2.6225 29.69455
0.69288 22.82051 4.44784 2.62147 29.43446
0.63238 23.16247 4.04365 2.37296 29.81152
0.59357 22.29877 3.84311 2.10473 31.17343
0.6516 22.87713 3.92759 2.26716 30.29727
0.71085 22.83824 3.55751 2.31143 30.60098
0.90079 23.44173 3.5361 2.14736 29.98956
0.91215 23.22431 3.95079 2.05958 29.87337
0.73701 24.17364 3.86298 2.32152 28.92355
0.71849 23.81475 3.97524 2.35879 29.14937
0.84673 22.73424 3.6044 2.27451 30.55245
0.89854 22.57102 3.83188 2.39869 30.3178
0.93741 23.17443 4.10559 2.42674 29.38384
0.91501 23.10123 4.18852 2.20132 29.62915
0.81956 22.75374 3.71624 2.31045 30.421
0.80101 23.00104 3.91206 2.33228 29.97714
0.7915 22.8879 4.16727 2.15366 30.01468
0.8629 23.22635 4.34024 2.45673 29.13946
0.88923 22.31954 4.03833 2.31432 30.45671
0.92523 22.26004 3.58836 2.11863 31.11892
0.83125 23.81263 4.02021 2.14943 29.20763
0.89969 23.28364 3.4687 2.77682 29.58983
0.77195 23.38921 4.04685 2.68614 29.13271
0.75109 22.43169 3.97826 2.4629 30.39068
0.64751 22.73356 3.74709 2.66546 30.22112
0.68634 23.82764 3.5918 2.67964 29.2318
0.74155 22.17876 4.51662 2.39385 30.18189
0.70579 21.73133 4.52306 2.21115 30.83847
0.65857 22.36324 4.28575 2.02811 30.67777
0.69827 22.75809 4.27281 2.05234 30.23452
0.67306 22.30671 4.05468 2.17136 30.80253
0.66748 22.03765 4.33907 2.28777 30.68204
0.7374 22.73216 4.05122 2.5096 29.98089
0.69708 23.27455 3.71606 2.8471 29.48237
0.82337 22.43468 3.66122 2.75915 30.33038
0.72828 22.34349 4.12982 2.60884 30.20427
0.70088 22.42789 4.19907 2.50722 30.17923
0.66971 22.85326 4.35869 2.3051 29.83081
0.70361 21.92519 3.97633 2.5188 30.88635
0.75131 22.88037 4.02493 2.57709 29.77952
0.84287 23.30803 3.96604 2.30916 29.58826
0.78012 22.86373 4.73546 2.46029 29.18932
0.72502 22.76826 4.2154 2.38137 29.92298
0.7688 22.89145 4.09686 2.21275 30.04215
0.69677 22.9876 3.92021 2.186 30.21937
0.81518 22.51371 4.37342 2.63007 29.68547
0.77567 24.51437 3.40332 2.15584 29.16644
0.67046 24.41612 3.77821 2.64745 28.50842
0.72267 24.02569 3.34956 2.61881 29.30111
0.79251 23.0928 3.85068 2.85297 29.43421
0.68946 23.5235 3.49397 2.8461 29.4674
0.73492 23.02528 4.0444 2.83611 29.37258
0.68351 24.31778 3.60293 2.43363 28.98082
0.66317 22.52477 4.36487 2.35039 30.11585
0.6995 24.22289 3.72496 2.01184 29.35845
0.78745 23.3468 3.30858 2.35945 30.2069
0.60843 22.74559 3.59667 2.10407 30.9516
0.6147 23.22427 4.09537 2.46239 29.61651
0.63095 23.20046 4.08299 2.52088 29.58031
0.7098 22.63939 4.66545 2.48098 29.52195
0.69378 22.51402 4.55785 2.32195 29.93052
0.59612 22.86313 4.08704 2.26734 30.20395
0.74932 23.43162 3.35245 2.14907 30.32867
0.6004 23.41968 3.49341 2.11364 30.38401
0.63373 24.03952 3.54208 1.98645 29.80976
0.56236 22.77328 3.69318 2.10286 30.87601
0.57221 23.72018 3.61815 2.09804 30.00392
0.49868 23.20614 4.07393 2.03302 30.20359
0.63024 23.08556 4.59247 2.5206 29.19526
0.6504 23.9693 4.37225 2.13471 28.89477
0.69407 23.17309 3.84699 2.3642 29.93644
0.72581 23.6036 4.35383 1.98853 29.35136
0.85408 23.80121 4.46698 2.0663 28.84105
0.74917 22.76823 4.70833 2.03913 29.75856
0.85595 21.92992 4.5212 2.21368 30.50201
0.76382 22.4499 4.16349 2.08404 30.55252
0.86355 22.32952 4.05666 2.41784 30.34914
0.74216 23.15092 4.02234 2.19382 29.91078
0.7384 23.06789 4.00869 2.12475 30.07283
0.80907 22.64491 4.27764 1.97987 30.30364
0.64763 23.63069 4.45783 2.37907 28.90564
0.67282 23.22843 3.82024 2.18807 30.10423
0.65021 22.71196 4.05239 2.52931 30.07397
0.88053 23.03939 4.14307 2.72545 29.23499
0.79816 22.72717 4.43675 2.56973 29.49168
0.68136 22.40454 4.66229 2.35729 29.91114
0.81663 23.36724 3.92286 2.85852 29.05869
0.76237 22.91671 4.11586 2.30421 29.9166
0.68682 22.57931 3.89839 2.92306 29.9257
0.77567 22.92545 3.70657 2.55356 30.05301
0.67021 23.07411 3.48771 2.52449 30.25978
0.82378 23.93362 3.80276 2.62003 28.84652
0.70139 22.81473 4.15102 2.4831 29.86751
0.65975 23.51393 4.16111 2.46473 29.22251
0.74092 22.59646 4.03622 2.32786 30.31538
0.70432 22.83829 4.20378 2.35368 29.91948
0.72782 22.34932 3.93917 2.26341 30.73385
0.69675 22.48194 3.50188 2.65025 30.67749
0.86729 22.96462 3.79879 2.51053 29.87336
0.86803 22.5218 3.80888 1.91007 30.89957
0.89474 22.97395 4.03645 2.23977 29.86761
0.7346 22.77842 4.39837 2.40576 29.69289
0.68955 22.36263 5.25101 2.44463 29.26948
0.77688 22.72888 4.06729 2.24636 30.18776
0.58624 22.78104 4.37125 2.01126 30.25782
0.53013 23.18263 3.86862 2.28808 30.14202
0.61472 21.77963 4.16905 2.16794 31.27921
0.53951 22.87114 4.1031 3.08188 29.42204
0.51795 22.42717 3.76311 3.01105 30.297
0.63838 23.00485 3.89864 2.93384 29.54325
0.56393 21.45462 4.03561 2.90723 31.05203
0.57572 23.47754 4.20844 2.85444 28.90786
0.51687 23.14063 4.00927 2.79993 29.54802
0.53504 23.19281 3.74295 2.388 30.15855
0.62821 22.57986 3.79931 2.42197 30.57872
0.48812 22.57404 4.0056 2.10975 30.83329
0.51155 22.18251 3.57392 2.43829 31.30232
0.59391 23.18875 4.00558 2.35687 29.86933
0.55327 23.55527 4.37147 2.49113 29.05026
0.58028 23.43487 4.23959 2.32043 29.45844
0.63855 22.93395 4.57446 1.76284 30.11259
0.70322 23.52503 3.89983 1.90957 29.98305
0.73638 23.28471 3.82717 2.08372 30.08127
0.59401 23.27449 3.79335 2.24278 30.10809
0.64625 23.25052 3.6088 2.33336 30.17082
0.57581 22.92061 3.64451 2.59992 30.27141
0.62195 23.5776 3.67477 2.43952 29.70219
0.65176 22.99521 3.90496 2.66796 29.79427
0.50535 24.18928 3.42868 3.09009 28.80472
0.71861 22.94272 3.77056 2.62825 29.95354
0.85217 23.65065 3.64131 2.46276 29.41097
0.74771 22.61394 3.39546 2.52588 30.73567
0.67119 23.16839 3.81471 2.66778 29.69859
0.61167 24.32625 3.56684 2.64039 28.87893
0.73752 21.93351 4.442 2.41576 30.48783
0.64665 23.32703 4.05208 2.69486 29.30044
0.63887 23.06653 4.8759 2.02709 29.40726
0.58735 23.08084 4.03669 2.32987 29.98056
0.62976 22.7388 4.29786 2.31683 30.03864
0.65023 22.58838 4.3318 2.21252 30.23214
0.64007 22.31268 4.6555 2.6247 29.78888
0.70224 22.81928 4.12769 2.4383 29.93123
0.6598 22.99596 3.78436 2.37146 30.20749
0.69557 23.27178 3.40759 2.23112 30.41227
0.58789 23.50566 3.13931 2.36277 30.41632
0.6584 22.60294 3.51329 2.29696 30.93871
0.61192 24.16445 3.44869 2.92457 28.86776
0.62638 23.76845 3.49256 3.10559 29.02729
0.56388 24.52405 3.56892 2.77422 28.59254
0.76392 22.7663 4.12568 3.05006 29.3172
0.56333 22.60333 4.01453 3.06762 29.76722
0.56575 21.92391 4.05695 2.57373 30.89214
0.62161 21.97173 4.4779 2.28296 30.65942
0.61915 22.88292 4.17047 2.36119 29.98159
0.69696 21.7178 4.26474 2.28293 31.05024
0.78541 21.75139 4.47237 1.75615 31.24853
0.78909 22.19171 4.4131 1.99445 30.62721
0.76588 22.32313 4.69069 2.29621 29.94206
0.70728 21.80405 4.31964 2.17259 31.01504
0.69513 21.91494 4.61575 2.08972 30.70289
0.65286 22.54847 4.06015 2.16298 30.58589
0.65179 23.98579 4.02005 2.45526 28.90762
0.66923 22.19406 4.14624 2.452 30.55017
0.624 22.76447 4.02595 2.52306 30.08152
0.60846 23.06919 4.25099 2.21381 29.87664
0.69955 22.29634 4.25547 2.16069 30.59928
0.72302 22.48171 4.07914 2.17626 30.55113
0.57494 22.17535 4.25112 2.3326 30.6753
0.5872 23.50817 3.86654 2.58446 29.47335
0.57242 23.08896 4.04678 2.17607 30.13063
0.57536 23.94732 4.63933 2.29411 28.56901
0.58861 23.70273 4.19341 2.08158 29.46095
0.63375 23.7591 4.04131 2.30395 29.28373
0.77045 23.32437 3.77795 2.4362 29.7069
0.74415 22.64538 4.45592 2.51039 29.6627
0.65987 23.9214 4.21031 2.17256 29.06146
0.80172 22.24505 4.4454 2.0636 30.46775
0.74382 23.01901 4.2365 2.61272 29.4175
0.57976 22.73909 3.75037 2.48008 30.46163
0.59007 21.91339 4.19241 2.09733 31.21694
0.63574 22.59261 3.78803 2.58697 30.40952
0.57265 22.44338 3.6293 2.30275 31.06178
0.57299 22.74465 3.83798 2.08834 30.76582
0.55781 23.45554 3.69982 2.10978 30.18772
0.64276 23.77153 3.79403 2.18385 29.6228
0.58545 24.026 3.77126 1.89509 29.73247
0.59374 23.41701 4.02075 1.98994 29.98833
0.64623 23.88979 4.02166 2.46362 29.00195
0.70628 24.28196 3.8518 2.39569 28.78848
0.69373 22.87361 4.00569 1.97113 30.46462
0.70312 21.71567 3.79276 1.92547 31.86845
0.78916 22.31316 3.93645 2.16461 30.80361
0.6071 23.28405 4.3562 2.14266 29.62559
0.63429 22.57207 3.89822 1.96651 30.93603
0.5414 22.66902 4.01617 1.96911 30.81283
0.6529 22.80554 4.01749 2.03532 30.50251
0.70429 22.47539 3.95106 2.02958 30.8499
0.68632 22.41006 3.94401 2.12514 30.8522
0.61302 23.47404 3.74603 2.19927 29.98209
0.69703 22.56171 4.09675 2.32254 30.33274
0.7611 23.37804 4.12942 2.39083 29.35334
0.76204 23.33789 3.86231 2.28985 29.76335
0.70927 23.10466 3.9364 2.37963 29.88862
0.67611 22.85372 4.44055 2.41837 29.62874
0.79178 22.57302 4.06059 2.08307 30.5018
0.67317 22.36185 3.96241 2.14417 30.86772
0.70148 22.72821 3.92688 2.37908 30.27845
0.68162 23.52659 4.2695 2.43146 29.11993
0.75203 23.44022 3.54256 2.80698 29.48708
0.75708 22.44153 3.59237 2.19312 31.02612
0.89973 22.84169 3.96686 2.37907 29.933
0.90373 22.56126 4.23506 2.35415 29.96916
0.75888 23.40761 3.87061 2.18755 29.79379
0.66029 23.30921 3.81137 2.754 29.48403
0.85672 22.85722 3.75937 2.6716 29.88035
0.80748 23.31344 3.72582 2.42181 29.7549
0.92603 22.60993 4.10908 2.50746 29.86769
0.93517 22.54816 4.12705 2.37428 30.04038
0.67874 22.81208 4.42572 2.83356 29.2723
0.70845 22.95939 3.83683 2.42606 30.08698
0.75695 22.91339 3.77823 2.23112 30.33895
0.79554 23.08997 4.19556 2.41826 29.52142
0.8578 22.50536 4.62149 2.64545 29.39153
0.80054 21.77263 4.84362 2.14346 30.45238
0.79836 22.38217 4.27236 2.28217 30.28195
0.70762 22.87537 3.85923 2.16614 30.40302
0.82286 22.4303 4.16267 2.25094 30.34395
0.71597 22.66883 3.68557 2.48257 30.46036
0.73258 24.08081 3.72496 2.37291 29.12045
0.80516 23.49062 3.57648 2.30869 29.83788
0.7788 23.73416 4.04992 2.23487 29.21981
0.74622 22.56212 4.62152 2.06881 30.01589
0.75359 22.52587 4.12607 2.45111 30.15864
0.71551 22.86895 3.80595 2.74523 29.87558
0.77143 22.56248 3.68341 2.4922 30.50036
0.65992 23.82451 3.75088 2.71082 29.07222
0.65745 23.27011 3.35816 2.47259 30.25586
0.80141 23.09327 4.05385 2.4558 29.61345
0.58585 22.77255 3.80701 2.46379 30.38733
0.51693 23.2625 3.5645 2.51389 30.1625
0.54329 22.57031 3.86012 2.81112 30.22543
0.60599 22.14428 4.08159 2.6937 30.48718
0.61345 21.98172 4.22653 2.99782 30.19322
0.77071 22.41293 4.16538 3.0878 29.58058
0.70979 22.70869 3.96643 2.85628 29.77533
0.82931 22.11183 3.75618 2.68857 30.62226
0.69642 22.49292 4.03988 2.52136 30.26282
0.67722 22.5282 3.56655 1.94103 31.2952
0.76446 22.63254 3.73457 1.9387 30.93941
0.70161 22.72212 4.28452 2.25112 30.05378
0.7447 22.6381 4.02496 2.35642 30.24641
0.81611 21.9422 3.81594 2.26014 31.17314
0.64201 22.96004 4.13431 2.48166 29.79663
0.7752 22.30118 3.91017 2.64848 30.37992
0.82464 22.46822 3.97439 2.70982 30.03748
0.8671 21.73789 4.40669 2.71591 30.284
0.77362 22.35003 3.77074 2.48123 30.63335
0.65213 22.53921 3.94024 2.35849 30.51896
0.74905 23.55882 3.92025 2.43776 29.34694
0.62796 22.75901 4.20681 2.50396 29.91768
0.80445 23.45102 3.91901 2.60818 29.2355
0.68511 22.94664 4.15092 2.29737 29.93336
0.71136 22.83422 4.15414 2.3861 29.9316
0.65193 23.67676 4.24677 2.84454 28.60486
0.71331 23.5256 4.15798 2.97548 28.64957
0.78231 23.15596 4.02053 2.66843 29.38817
0.75385 23.33185 4.34216 2.52641 29.06963
0.6817 24.29122 4.10861 2.32927 28.61177
0.70941 23.27243 4.16629 2.1815 29.68752
0.72205 23.5959 3.73434 2.32401 29.63615
0.75205 22.88614 4.27496 2.34583 29.75838
0.63404 22.64694 3.66805 2.54161 30.51934
0.61956 22.79744 4.01802 2.59527 29.98253
0.73054 22.27605 4.07481 2.73472 30.19536
0.61705 23.39894 3.74661 2.81419 29.4393
0.58327 23.17418 3.37907 2.37732 30.49753
0.68811 22.69602 3.78882 2.23319 30.60707
0.69171 22.69558 3.94887 2.35944 30.31739
0.67223 22.26227 3.92757 2.36255 30.78483
0.71626 21.9788 3.87858 2.49256 30.94233
0.72844 22.62598 4.00487 2.54397 30.10601
0.66616 22.62721 4.26082 2.21304 30.24597
0.69025 22.71463 4.38192 2.32714 29.90534
0.72219 22.18178 4.72729 2.37991 30.01308
0.86079 22.01879 4.32903 2.2594 30.54865
0.87261 22.28813 4.6701 2.52141 29.66493
0.78108 22.03164 4.17145 2.57347 30.45341
0.75374 22.78937 4.09434 2.33913 30.03537
0.84042 22.91969 3.63767 2.27105 30.34042
0.84829 22.91324 4.03113 2.17247 30.05099
0.80447 22.06758 4.19066 2.31619 30.63572
0.68879 22.11998 4.07047 2.5365 30.59553
0.67545 22.09157 3.89584 2.35935 30.98795
0.62769 22.62687 3.8058 2.36669 30.58499
0.60295 22.34757 4.1502 2.23706 30.67485
0.71447 22.76819 3.39833 2.534 30.59353
0.70588 23.15994 4.40306 2.53339 29.22382
0.68309 23.83109 3.79668 2.03992 29.66577
0.76291 21.95553 4.16013 2.04073 31.09245
0.83765 22.77593 4.15887 2.39307 29.8486
0.71127 22.16871 4.21913 2.33902 30.57282
0.78239 22.16444 4.20264 2.43177 30.43581
0.87233 22.76777 3.72392 2.25278 30.39383
0.71345 23.08721 4.44912 2.27101 29.50531
0.68887 22.97303 4.26895 2.29945 29.79284
0.77949 23.57788 4.23723 2.55842 28.87071
0.88775 23.20002 3.78373 2.33828 29.80664
0.83954 23.0452 3.50397 2.31328 30.31328
0.79792 23.6563 3.90217 2.34261 29.31849
0.6541 23.47029 3.71146 2.35906 29.81836
0.72636 22.96871 3.64354 2.23516 30.43722
0.76307 24.36618 3.38398 2.36062 29.14322
0.68717 23.59073 3.91221 2.2046 29.62301
0.79858 23.22076 4.00236 2.17893 29.81131
0.91361 23.43826 3.63827 2.1013 29.91779
0.75349 23.64766 3.79264 2.08628 29.73095
0.76722 23.12551 4.23066 2.05535 29.83475
0.7451 22.57551 3.94317 2.26785 30.47994
0.88224 23.5068 3.95282 2.45031 29.22384
0.95395 22.79736 4.34041 2.40452 29.5312
0.86811 22.5156 4.05375 2.4354 30.14944
1.12297 23.26038 3.73637 2.61596 29.30655
1.03252 23.13117 4.18915 2.16536 29.53321
0.95948 22.46293 4.87824 2.55486 29.19869
1.00373 23.09799 4.24015 2.32377 29.3934
1.09497 22.84486 3.97678 2.21263 29.91291
1.01516 22.81691 3.33505 2.18252 30.68087
1.02443 23.98671 3.49089 2.71828 28.83165
0.81026 22.01533 3.59331 2.28767 31.30868
0.79804 22.74005 3.52052 2.59255 30.35957
0.84542 22.20751 4.30421 2.75322 29.90458
0.84583 22.51581 4.12514 2.42603 30.10049
0.79094 22.38426 4.14302 2.53874 30.15862
0.78984 23.88854 4.12475 2.37746 28.8488
0.73762 23.21158 4.17378 2.41706 29.47637
0.89882 22.94375 4.08247 2.33543 29.75823
0.8009 23.99552 3.77362 2.10928 29.34103
0.91694 23.20454 4.07415 2.22962 29.59431
0.75041 23.79554 3.94335 2.51807 29.02297
0.78209 24.13972 3.92354 2.18812 28.99873
0.65068 23.51972 4.17286 2.24295 29.43826
0.64024 23.24562 4.29563 2.01603 29.81829
0.75524 22.72057 4.53048 1.86359 30.14274
0.80142 22.56695 4.43919 2.00897 30.19476
0.73154 22.81812 4.01357 1.9477 30.49648
0.81151 23.12811 3.95376 2.0801 30.03633
0.84127 22.49678 3.81484 1.9916 30.86502
1.04775 22.55791 3.8001 2.22649 30.38525
1.03753 23.03336 3.73862 1.95902 30.25384
0.83666 23.63737 3.82432 1.98461 29.73457
1.00087 22.85419 4.08084 2.38925 29.7011
0.89614 22.34366 4.1007 2.0938 30.58481
1.01848 22.70972 3.88118 2.20058 30.22192
0.90661 23.11557 4.08945 2.73341 29.18725
0.90479 21.8623 4.41127 2.30288 30.53596
0.86362 22.08218 4.07915 2.15268 30.8393
0.98947 22.60342 4.45257 2.36382 29.61443
1.06061 22.98211 4.59691 2.59272 28.80074
1.05494 23.14682 4.33053 2.43197 29.06867
0.87319 23.15759 4.28214 2.01741 29.70107
0.7916 22.18454 4.18893 1.97991 30.87856
0.90489 22.46516 4.23871 2.26806 30.17421
0.87004 22.57482 3.72089 2.21445 30.63916
0.81333 22.20032 3.78401 2.23033 30.9842
0.76006 22.40943 4.08614 2.17431 30.58214
0.66332 22.02205 4.34922 2.17466 30.80569
0.6631 23.0368 4.34722 2.338 29.6391
0.78273 22.35598 3.80563 2.28713 30.77933
0.61421 22.64914 4.20486 1.92742 30.61825
0.61884 23.56839 3.91868 2.35452 29.55064
0.64041 23.64878 3.83121 2.00106 29.88901
0.71977 23.63844 3.59445 2.37339 29.68689
0.69291 23.44442 3.99457 2.70938 29.17401
0.72921 22.984 4.12217 2.53292 29.64589
0.68163 21.88936 4.41512 2.35983 30.66409
0.68616 22.3152 4.35769 2.18956 30.4618
0.71351 22.09509 3.97541 2.20079 31.02602
0.75441 22.65585 3.64672 2.19379 30.76239
0.8572 23.41599 3.40042 2.00731 30.33498
0.77748 23.08686 3.21803 2.34543 30.58422
0.65756 23.39111 3.40769 2.53088 30.02501
0.72936 22.95095 3.56279 2.18873 30.57936
0.67021 23.88579 3.23604 2.43099 29.79303
0.69705 24.51029 3.19741 2.47394 29.13781
0.59721 23.05264 3.72214 2.57512 30.06258
0.54045 23.00936 3.97885 2.54704 29.93976
0.63929 21.63198 4.01047 2.44225 31.28372
0.67605 22.21271 4.07802 2.53508 30.51052
0.71332 22.6633 4.12554 2.55506 29.9605
0.79026 23.5946 3.81239 2.55686 29.26102
0.71418 22.83377 4.27775 2.36162 29.82967
0.7067 22.30012 4.17326 2.60308 30.23755
0.67622 22.49491 4.07573 2.59176 30.17443
0.57886 22.4778 4.04016 2.57327 30.34299
0.59979 22.30726 3.64271 2.51456 30.94958
0.64621 22.27434 3.87788 2.61602 30.59943
0.56244 23.23813 3.33117 2.62468 30.25953
0.62073 23.40602 3.49156 2.25627 30.24125
0.82236 22.73047 3.88291 2.13084 30.44418
0.73094 22.25076 3.7487 2.12443 31.1526
0.65367 23.01899 3.83927 2.20443 30.29562
0.6517 22.86557 3.54542 2.20047 30.7474
0.80713 22.74331 3.7203 2.17505 30.56692
0.74969 23.19546 3.79317 2.4588 29.81694
0.64448 23.00855 4.32508 2.67366 29.36327
0.6438 23.17672 3.49153 3.01331 29.68665
0.55995 23.13535 3.50267 2.36853 30.44372
0.53785 22.94654 3.52816 2.38471 30.61159
0.65221 22.79012 3.8026 2.44945 30.31565
0.61933 23.3111 3.74259 2.39362 29.94755
0.67911 22.91846 3.71443 2.32311 30.37586
0.58394 22.6296 3.80565 2.23658 30.75685
0.53463 23.65382 3.77702 2.39592 29.65551
0.60783 22.80163 3.85816 2.55574 30.19022
0.60182 21.70021 4.31401 2.11566 31.28281
0.61222 22.46477 4.58433 2.14462 30.2206
0.62218 23.2536 3.81197 2.29302 30.0348
0.71071 23.24048 4.14389 2.22406 29.69918
0.62252 23.09611 4.24003 2.18229 29.88261
0.71161 22.36747 4.15733 2.26501 30.51169
0.62749 23.97741 3.83472 2.46004 29.11736
0.55143 22.48314 4.2781 2.34628 30.35017
0.5775 24.15 3.48841 2.61466 29.18414
0.6805 22.80174 4.03659 2.44746 30.04821
0.68126 23.19684 4.13292 2.25005 29.75684
0.65243 22.86434 3.91296 2.43925 30.14121
0.61343 22.24575 4.61186 2.76577 29.78051
0.64884 22.92932 3.92982 2.27958 30.22733
0.78086 22.91998 3.74799 2.33054 30.23562
0.64387 24.21581 3.70764 2.14397 29.31048
0.65578 22.3078 4.53812 2.06375 30.45569
0.72888 23.53559 4.40864 2.49556 28.85852
0.72773 22.79853 4.777 2.11916 29.59066
0.77649 22.5684 4.60073 2.08951 29.9851
0.759 22.69004 4.34159 2.58693 29.64139
0.85171 22.77423 4.25882 2.48443 29.65175
0.69883 22.47453 4.06923 2.41461 30.35637
0.77058 23.05532 3.88607 2.77117 29.54085
0.72245 23.50021 4.00807 2.92267 28.87592
0.71657 23.03555 3.87662 3.11681 29.27635
0.78216 22.86306 3.60618 2.73378 30.03346
0.6451 22.20766 4.23503 2.83136 30.10107
0.64399 22.48776 3.64618 2.70773 30.53054
0.70371 22.79179 4.04791 2.6269 29.84644
0.68246 23.17356 4.66015 2.40285 29.10624
0.66442 22.28424 4.11502 2.79663 30.15684
0.62734 23.2638 4.03993 2.56038 29.5398
0.68973 23.62152 3.51717 2.63137 29.55613
0.71726 24.79388 3.40119 2.28986 28.8281
0.67129 22.82043 4.2232 2.5337 29.77755
0.61831 23.59608 4.02661 2.32366 29.46219
0.6905 22.3512 4.28191 2.24968 30.44214
0.65087 22.87799 4.40956 2.29953 29.7846
0.62998 23.18567 3.70358 2.2289 30.27322
0.78415 22.58885 3.94918 2.54005 30.15918
0.6738 22.41963 4.01914 2.2051 30.69626
0.71511 21.90292 3.94834 2.15115 31.29525
0.60152 22.61567 3.86082 2.41216 30.52028
0.59293 22.7566 4.3374 2.36973 29.95953
0.70131 22.8331 4.32662 2.31341 29.84233
0.69092 23.81884 4.16008 2.29007 29.07126
0.75679 23.88863 3.92042 2.15483 29.30626
0.74187 23.65743 3.92811 2.72825 28.9702
0.64626 23.19785 3.32786 3.04662 29.80362
0.81517 23.02512 3.5329 2.19812 30.44466
0.80314 23.24162 3.97409 2.69419 29.31646
0.87066 23.27086 3.68441 2.57329 29.62546
0.8765 22.706 4.27049 2.48831 29.68811
0.83486 22.3719 4.21114 2.63747 29.96658
0.69366 23.17005 4.22471 2.54184 29.3907
0.86766 23.99928 3.92696 2.61743 28.61947
0.71449 22.76933 4.09476 2.52517 29.91223
0.62722 22.77614 4.44657 2.24055 29.92709
0.6175 23.20052 4.01593 2.47871 29.70371
0.69124 23.09659 3.59309 2.57572 30.0589
0.64484 23.33446 3.61501 2.32972 30.09132
0.76985 22.81252 3.8331 2.22262 30.3762
0.7751 22.55605 3.86194 2.39358 30.4301
0.82268 21.17412 3.87961 2.25173 31.88275
0.79801 22.31325 4.02857 2.25673 30.61957
0.62922 23.04665 4.09377 2.43791 29.8088
0.7541 22.73308 4.07956 2.42219 30.02269
0.78639 22.84463 4.31944 2.61601 29.45631
0.69954 22.91497 3.88627 2.31946 30.19467
0.56188 22.85763 3.88957 2.44273 30.26189
0.57917 21.99234 4.52255 2.17715 30.74195
0.68863 23.19025 4.49446 2.51381 29.13259
0.69044 23.34621 4.5223 2.72946 28.73512
0.69765 22.52458 4.41394 2.53456 29.8444
0.66195 22.58568 4.28998 2.69945 29.78273
0.60564 22.82688 3.50624 2.55781 30.51737
0.70764 23.92619 3.50138 2.82978 29.05903
0.64554 23.42524 3.39649 2.51496 30.03328
0.5739 22.30915 3.89318 2.55094 30.68507
0.60626 22.2111 4.43689 2.46145 30.29519
0.6603 22.3919 4.36724 2.3092 30.28417
0.57839 22.26174 4.12911 2.47259 30.57112
0.60929 22.56802 3.93816 2.76898 30.13248
0.6593 22.39912 4.50825 2.36907 30.08126
0.57361 22.97102 4.14922 2.81812 29.50938
0.59228 23.35034 3.80814 2.30738 29.9554
0.66293 22.47199 4.42174 2.22304 30.23719
0.5999 22.27221 4.10202 2.17088 30.86884
0.6142 22.72969 3.92572 2.18222 30.56069
0.55251 22.91084 4.34648 2.1608 30.04615
0.67832 22.59775 4.64405 2.28445 29.80976
0.62725 23.1715 3.99245 2.57731 29.65141
0.69599 22.60078 4.30271 2.50524 29.91494
0.77039 22.19686 4.06313 2.1407 30.84014
0.78426 23.55272 3.99449 2.30506 29.3812
0.87019 23.31411 3.91505 2.21304 29.70355
0.8859 23.61725 4.14527 2.21258 29.15661
0.67743 22.8958 3.98546 2.44921 30.00669
0.70412 23.19223 4.19342 2.47799 29.44717
0.7088 22.49042 3.81335 2.28562 30.71087
0.71554 22.68928 3.90462 2.3952 30.30923
0.78354 22.92135 3.58767 2.23721 30.48093
0.90487 23.29211 3.63492 2.31174 29.87372
0.86492 22.02746 3.92652 2.32363 30.87076
0.91689 22.25622 3.34225 2.44602 31.05262
0.6075 22.26126 3.81265 2.40444 30.92529
0.7076 22.29228 3.75372 2.42413 30.83637
0.78057 22.04143 3.81366 2.52117 30.85376
0.67927 22.58664 3.77487 2.45805 30.51132
0.70125 23.53195 3.539 2.34131 29.89996
0.59465 22.61305 3.37864 2.2961 31.12478
0.73563 22.60325 4.11855 2.64261 29.91099
0.75166 22.64261 4.00624 2.95247 29.66229
0.8188 22.22225 4.57649 2.25296 30.14896
0.79683 22.26937 4.51102 2.51146 29.94403
0.71107 22.91998 4.37781 2.40781 29.60917
0.7417 22.69595 3.91957 2.36218 30.29232
0.80126 23.38548 3.66363 2.4395 29.72507
0.70802 23.44838 3.57412 1.98999 30.29446
0.6633 23.50657 3.74228 2.20784 29.89744
0.57925 23.14677 4.12944 2.35188 29.81734
0.53399 23.21044 3.75373 2.76887 29.75158
0.56044 22.91174 3.515 2.77541 30.24786
0.68505 22.5752 3.57847 2.65819 30.51325
0.73756 22.35544 3.88784 2.71129 30.32301
0.83653 22.61378 4.03813 2.95396 29.58263
0.69198 22.89045 3.79018 2.4437 30.1962
0.75886 23.12953 3.62845 2.88677 29.61186
0.8136 23.28544 3.94249 2.61312 29.36618
0.71939 22.681 3.46766 2.21713 30.93279
0.65994 22.8349 3.92271 2.5542 30.04675
0.81276 23.04229 3.9362 2.33881 29.88807
0.8335 23.51542 4.03284 2.64585 29.01206
0.72488 23.24262 3.87441 2.68756 29.50663
0.79342 24.39384 3.57834 2.81815 28.46276
0.80281 23.49924 3.9753 2.96236 28.81631
0.83044 23.55587 4.42948 2.86327 28.37808
0.82096 22.65128 4.40405 2.41846 29.73037
0.68845 22.54562 4.18764 2.5696 30.02829
0.77136 22.3993 4.1612 2.28217 30.40333
0.60373 22.57061 3.83875 2.29528 30.70745
0.64127 22.51704 4.48631 2.56175 29.8179
0.71168 23.1893 4.01359 2.58571 29.52474
0.67311 23.16217 4.29899 2.76365 29.13283
0.76628 22.49253 3.95356 2.92525 29.8919
0.79219 23.08804 3.85201 3.0805 29.21455
0.81108 24.15297 3.82665 2.83015 28.39926
0.69888 23.42529 4.37946 2.39056 29.12925
0.6274 22.18254 5.06166 2.3665 29.77703
0.63774 23.36809 4.39979 2.28519 29.32992
0.62555 23.74793 3.60054 2.22125 29.82895
0.65887 22.83426 3.91413 2.28644 30.31903
0.62349 22.99291 3.97837 2.33724 30.07998
0.74409 22.77238 3.52377 2.34422 30.62507
0.64856 23.68454 4.05413 2.21122 29.41486
0.57476 23.12165 3.62062 2.12794 30.56273
0.65997 23.09108 3.46791 2.19661 30.59089
0.64747 22.97233 4.04946 2.32851 30.01184
0.63112 23.52122 3.8794 2.37937 29.60393
0.75297 22.33307 4.00045 2.35622 30.56798
0.59279 21.9408 4.24224 2.02043 31.21479
0.52236 21.70601 3.82089 2.55354 31.40414
0.69281 22.66744 4.22824 2.28393 30.14531
0.63522 22.97407 4.04059 2.68516 29.67762
0.55285 22.73409 3.75991 2.59848 30.3658
0.64452 23.82044 3.48573 2.41598 29.64447
0.67636 23.32007 3.84583 2.12041 30.05269
0.83834 23.46442 3.77363 2.15528 29.78407
0.56756 22.93808 3.63799 2.29377 30.57452
0.67074 21.71372 4.25735 2.34017 31.02625
0.66527 22.61118 4.05664 2.27367 30.40247
0.68008 22.75729 3.51863 2.06787 30.98323
0.73556 23.18809 4.21069 2.15091 29.73189
0.77617 23.33779 3.82256 2.43023 29.64539
0.59833 23.16847 4.1701 2.65515 29.4232
0.65046 23.14385 4.25846 2.66641 29.30184
0.63589 23.85557 3.81691 2.78128 28.92457
0.55561 23.10557 3.97282 2.62232 29.75637
0.64052 22.40785 5.17926 2.65441 29.14211
0.7146 22.5969 4.23203 2.53906 29.93551
0.70573 24.12662 3.27646 2.71596 29.19819
0.56176 23.18163 3.60438 2.61156 30.05441
0.66208 23.89554 3.92036 2.75719 28.79074
0.65533 23.15206 3.71332 2.69937 29.79714
0.58755 24.05081 3.69561 2.31319 29.37352
0.70543 23.24638 4.22389 2.29955 29.54298
0.63637 22.2249 4.51895 2.28962 30.34369
0.74298 22.83777 3.8121 2.23353 30.38594
0.67801 22.22835 4.52333 1.99079 30.58951
0.6328 23.73716 4.45769 2.1604 29.03393
0.5825 23.4885 4.04129 2.43905 29.46416
0.65349 22.16658 3.83868 2.3537 30.99695
0.54031 22.30295 3.567 2.37867 31.21914
0.71458 22.17304 4.19065 2.03065 30.89868
0.6679 23.65736 4.69855 2.04702 28.94727
0.6089 22.95555 4.34548 2.11971 29.98158
0.6342 23.556 3.88123 2.27929 29.66125
0.67467 22.74827 4.63823 2.63839 29.33144
0.69907 23.60993 3.88023 2.49478 29.33719
0.68884 22.88724 4.34441 2.63042 29.47135
0.67251 23.2086 4.07626 2.90767 29.15662
0.62124 22.57439 4.09317 2.92253 29.8037
0.63502 22.28688 4.23825 2.63321 30.21856
0.66607 23.39663 3.4836 2.26875 30.19717
0.64659 22.21966 3.77334 2.23282 31.136
0.69927 22.15613 3.98482 2.32376 30.8452
0.67533 22.92677 4.08402 2.49824 29.82668
0.58876 22.09951 4.25547 2.93284 30.138
0.6867 22.42946 3.7437 2.40557 30.74332
0.69033 22.97917 3.88238 2.26196 30.19801
0.60368 22.80702 4.14393 2.3086 30.14965
0.55165 22.31145 4.28128 2.19656 30.6731
0.62023 23.32037 4.09468 2.19257 29.79838
0.65738 22.7572 4.34615 2.2888 29.96641
0.56529 23.07546 3.65761 2.43077 30.28182
0.69552 23.06821 3.43923 2.3574 30.44841
0.66625 23.61551 3.79923 2.48063 29.45438
0.89398 23.37326 4.0198 2.17422 29.55323
0.70536 23.78611 3.97184 2.2654 29.28779
0.63689 22.6813 4.06414 2.21615 30.41412
0.72586 23.83826 3.91947 2.06539 29.46946
0.80361 22.19642 4.18854 2.12879 30.69106
0.70754 23.04851 3.67132 2.24761 30.33572
0.79252 22.97455 3.74035 2.33222 30.17374
0.67318 23.51925 4.04002 2.23353 29.54826
0.78562 23.40192 4.03458 2.22696 29.57282
0.79891 23.15463 4.14072 2.39129 29.54312
0.69906 22.10721 4.74726 2.25578 30.2107
0.706 23.61359 3.8973 2.52131 29.28542
0.89306 23.08034 4.25209 2.09961 29.68991
0.83186 22.64577 4.15328 1.98806 30.40381
0.81922 23.4358 4.31432 2.15261 29.3059
0.79425 22.89296 4.13083 2.16309 30.03195
0.87807 23.13451 4.30111 2.10941 29.59564
0.87298 22.83162 3.87219 2.0482 30.39135
0.77396 22.66953 4.25996 2.38544 29.93
0.70603 22.09047 3.96589 2.06416 31.18248
0.83191 22.47496 4.26663 2.22602 30.21377
0.7537 22.24539 4.55283 2.19248 30.26927
0.7496 22.92422 3.96564 2.45706 29.91477
0.6985 22.51612 3.77889 2.07715 30.93721
0.6988 22.71085 3.89554 2.24434 30.46526
0.63672 23.27645 4.28149 2.64606 29.19073
0.65028 23.13751 4.50189 2.47356 29.25475
0.61944 23.17524 4.25287 2.59777 29.36929
0.62856 22.80346 4.29542 2.48324 29.80542
0.6556 23.54951 4.20092 2.43545 29.17694
0.62013 22.28112 4.22621 2.7087 30.17749
0.78285 23.20803 4.24952 2.58682 29.19724
0.74732 22.76856 3.5776 2.58821 30.33205
0.66314 22.33738 3.68319 2.40081 30.92435
0.62403 22.14248 3.52733 2.36588 31.35205
0.67144 22.81734 3.49923 2.29217 30.73078
0.54955 24.03773 3.2197 2.20459 30.00342
0.6434 23.90941 3.49936 2.23033 29.73364
0.63549 23.7769 3.86112 2.42142 29.33118
0.70913 23.8084 3.28454 2.89791 29.31526
0.5563 22.02656 3.47141 2.61641 31.33733
0.55533 22.24017 3.91381 2.51056 30.79222
0.6665 22.17154 3.75393 2.46055 30.95963
0.60565 22.21251 3.98729 2.49551 30.71061
0.60785 22.80832 3.94788 2.48992 30.16004
0.66044 21.21645 4.14073 2.46662 31.53204
0.52733 23.96389 4.0109 2.57323 28.94515
0.67551 22.48011 4.05035 2.44111 30.36888
0.71446 23.17704 4.05051 2.49196 29.58637
0.6437 23.36534 4.43518 2.31287 29.27534
0.62927 22.57192 3.99616 2.7524 30.07186
0.61576 22.51276 3.92927 2.4742 30.48562
0.60038 23.41076 4.16867 2.46973 29.36862
0.58916 22.53126 3.831 2.30862 30.75595
0.54988 23.32458 3.80389 2.30247 30.03923
0.58873 23.62587 3.71286 2.45254 29.63641
0.58365 24.85411 3.43414 2.68347 28.46199
0.63183 24.15431 3.47288 2.61452 29.14702
0.52621 22.1418 3.67612 2.2697 31.39662
