"V1" "V2" "V3" "V4" "V5"
1.00991 15.00803 10.37935 7.3437 26.38351
1.22757 15.6109 9.4722 7.68816 26.12435
1.21871 14.94171 9.3491 7.69256 26.8686
1.07777 15.14331 8.93121 7.60811 27.29426
1.13055 15.62449 9.15164 8.10272 26.09462
1.15498 15.27337 10.14523 7.33872 26.21759
1.03588 16.12766 8.66031 7.08789 27.14563
1.03914 14.67839 9.8196 7.1974 27.34024
1.03783 15.23675 9.43591 7.07947 27.25205
1.08073 14.37184 9.6833 7.57683 27.33341
1.07302 14.10125 9.60239 7.93835 27.33499
1.25423 14.77319 9.44156 8.0259 26.56044
1.1494 14.87009 9.32032 8.07485 26.6497
1.16351 15.09182 9.12613 8.14874 26.53307
1.08709 14.78509 10.22549 8.22625 25.79224
1.22272 15.10161 10.46461 7.34493 25.95144
1.29763 15.01712 9.49614 7.57731 26.6894
1.3198 14.5731 10.91511 7.29756 26.0153
1.21331 14.86685 11.61233 7.44979 25.09366
1.14688 14.5092 10.80044 7.52347 26.14153
0.96495 15.3084 10.51755 7.25968 26.12246
1.06705 15.26371 9.65733 8.27944 25.85782
1.03842 15.42884 9.58041 7.74577 26.29057
0.94413 14.6217 9.2851 7.78007 27.42795
0.8165 15.32498 9.3908 7.40124 27.10191
0.90824 15.49838 9.61566 7.10038 26.93241
1.02311 15.81677 8.8441 7.90488 26.47805
1.10985 14.98462 8.63827 7.67083 27.63233
1.04618 15.57623 8.83061 7.3186 27.26398
1.03064 15.27555 9.41735 7.63781 26.69746
1.17191 14.5525 9.67921 7.88137 26.77924
1.1174 14.68167 10.00182 7.01103 27.23122
1.13092 15.12467 9.27412 7.11873 27.3932
0.92579 16.09129 9.81109 6.53112 26.74153
1.08358 15.56107 9.5819 7.55267 26.28309
1.13973 15.50826 9.0005 7.80887 26.59639
0.95157 15.40699 9.58677 7.149 26.96543
1.04585 15.44764 9.55456 7.21731 26.81069
0.93522 15.89714 9.23499 7.63348 26.37245
1.02646 15.37085 9.89182 6.95271 26.81802
1.07072 16.08375 8.90807 7.24327 26.75258
1.03113 16.94245 8.73323 7.46885 25.91029
1.12804 14.65379 9.87485 7.70421 26.75251
1.09934 14.95639 9.35089 8.00493 26.64462
1.01935 15.29963 9.78568 7.97027 25.98929
0.91758 15.84906 9.99254 7.83642 25.48132
1.06431 15.71581 9.60724 8.2507 25.45193
1.10595 15.44679 8.73471 8.435 26.35227
1.0761 15.54427 9.20413 7.86806 26.36784
1.15438 15.55357 8.42486 8.32792 26.60107
0.98198 15.44571 8.99393 8.15275 26.47941
0.99628 15.59626 9.2027 7.78429 26.4661
1.13198 15.90851 8.1938 7.49368 27.31952
1.20787 15.39996 9.98418 7.14576 26.35792
1.1696 15.32014 8.82784 8.63457 26.10876
1.36657 14.61187 8.8559 8.15729 27.08706
1.2918 15.50338 9.8692 7.68647 25.81525
1.33499 15.09889 10.22448 7.43381 26.04449
1.44369 13.9376 10.67277 7.37331 26.73397
1.07197 14.73042 9.75752 8.34068 26.21448
1.25039 14.39169 10.13514 8.41375 25.91318
1.2559 15.6487 9.32742 8.26448 25.58841
1.18453 14.2227 9.68915 8.06134 26.9024
1.30709 15.25098 9.29525 7.53554 26.67837
1.21548 15.05655 9.65506 8.10077 26.07993
1.41326 14.71031 9.87956 8.14421 26.01736
1.33428 15.18964 9.85054 8.33126 25.45422
1.43461 15.77527 8.59857 8.72861 25.57397
1.15169 14.61578 9.05209 8.4255 26.84385
1.21635 13.96385 8.76855 9.32808 26.83165
1.28152 15.01008 9.70459 8.16312 25.95604
1.352 15.07237 9.30035 8.54251 25.86621
1.45495 14.85952 9.08143 8.6571 26.06872
1.37558 15.46015 9.29738 8.28401 25.69748
1.19863 15.6096 10.05924 7.74722 25.51787
1.22206 15.50937 8.50935 8.6707 26.21318
1.3207 15.25644 9.71736 8.26215 25.59545
1.08738 14.73948 9.62956 8.6159 26.02699
1.02536 15.33732 9.4681 7.93344 26.33855
1.14644 15.31348 9.37915 7.58036 26.66996
1.23812 15.43005 8.97008 8.13479 26.3134
1.21969 15.31313 9.3616 8.08081 26.11776
1.11449 15.17958 8.96208 8.86267 25.9915
1.6992 15.26517 9.09112 8.11533 25.93584
1.22841 15.05596 8.98969 8.41277 26.40172
1.18567 15.41181 8.32284 8.15607 26.97877
1.21354 15.7037 8.81749 7.7489 26.60025
1.38255 14.91487 9.3836 7.50805 26.88253
1.20092 16.36544 8.75217 7.56456 26.21159
1.26064 15.56824 9.61006 7.43737 26.21283
1.01978 15.43932 10.38708 7.89543 25.39527
1.24112 14.87847 10.16993 7.91518 25.88654
1.247 15.8778 9.64659 7.98669 25.36391
1.31886 15.02549 10.25752 7.84554 25.6751
1.12995 15.43953 9.87317 7.68955 25.94532
1.22515 15.73274 8.6138 7.89362 26.58263
1.10541 15.48964 9.361 7.67254 26.46243
1.0754 15.37868 9.37011 6.81556 27.42203
1.21975 15.91339 9.17084 7.03682 26.71298
1.18029 15.50766 8.65943 8.19687 26.52515
1.09602 15.32361 8.8212 8.37145 26.44408
1.29029 15.82463 8.41753 8.41396 26.1374
1.12374 15.14098 8.77064 9.03184 26.04079
1.29892 14.69049 8.95004 8.58352 26.54829
1.33452 14.77673 8.93219 8.083 26.94137
1.1687 14.96163 9.11563 8.43613 26.39787
1.42529 14.81986 9.2533 8.86904 25.75197
1.41032 14.17985 9.32793 8.32505 26.81818
1.29015 14.68271 9.32687 9.04508 25.78238
1.151 14.85844 9.74191 8.26879 26.1158
1.18619 15.1118 9.60069 8.52704 25.67591
1.307 14.73241 9.9857 8.01215 26.09819
1.27403 14.88441 9.26889 8.64192 26.04785
1.3464 15.20879 9.59317 8.55142 25.40531
1.21013 15.62715 9.68436 8.27093 25.34195
1.24867 14.96843 9.76903 7.87691 26.22156
1.14634 15.58549 9.67962 7.85809 25.81737
1.35488 15.28305 8.98918 8.28967 26.1682
1.32378 14.84227 9.76903 7.80216 26.32336
1.40706 15.58218 9.72962 7.85048 25.51468
1.4702 15.41522 10.19213 7.98529 25.08686
1.38916 14.31805 10.79321 7.91817 25.70521
1.32095 14.36731 10.09889 8.16956 26.1498
1.61729 15.25086 9.24505 8.25727 25.76889
1.31536 15.03568 9.53802 8.59165 25.64279
1.32813 14.64345 10.22434 8.5812 25.38111
1.3018 14.69168 10.65901 7.76992 25.70136
1.32414 15.34359 10.30431 8.02701 25.11738
1.25727 15.40066 9.97906 8.0633 25.41496
1.3559 15.06437 10.03725 8.24811 25.38695
1.45999 15.44196 9.21529 7.88223 26.07435
1.3191 15.10725 9.86684 8.02879 25.75318
1.317 14.98467 9.42736 8.37819 25.97928
1.41448 15.31356 9.15443 8.98852 25.23757
1.0945 14.61129 9.93921 8.87855 25.55782
1.21033 15.18217 8.62946 8.68069 26.37304
1.32391 14.80248 9.78749 8.03484 26.12559
1.28069 15.24796 8.50507 8.31745 26.71357
1.28715 14.69143 9.40594 7.69146 26.99616
1.38865 14.97067 9.29208 8.64097 25.81828
1.285 15.25048 9.87455 8.07996 25.60318
1.41594 15.08963 10.62413 7.4104 25.56284
1.47656 14.89656 10.15502 8.05224 25.53562
1.37016 15.29827 8.6179 8.3789 26.44024
1.4089 15.03266 9.50456 8.78008 25.45002
1.39747 15.98032 8.2817 7.84984 26.58483
1.39503 14.91826 9.46264 7.3588 26.94639
1.30789 15.13544 9.75568 7.90016 26.03293
1.33239 15.2406 10.02635 8.38109 25.18599
1.53042 15.26117 9.52674 7.67332 26.08773
1.56906 15.06841 9.67481 7.48673 26.29892
1.34025 16.03493 9.29382 8.26878 25.17588
1.4168 15.01494 10.19737 8.6479 24.86912
1.66336 14.51618 9.30045 8.40429 26.18603
1.44486 15.15055 9.09822 8.25163 26.12088
1.32481 14.89158 9.12523 7.63218 27.08101
1.10913 15.18783 8.90617 8.02335 26.82713
1.12876 15.21336 8.93036 8.19173 26.62708
1.22426 15.44517 9.74637 8.57332 25.16081
1.07131 15.591 8.28866 8.67011 26.45951
1.16317 14.74112 8.8824 8.7463 26.54337
1.25333 14.48643 9.82539 8.48471 26.02698
1.18085 15.25548 10.22055 7.97453 25.46841
1.14704 15.6553 9.607 8.28825 25.3939
1.10476 14.76593 9.38848 8.98592 25.83564
1.1929 14.60166 10.02889 8.30111 25.94554
1.40257 14.77631 9.76905 8.37412 25.78238
1.18382 15.71028 8.84507 8.26735 26.09533
1.15999 15.61027 9.69936 8.30731 25.34017
1.12333 16.07391 9.20928 7.88948 25.79748
1.05839 15.56538 9.00697 7.40337 27.02314
1.14882 14.67472 8.71837 7.88054 27.62341
0.97271 15.10151 9.29204 7.80816 26.91201
0.95516 14.54085 9.84493 7.9383 26.83599
1.04182 14.34002 9.22179 8.55326 26.91618
1.15365 14.49655 10.10586 8.88223 25.48527
1.33552 14.42627 10.15925 8.38677 25.83225
1.26021 15.89274 8.70082 7.80263 26.41992
1.34417 14.74663 9.82766 7.98181 26.17423
0.96726 15.35714 9.72006 8.12916 25.92332
1.00654 15.14476 9.34979 7.86 26.71163
1.20753 14.31868 10.26048 8.37851 25.95991
1.16449 14.21993 10.30286 8.78588 25.65477
1.16725 14.3738 9.82486 8.90741 25.84944
1.25443 15.18937 8.77683 8.5238 26.36466
1.31319 14.70466 8.70417 8.95659 26.42729
1.39266 15.25888 8.8383 7.98429 26.5983
1.34155 14.99001 8.05832 8.97318 26.70106
1.27327 15.74189 8.18783 7.86201 27.00046
1.22799 14.94237 8.49412 8.5528 26.86689
1.38519 15.29508 9.484 7.98892 25.93723
1.52218 15.36873 9.63562 8.00232 25.63487
1.52298 15.37681 9.49242 7.5419 26.1843
1.25534 15.89885 9.07824 8.01592 25.86322
1.35368 15.984 9.25913 7.37234 26.13181
1.72736 15.7302 9.0738 7.45061 26.11217
1.47838 14.92402 8.99521 7.937 26.75051
1.6757 15.49873 9.41355 7.65433 25.88567
1.39088 14.63123 10.01622 7.57856 26.481
1.21559 15.42371 9.75871 8.10275 25.60649
1.47351 14.7478 10.03738 7.72323 26.08227
1.41295 15.18965 10.26061 7.54522 25.69128
1.38614 15.54286 9.72561 7.67982 25.78424
1.30005 14.55187 10.29251 7.57851 26.39067
1.14993 15.60082 9.5804 8.24928 25.54547
1.02065 15.44336 10.19075 8.05443 25.40742
1.27646 14.99171 10.46943 7.49866 25.89771
1.19643 15.4428 9.42704 7.49107 26.54145
1.31788 15.10658 9.05656 7.73448 26.86186
1.24049 15.11071 9.51525 8.23266 26.01558
1.36843 15.42842 9.71799 7.78914 25.79687
1.35086 15.67535 9.82975 7.14704 26.13025
1.34906 15.62289 10.36761 7.04714 25.82998
1.40825 15.58339 9.72512 7.18756 26.22941
1.46117 15.70322 9.42095 7.84397 25.69237
1.40691 14.98666 9.84236 6.80047 27.07967
1.04413 16.87578 9.05611 7.69514 25.52262
1.20057 16.26552 9.48313 7.41962 25.77368
1.17298 14.95106 9.90028 7.28725 26.76792
1.32776 14.35825 10.94935 7.35258 26.20685
0.99635 15.19598 9.63102 7.2689 26.96455
0.98966 14.72374 10.29377 7.62976 26.44097
1.14106 15.28835 9.4914 7.92383 26.26623
1.1648 15.36914 9.14844 7.72871 26.66263
0.91158 14.70435 9.46361 8.10131 26.91006
0.86083 15.07091 9.52371 8.29971 26.33743
0.93192 14.30577 9.75253 8.42127 26.67615
0.87846 15.0552 10.26734 7.74529 26.14421
1.11078 14.73687 9.92519 8.08066 26.23949
1.14693 15.0928 10.20599 7.25879 26.37778
1.18649 15.17866 10.44047 7.87852 25.43339
1.30481 15.77738 9.7132 7.9911 25.30605
1.17805 14.70854 9.98926 8.31081 25.91115
1.22435 15.38754 9.88856 8.60285 25.02574
1.21403 14.78036 9.31439 7.89693 26.85496
1.2162 14.32411 10.83912 8.53451 25.21479
1.26412 14.07962 10.48107 8.49453 25.78755
1.22541 14.63403 9.32139 8.61432 26.28708
1.13586 15.19125 10.10034 7.81608 25.84619
1.31483 14.96416 9.61109 8.79674 25.4204
1.22132 15.21359 9.47275 8.89681 25.33319
1.06878 14.79093 9.11052 8.50981 26.59017
1.11043 14.44671 10.2156 8.09232 26.21957
1.1517 14.87629 10.29489 7.64316 26.11381
1.3957 13.93434 11.14882 8.31021 25.32289
1.16723 14.86963 9.90742 8.43205 25.72035
1.10435 15.24281 9.72085 7.97937 26.06442
1.02281 14.91214 9.84852 7.86294 26.44189
0.9898 15.50117 10.01772 8.33308 25.26525
1.10149 14.54488 10.08508 8.17424 26.1884
1.13529 14.79267 9.71744 8.42692 25.9999
1.06005 15.05975 10.20322 8.18215 25.58802
0.96278 14.94135 10.33466 8.46111 25.39676
1.06035 15.10343 10.32593 8.7364 24.8974
1.20328 15.12618 9.65678 8.71112 25.40635
1.22525 15.10218 10.0409 9.20666 24.58092
1.24017 14.62928 10.41784 8.74999 25.13705
1.31617 14.41006 9.89416 8.41145 26.07263
1.32529 15.01329 10.7657 7.89964 25.12763
1.06711 14.39961 10.72163 8.75563 25.20612
0.95558 14.95731 9.34246 8.65883 26.16819
1.06195 14.76392 10.18441 8.73793 25.36098
1.04676 15.23679 9.43256 8.29675 26.06544
1.06493 15.64448 10.28432 8.09018 25.00511
1.10122 14.74773 9.79741 8.08186 26.34469
1.15255 14.80083 9.8377 7.93038 26.34374
1.03642 14.83953 10.88264 8.30542 25.07178
0.99051 15.45988 9.95665 7.98995 25.68993
1.14637 15.54953 9.84255 8.33423 25.2382
1.05743 15.40519 10.20848 8.4041 25.05154
1.05009 15.44455 9.21985 9.08993 25.28514
1.04102 14.97932 10.06108 8.78897 25.27411
1.14083 15.80221 9.68402 8.66341 24.88459
0.89212 16.27275 9.17777 9.15047 24.64909
1.33552 15.96872 8.51829 9.47589 24.85062
1.18723 15.59757 8.68045 9.35567 25.33797
1.11158 15.55885 9.18906 9.19726 25.08299
1.10482 15.0527 8.77706 9.15856 26.02292
1.18601 15.34611 8.60596 9.68927 25.34079
1.30504 15.02186 9.61097 9.04705 25.15887
1.17029 14.73332 10.12394 8.6806 25.37779
1.12195 16.27708 9.31133 8.8194 24.59414
1.13143 15.6291 9.90232 8.66765 24.80769
1.39224 15.2555 9.87498 8.87222 24.75803
1.07612 16.11484 9.28923 8.34641 25.28936
1.03772 14.99366 9.57824 8.06445 26.40718
1.00995 15.56158 9.62886 8.81827 25.12642
1.21421 15.85132 9.19022 8.39408 25.44105
1.19854 15.16395 9.70243 8.91368 25.13223
1.29943 14.37543 10.30279 8.67847 25.48694
1.24556 14.49505 10.59892 7.99072 25.76407
1.0859 14.88574 10.02014 8.59835 25.52014
1.10137 16.05933 8.5443 7.84256 26.52694
0.97624 15.45869 9.70847 8.67174 25.3385
1.0781 15.12255 10.07931 8.23432 25.57233
1.0933 15.56155 10.44192 8.30585 24.7489
1.04027 14.38754 10.57024 8.17528 25.90367
0.93786 14.76988 11.30358 8.0397 25.10171
1.03844 13.99838 10.4233 8.40218 26.22211
0.99279 15.48115 10.02974 8.13558 25.45762
1.0326 15.96739 9.94287 7.77061 25.37015
0.91932 15.1886 9.45991 8.26287 26.2312
1.15684 15.78388 9.59451 8.31425 25.25315
1.04875 15.96321 8.99318 8.04856 26.06966
1.04947 15.83875 9.68036 7.95799 25.56179
1.17713 15.03768 9.62896 7.90973 26.33046
1.18973 15.50667 9.7817 8.24249 25.38812
1.16994 15.17406 10.08707 8.00106 25.66894
1.17519 15.27199 10.23644 7.59409 25.79982
1.13576 14.40064 10.09955 8.30049 26.15657
1.26561 14.97775 9.91116 8.30331 25.63165
1.11008 15.61902 10.37362 7.73511 25.32876
1.07988 14.91704 9.92218 7.6354 26.56754
1.125 15.26688 10.15312 7.91537 25.68418
1.2953 15.56809 9.01742 8.21606 26.00877
1.49211 16.30408 9.23554 8.20362 24.8721
1.47073 15.98416 10.02322 7.73318 24.9497
1.25176 16.12298 9.9541 7.97633 24.81424
1.30439 15.81791 9.58372 7.59473 25.79738
1.37143 15.4094 8.8227 7.86131 26.61165
1.59792 15.31482 9.4122 7.98817 25.80917
1.56525 15.61396 9.79957 7.73857 25.40801
1.54237 15.84528 9.64708 7.35472 25.74744
1.40466 15.21127 9.0411 7.36019 27.04603
1.30677 15.04735 9.53371 7.41846 26.75859
1.31622 15.16902 10.33988 6.81064 26.42044
1.46994 14.75963 10.2641 7.95888 25.63068
1.35892 14.91035 9.86715 7.44574 26.47696
1.45988 15.22293 9.07854 7.46312 26.82537
1.3136 15.57766 10.24508 7.55817 25.4113
1.37416 15.33619 8.86441 9.05768 25.46699
1.29176 15.05827 10.11166 8.05259 25.63233
1.25616 14.97175 9.01291 7.75048 27.07249
1.02668 14.87743 8.78292 8.42154 26.96162
1.13571 15.63199 8.57818 8.33936 26.3879
1.17327 14.21282 10.51034 8.04452 26.15638
1.08276 14.48214 10.96881 7.27229 26.27599
1.03887 15.74462 10.45041 6.92263 25.96704
1.10234 15.20907 11.19639 7.09345 25.56774
1.12862 15.18587 9.64861 7.53291 26.57956
1.03646 14.87415 10.44766 7.95193 25.82463
1.22673 15.05407 10.01699 8.08045 25.71139
1.19273 14.68266 9.73839 8.92921 25.54919
1.3755 14.0318 9.57756 8.69859 26.38913
1.18335 14.8759 9.8501 8.535 25.67222
1.16563 14.8046 9.99701 8.07019 26.073
1.10938 14.49411 10.22514 7.86913 26.38813
1.17902 14.37141 9.92571 8.37838 26.2546
1.15759 15.1562 10.04825 8.22106 25.52496
1.38025 15.90444 9.49328 7.66093 25.66802
1.36911 15.08755 10.86291 7.67108 25.19835
1.22717 15.11109 9.79206 8.15265 25.79983
1.33652 15.26911 10.17668 7.76458 25.54858
1.23472 15.3724 10.02589 7.89216 25.56958
1.30404 14.73241 10.32557 8.20043 25.54854
1.31582 16.3916 9.30339 7.63776 25.43582
1.13569 15.83979 9.90332 8.36495 24.85806
1.17876 15.92021 8.50692 8.26744 26.20542
1.2598 15.0315 9.20057 8.60381 26.02944
1.16006 15.32741 8.50502 8.71219 26.40262
1.17246 14.89508 9.16277 8.47718 26.36335
1.11067 16.36315 8.46234 8.01468 26.12715
1.07752 15.01999 10.43894 7.76189 25.83138
1.23534 16.44417 9.49615 7.30912 25.62897
1.27131 15.23451 8.54839 7.64967 27.32779
0.99328 15.39983 9.07114 7.33437 27.23478
1.0277 15.14087 9.79451 7.80407 26.28443
1.06705 15.56236 10.00939 7.84957 25.61251
1.18045 14.96864 10.23612 7.33943 26.3523
1.12537 14.7716 10.49576 7.09458 26.60044
0.95767 15.27302 9.78203 7.39922 26.67403
1.28255 15.96002 8.07656 7.49282 27.23801
0.95328 15.97401 9.34008 7.61589 26.20939
1.03056 16.76598 8.61978 7.37601 26.28463
0.97518 15.77856 8.45879 7.68449 27.15466
1.0326 16.24367 8.618 7.62671 26.54374
0.86457 15.76796 9.75176 7.20315 26.51078
1.14988 15.02465 10.51611 8.1262 25.31765
1.18037 16.04012 10.43942 7.486 25.00295
1.14985 15.36734 9.22698 8.06214 26.27822
1.16541 15.79198 10.19061 7.47141 25.52119
1.39838 15.98028 10.43595 7.59546 24.76113
1.24257 15.10929 11.00101 7.40926 25.40521
1.42593 14.59498 10.65618 7.7212 25.75781
1.32026 15.45076 9.95145 8.00074 25.3782
1.41176 14.31 9.88873 8.25743 26.2268
1.23675 15.55388 9.66929 7.84098 25.79054
1.25705 15.46227 9.81661 7.37341 26.16492
1.37208 14.84745 9.93971 7.39147 26.52233
1.18497 15.36237 10.24811 7.91134 25.3836
1.11552 15.65766 9.40113 7.72874 26.17837
1.1613 14.50064 9.78251 8.39351 26.26284
1.53416 14.66461 9.52722 8.54085 25.83197
1.40458 15.01471 10.25352 8.17686 25.27039
1.18972 15.06556 10.51561 7.56282 25.76067
1.34446 15.37714 8.94327 8.97482 25.4687
1.39144 15.64584 9.24653 7.71425 26.08182
1.24886 15.0344 9.15989 8.91451 25.73214
1.38708 15.07721 8.86522 7.95876 26.78708
1.17173 15.31733 8.99663 8.12793 26.47392
1.39633 15.43345 9.34949 8.22768 25.69669
1.23554 15.2566 9.63174 8.60865 25.37995
1.16146 15.04023 10.0768 8.39159 25.4557
1.28802 14.76081 9.57514 8.33987 26.13817
1.15563 15.48744 9.42441 8.0513 25.97476
1.16815 15.1078 9.2664 8.30733 26.23255
1.15795 14.67598 8.95145 8.6529 26.61406
1.43497 14.64208 9.46491 7.86289 26.64526
1.58138 15.51931 9.03523 7.1233 26.79941
1.60213 14.80835 9.77094 7.36253 26.51789
1.36242 14.70243 10.2221 7.75925 26.01775
1.10571 13.92262 11.73262 7.47511 25.87231
1.17033 15.17854 10.11964 7.37262 26.2114
1.10555 15.11214 10.64756 6.96774 26.23287
0.94601 15.80004 9.77879 7.65308 25.8933
1.09002 14.74746 10.04287 7.69048 26.52266
1.00465 14.61873 9.67767 8.76827 26.01651
0.92177 14.64237 8.96372 9.13059 26.42228
1.08511 14.73209 9.761 9.034 25.48317
0.98863 14.11806 9.5166 9.18293 26.29107
1.08326 14.94044 10.73994 8.5512 24.83066
0.95245 15.0939 9.84019 8.51757 25.67569
1.03279 15.62609 9.48129 7.9605 26.00796
1.18486 15.52282 9.21623 7.78892 26.34936
0.86184 15.49056 9.91696 6.76403 27.03076
1.00468 15.19289 8.99934 7.78538 27.0788
1.1254 15.64441 9.80846 7.93679 25.57068
1.05608 15.61723 10.2275 8.43388 24.79898
1.04394 15.93127 10.52826 8.26268 24.47922
1.11023 14.99886 11.51472 6.55165 25.95585
1.31769 16.0112 9.80437 7.46478 25.52879
1.28964 15.44715 9.78877 7.70624 25.85249
0.99077 15.63241 9.82914 7.84077 25.79033
1.07984 15.42821 9.00323 8.06698 26.48054
0.97184 14.86343 8.4577 9.03861 26.73698
1.12133 15.66542 9.08336 8.65028 25.57429
1.08653 14.32095 9.48876 8.99537 26.18293
0.84261 15.54487 9.07098 9.40272 25.228
1.19281 14.80546 9.93729 8.61623 25.54877
1.25967 15.59275 9.45163 8.42237 25.39354
1.18601 15.26523 8.78114 8.92585 26.00765
1.11996 15.35067 9.15836 8.60129 25.9008
1.03135 15.87993 8.82917 8.87707 25.50599
1.27507 14.37176 10.50156 8.49951 25.48594
1.16094 15.36739 10.07571 8.6664 24.86253
1.08361 15.32487 11.00784 7.70943 24.99659
1.02318 15.34197 9.94113 8.23563 25.55199
1.08513 15.11424 10.47991 8.14553 25.30406
1.06153 15.40405 10.44705 7.82358 25.36164
1.14138 14.21776 11.27351 8.73905 24.77776
1.13055 14.85998 10.55106 8.91335 24.70799
1.08889 14.90352 9.59858 8.35004 26.1733
1.23751 15.54739 8.36696 7.62103 27.30435
1.02499 15.38827 8.34856 8.06565 27.23801
1.17015 14.5712 9.28989 7.9961 27.03732
1.09191 15.4225 9.35584 8.81721 25.40199
1.14887 15.52254 9.00037 9.11327 25.31766
1.00449 16.55106 9.32285 8.94145 24.31305
1.23568 14.81286 10.38012 9.13615 24.58866
1.00136 14.39542 9.62859 9.24749 25.81678
0.94525 14.68002 9.53277 8.71665 26.21494
1.11393 14.81463 10.02201 7.92972 26.21391
1.08837 15.26342 9.82085 8.21103 25.70805
1.15962 14.69568 10.23179 8.36813 25.65119
1.29034 14.99282 10.62363 7.22843 25.99592
1.28399 15.53128 9.46958 7.80744 26.02723
1.27449 15.30728 10.21322 8.08101 25.24726
1.24459 14.61631 9.92398 7.99545 26.34954
1.13814 14.49512 10.80668 7.87462 25.83022
1.14547 15.28616 9.32254 7.66309 26.6543
1.17612 15.96124 10.02584 8.41964 24.55135
1.19027 14.67821 9.72159 8.32197 26.16265
1.06661 14.89195 9.55944 8.30049 26.26537
1.0289 15.21142 9.824 7.82064 26.19034
1.12822 15.28781 9.74855 7.62345 26.27791
1.22696 15.15515 9.83326 7.65413 26.20593
0.94652 14.50377 9.85994 7.89391 26.86401
0.95415 15.49652 9.51672 8.0227 26.12836
1.01877 15.49229 10.43293 7.39724 25.78095
1.04006 15.92605 10.92091 7.388 24.85241
0.95462 15.96594 10.52338 7.40687 25.31746
0.97344 16.24573 9.98213 7.82315 25.08686
1.27315 15.65468 9.38348 8.09642 25.68353
1.27268 15.26087 10.02882 7.99319 25.55306
1.0413 16.16127 10.23873 7.74289 24.95823
1.35742 15.08614 10.59744 7.10354 26.00027
1.24595 15.70702 10.06771 8.01905 25.13771
0.94138 15.27695 9.74726 8.01792 26.09565
1.04121 15.09573 10.41884 7.67519 25.8825
1.00459 15.09075 9.57874 8.17052 26.2441
0.95281 15.37673 9.08949 7.87326 26.79007
0.87317 14.85106 9.24608 7.62581 27.45213
0.83037 15.61725 9.68524 7.45117 26.49117
1.04149 15.8969 9.75479 7.56759 25.81878
1.00793 16.40774 9.41911 7.20847 26.01543
0.9428 15.46094 10.24478 6.83304 26.58739
1.01429 14.93684 10.26277 7.6917 26.18495
1.11276 16.05222 9.53001 7.86632 25.53106
1.22933 15.82072 9.36686 7.18348 26.46091
1.14479 14.20395 9.80009 7.35006 27.54131
1.36988 14.57529 9.73712 7.47381 26.88947
1.03802 15.12499 10.46281 7.70742 25.76158
1.05426 14.88315 10.10183 7.47817 26.54836
0.9003 14.88888 9.53229 7.15202 27.57951
1.06261 14.87558 9.20542 7.18633 27.7239
1.19629 15.13848 9.08146 7.61464 27.03605
1.19653 14.91825 9.56928 7.81405 26.62649
1.10896 15.7884 8.97986 7.89611 26.30926
1.08623 14.3606 9.90671 7.94063 26.78101
1.13684 14.67442 9.74988 7.78244 26.70549
1.20749 15.29783 9.25706 7.98377 26.32609
1.10497 15.76394 9.57271 7.76849 25.90193
0.99767 14.44767 10.45511 7.85913 26.32977
1.22257 15.00556 9.81678 7.39179 26.62693
1.05565 15.02944 9.9508 7.81584 26.23057
1.11051 15.02544 9.34831 8.10769 26.50362
1.11634 15.39416 9.72891 7.78485 26.09849
1.17885 15.13479 9.08015 9.00208 25.7255
1.2741 15.39788 8.97151 8.14769 26.29291
1.37645 14.70332 9.52949 7.85539 26.62459
1.37653 15.07636 10.13061 7.6333 25.93523
1.13698 15.61523 9.32926 7.89705 26.13125
1.03518 15.03813 9.31593 8.82682 25.90009
1.33476 14.73294 9.57994 8.60919 25.88873
1.24939 15.74904 9.19257 8.09619 25.81253
1.45256 14.82588 9.94722 7.80937 26.04719
1.44769 15.65703 9.71658 7.72289 25.57083
1.10007 14.87191 10.15214 8.82479 25.16458
1.11843 15.48759 9.20236 8.53918 25.74053
1.21505 15.44154 9.1258 7.97148 26.33383
1.29442 15.38389 9.59183 8.32762 25.52423
1.38605 14.66875 10.37328 8.45879 25.23877
1.40468 14.70622 10.64186 7.33378 26.00186
1.31887 15.21726 9.60724 7.79537 26.15913
1.10203 15.5806 8.88334 7.81077 26.68224
1.3024 14.84414 9.59965 8.07648 26.24768
1.22253 14.69765 9.16333 8.76307 26.23466
1.23478 16.16299 9.61817 8.07545 25.05638
1.33231 15.7292 9.1803 8.16051 25.70343
1.29797 15.79236 9.48425 7.33028 26.17236
1.29774 15.25971 10.46098 7.234 25.84134
1.29352 14.60298 9.82043 7.99423 26.37945
1.14971 15.14906 8.76728 8.65843 26.33092
1.35771 15.34074 8.66562 8.16753 26.53042
1.12969 15.89312 8.96399 8.48465 25.59914
1.17633 15.31616 9.01402 8.44654 26.10912
1.29921 14.91946 9.54411 8.04152 26.25288
1.07743 15.01194 9.59223 8.44719 25.97534
0.97569 15.55635 9.43317 8.5794 25.59787
1.01296 14.59754 9.57246 9.01258 25.88281
1.06122 14.335 9.58225 8.72048 26.38701
1.02262 14.17559 9.91258 8.7007 26.25901
1.29535 14.23839 9.80066 8.97025 25.76831
1.1336 14.83327 9.46186 8.86362 25.79759
1.2879 14.61732 8.93958 8.59705 26.61134
1.11673 14.80464 9.06263 8.84735 26.2517
1.12825 15.96047 8.8989 7.5651 26.53311
1.28693 15.93243 9.13312 7.53836 26.19083
1.17992 14.95368 10.21745 8.04343 25.69744
1.29605 15.09191 9.50473 8.11011 26.06677
1.33522 14.93073 9.22497 8.17312 26.4034
1.08899 15.34027 9.73807 8.1174 25.79612
1.22192 15.04942 9.50508 8.5754 25.73992
1.28607 14.63801 9.40367 9.00381 25.76145
1.36025 13.8245 9.95289 8.85394 26.08323
1.20152 14.53862 9.34706 8.50393 26.4642
1.11353 14.9136 9.59352 7.5833 26.8512
1.20025 15.77663 9.18973 7.73569 26.14724
0.96076 15.15542 9.88995 8.2859 25.80657
1.24271 15.40857 8.93214 8.56879 25.91932
1.16556 15.0803 9.42535 7.68233 26.71045
1.16542 14.48059 9.7433 7.92009 26.74839
1.0587 14.94213 10.43718 8.81982 24.87921
1.14219 14.85827 9.68884 8.90661 25.5014
1.29029 14.91466 9.9011 8.59295 25.40004
1.17991 15.39144 9.97547 8.14524 25.45745
1.1071 16.25274 9.96166 8.126 24.71758
1.08523 15.50636 10.51166 7.48317 25.5463
1.11079 15.83184 10.01905 7.69309 25.46609
1.1326 15.24941 10.30367 7.95589 25.48461
1.02952 15.03749 9.21747 8.17814 26.59831
1.00197 15.13748 9.52974 7.96448 26.43249
1.16253 14.53918 9.45783 8.66162 26.24329
0.96756 15.31667 8.84123 8.54872 26.39138
0.91996 15.99818 8.57157 8.11152 26.47221
1.13277 15.33145 9.57899 7.70189 26.34128
1.07184 15.31894 9.43309 7.87956 26.37641
1.05338 15.25693 9.6164 7.77299 26.37126
1.08522 14.67951 9.34521 7.51067 27.42984
1.12631 15.04085 9.5941 7.62795 26.65889
1.05146 15.05228 9.97912 7.27043 26.72517
1.02633 14.5345 10.29575 7.67872 26.54241
1.10542 15.00716 10.03467 7.82453 26.14149
1.26159 14.73982 9.63479 7.47195 26.95338
1.30934 14.45551 10.19312 7.79882 26.30656
1.19521 14.21661 10.21507 8.10195 26.32778
1.19827 14.87006 10.02027 7.81295 26.15556
1.28991 15.04964 9.53665 7.86604 26.31026
1.27743 15.27923 9.81186 7.68154 26.02514
1.23208 14.86997 10.2162 7.9413 25.86395
1.12338 14.78144 10.11733 8.05239 26.04365
1.08076 14.89268 9.22521 8.00693 26.88408
0.97266 15.21118 9.38489 8.22822 26.32557
0.95904 15.13862 10.12418 7.60585 26.29078
1.1447 15.25999 8.70219 8.7494 26.1989
1.15372 14.84645 10.69891 8.53017 24.94994
1.09958 15.97157 9.64236 7.56403 25.81594
1.12824 14.90054 10.2288 7.53377 26.31411
1.34087 15.05888 9.79475 8.33785 25.56022
1.17975 14.51902 10.02619 8.14868 26.20678
1.21076 14.25287 9.89115 8.3539 26.39697
1.40855 14.60813 9.08428 7.90273 27.05509
1.13852 14.62598 10.19387 8.06629 26.08631
1.0889 15.00999 10.03349 7.92539 26.05083
1.16046 14.62226 9.82595 8.12474 26.34867
1.38643 14.93928 9.18315 7.85023 26.70383
1.2982 15.60895 9.44927 7.55478 26.18368
1.27783 15.51662 10.05948 7.65747 25.59514
1.11099 15.46362 9.80514 7.54594 26.15931
1.22196 15.2638 9.2448 7.63172 26.7108
1.27953 15.96998 9.53735 7.81878 25.50159
1.15981 15.59538 10.18115 7.0404 26.11307
1.2605 15.19225 10.21277 7.56038 25.85359
1.42618 15.67007 9.03202 7.82894 26.10841
1.26574 15.50378 9.25596 7.80982 26.23318
1.20483 15.23952 9.9556 7.17823 26.48319
1.20775 14.94417 9.66045 7.59377 26.64767
1.42019 15.21362 10.32521 7.76396 25.35623
1.47302 14.99524 10.73865 8.20498 24.7404
1.44907 15.18802 9.62105 8.66952 25.2015
1.86059 15.52199 9.50808 8.43298 24.82724
1.79839 15.41067 10.2428 7.46123 25.28235
1.4873 14.31675 10.92289 8.39786 25.07059
1.58833 15.03282 10.27796 8.22171 25.04888
1.77597 15.08325 9.80846 7.50581 25.95186
1.56861 15.59413 8.7257 7.44255 26.74779
1.62913 15.57038 8.99559 8.74793 25.212
1.44173 14.34525 9.35086 7.97461 26.9584
1.38891 14.85095 9.0247 8.59226 26.20415
1.47539 14.08098 10.34242 8.6149 25.58592
1.48326 15.09923 9.59758 8.20258 25.7189
1.36117 14.6295 9.94126 7.81862 26.35339
1.38565 15.32837 9.67129 7.39792 26.33465
1.24868 15.15907 9.3282 7.5168 26.82412
1.40545 15.12203 10.11839 7.61847 25.85679
1.36654 15.95757 9.43117 7.27183 26.07475
1.45934 15.04604 10.14138 7.46664 25.98779
1.23098 15.57825 9.82802 7.84431 25.65161
1.34935 16.4342 9.54834 7.20994 25.58992
1.11173 15.71191 9.86012 7.62595 25.80326
1.09558 16.38859 9.72914 7.02361 25.87589
1.28924 15.8913 10.56151 6.57337 25.81273
1.34323 15.18055 10.3116 6.91805 26.32661
1.22993 15.27259 9.75497 7.06889 26.73733
1.34593 15.30174 9.40271 7.25145 26.76313
1.33328 15.08404 9.2732 7.21893 27.13887
1.64755 14.4812 9.54864 7.83821 26.55086
1.60698 15.2849 9.88771 7.54859 25.79904
1.33048 15.80852 9.5366 7.10955 26.29171
1.66814 14.92011 9.92938 8.17862 25.41629
1.48416 15.07863 9.53751 7.84782 26.13826
1.77128 15.41925 9.63151 8.16688 25.17618
1.49008 15.15888 9.97482 8.5515 24.97342
1.44239 14.24934 9.94264 8.05387 26.39572
1.34162 14.6492 9.86807 7.8345 26.38284
1.57986 14.48921 10.28287 7.65811 26.07033
1.61979 14.85907 10.35235 8.04976 25.23989
1.68282 14.91835 10.92501 7.96859 24.69839
1.41845 14.77124 10.75256 7.91899 25.33949
1.32855 14.91878 10.16997 7.54398 26.20626
1.52981 14.66003 10.48682 7.92035 25.63836
1.34428 14.69991 9.55855 7.91047 26.57652
1.43265 14.60926 9.76946 8.02313 26.26552
1.27103 14.61043 10.21605 7.71127 26.28474
1.12897 14.56967 10.56912 7.52605 26.32585
1.06256 15.21968 10.7942 7.70586 25.3838
1.43759 14.86746 9.58203 7.4484 26.72498
1.15909 15.18603 10.3419 7.03286 26.35993
1.05147 15.00771 9.44761 7.57221 26.94784
1.07193 16.03554 9.90244 6.98828 26.05316
1.32069 15.79928 8.83489 7.85871 26.24141
1.25543 14.75629 9.98369 8.39111 25.69682
1.27945 14.77692 9.80144 8.68076 25.56595
1.2027 14.34076 10.74761 8.05774 25.76561
1.24655 15.09314 10.51451 7.48964 25.74845
1.23165 14.97164 9.89038 7.26191 26.72302
1.25715 15.46114 8.71334 7.76915 26.88611
1.41938 15.79607 8.77595 7.39904 26.6955
1.27314 15.6845 8.53244 7.96941 26.61002
1.12769 15.45717 8.63807 8.3018 26.5331
1.35186 15.22386 9.41979 7.7138 26.35587
1.21288 16.00904 8.60104 7.90722 26.33717
1.23648 15.97237 8.48765 8.30827 26.06394
1.02428 15.11041 8.95715 8.06277 26.89341
0.91448 15.28668 9.32939 8.0529 26.49678
1.11345 14.76694 9.18776 7.94205 27.04099
1.16172 14.77777 9.78579 8.01804 26.32667
1.18135 14.68526 10.22588 8.20919 25.80512
1.24892 15.31039 9.51555 8.34183 25.66713
1.11385 14.8671 10.36485 8.23844 25.52494
1.07813 14.89208 9.76252 8.93717 25.46293
1.11128 14.37804 9.74993 8.02329 26.8098
0.97556 14.56008 9.67916 8.33442 26.5393
1.059 14.48585 9.20435 8.20396 27.1184
1.081 14.60538 9.57613 8.21715 26.62281
0.90242 15.58909 8.69299 8.99472 25.93475
1.05818 15.68689 8.699 8.07235 26.56816
1.24803 14.97661 9.79822 7.69328 26.36222
1.16244 14.6476 10.13194 7.70359 26.43815
1.04954 14.82361 10.52961 7.66699 26.05589
1.00927 15.0178 9.62934 8.13586 26.31482
1.21774 14.84085 10.05452 7.80448 26.17025
1.29104 14.89978 9.33299 8.54324 26.02693
1.00882 14.72848 9.9396 8.23034 26.17266
1.03785 14.8148 8.17287 10.00599 26.04394
0.92442 15.25056 8.71444 8.44885 26.71972
0.90904 15.76324 8.5112 8.47462 26.4052
1.1367 15.27309 8.81798 8.56759 26.27757
1.04248 15.46535 9.05846 8.72521 25.81005
1.15947 15.25395 8.77126 8.56598 26.32515
1.08209 15.12176 9.32179 8.60511 25.97943
0.85179 15.55812 9.95335 8.34975 25.39762
1.00721 15.26746 10.12045 8.76572 24.9643
0.9975 14.98916 10.79729 7.61054 25.76401
1.05593 14.77906 11.08183 7.72948 25.54725
1.08307 15.52899 9.61921 8.339 25.54987
1.22468 15.59227 10.12263 7.6884 25.48187
1.13279 15.46162 10.55251 8.01254 24.99401
1.19559 14.62078 9.89221 8.02408 26.34103
1.00824 15.65791 9.54146 8.19634 25.6787
0.94588 15.09817 10.13912 7.79324 26.10016
1.05448 16.12971 8.89315 8.04547 25.94117
1.1876 15.02315 9.78269 7.94637 26.14836
1.17121 15.42572 10.1084 7.57904 25.82168
1.17664 15.05808 9.80714 7.45897 26.56786
1.08096 14.48254 10.74835 8.22127 25.59302
1.13228 16.02044 9.43226 7.78735 25.72559
1.28083 15.99482 9.45198 7.83065 25.54595
1.12177 16.74525 9.3482 7.64377 25.26025
1.16128 15.31324 9.50529 7.71293 26.42746
1.1467 15.464 9.77033 8.30868 25.43926
1.20786 15.54866 9.8506 7.39296 26.08394
1.26524 15.5051 10.2702 7.25512 25.83532
1.28421 15.02301 9.93043 8.23305 25.63655
1.36774 15.43576 9.97621 8.38016 24.96086
1.14455 15.18614 9.70561 8.30008 25.73883
1.36659 15.12711 9.30018 9.02036 25.30619
1.25161 15.2431 9.84404 9.09164 24.74514
1.26195 14.88626 9.47133 9.42408 25.0991
1.36983 14.94993 8.99849 8.70451 26.10086
1.12293 14.55405 9.63913 9.07086 25.73195
1.13718 15.69196 8.53539 8.68103 26.05063
1.21358 15.21761 9.79005 8.28183 25.5862
1.19499 15.34709 10.77053 7.99722 24.84346
1.21872 14.62817 9.42284 8.64655 26.17498
1.16694 15.02969 9.50607 8.56656 25.8608
1.22472 15.64797 8.62247 8.59427 26.00141
1.42406 16.67012 8.7434 7.98919 25.30478
1.16475 15.03736 10.15081 8.65375 25.1532
1.07251 15.70377 9.75819 8.33079 25.28335
1.14454 14.66214 10.0474 7.92335 26.31885
1.06105 15.57064 10.60598 8.02122 24.89931
1.03598 15.62141 9.88946 8.14747 25.46102
1.16375 14.65254 9.83357 8.61814 25.87076
1.09499 15.16448 9.56055 7.96378 26.33477
1.27969 14.45335 9.3682 7.61885 27.3858
1.01484 14.93725 9.29813 8.13348 26.70323
1.01225 14.45714 10.37027 8.02862 26.23698
1.15447 14.86275 9.80546 8.06311 26.22762
1.139 15.56067 9.60876 8.5133 25.33505
1.26551 15.95418 8.90775 8.21566 25.78243
1.29412 15.44294 8.81006 9.39218 25.19612
1.17626 15.69657 8.07962 10.06187 25.13622
1.43924 15.84515 8.67659 8.48404 25.66944
1.3553 15.56377 9.10656 9.34736 24.81171
1.46842 15.6685 9.13181 9.15596 24.76136
1.48591 14.89387 10.22201 8.64882 24.91116
1.48092 14.52882 10.92865 8.74859 24.52479
1.30583 15.28125 10.09369 8.9283 24.56146
1.4943 15.72484 9.55624 9.06821 24.33621
1.24278 15.04638 9.47252 8.71104 25.64282
1.06194 14.88777 10.37433 8.18478 25.60367
1.05668 15.59676 9.67165 8.79824 25.01584
1.12466 15.2734 9.30104 8.27133 26.13267
1.05478 15.82923 9.37249 8.35648 25.51082
1.16478 15.41389 9.45831 8.24269 25.8499
1.20641 15.21659 9.54455 8.47868 25.68382
1.38251 14.71915 9.66447 8.15146 26.20423
1.3213 14.91143 10.51344 7.8866 25.50035
0.99669 15.49819 9.80935 8.36422 25.45029
1.16613 15.24753 9.23199 8.52853 25.90447
1.25691 14.83354 9.58703 8.65392 25.77268
1.12192 15.18936 9.48184 8.50831 25.78973
0.98337 14.89802 10.14322 8.23016 25.87114
0.95537 14.51699 11.04468 7.73351 25.88143
1.05704 15.02799 10.52675 8.37315 25.13844
1.15492 15.09986 10.30882 8.2816 25.2853
1.0565 14.57857 10.34271 8.17013 25.93702
1.11662 14.16104 10.45967 8.83147 25.58451
1.00926 14.88971 8.95865 8.87231 26.37855
1.15957 15.39428 8.6838 9.20902 25.66265
1.0504 15.46765 8.69245 8.24511 26.62919
0.96987 14.70214 9.72014 8.63036 26.09047
0.94787 14.31577 10.85104 8.53425 25.46395
1.12394 14.38847 10.68324 8.36997 25.57153
1.02037 14.76159 9.70924 8.35218 26.2581
1.01993 14.6362 9.46419 9.06636 25.93054
1.1363 15.08923 10.12183 7.87286 25.89803
0.98303 14.83676 10.14324 8.443 25.71877
1.04441 15.46629 9.88465 7.94671 25.76252
1.08088 14.70239 11.2804 7.7955 25.27526
1.0345 14.88184 10.58503 7.89378 25.71881
1.06114 15.26733 9.81299 8.03351 25.91751
0.97306 15.10516 9.82075 7.87687 26.30672
1.17998 14.72397 10.24195 7.82127 26.10263
1.09397 15.01345 9.18065 8.33716 26.45961
1.12661 14.44514 10.25578 8.16423 26.10936
1.21102 14.56249 9.74535 7.60844 26.93803
1.23768 15.70677 9.99697 7.76841 25.38786
1.34947 15.45128 9.73632 7.76097 25.80712
1.44272 15.1697 10.26176 7.87128 25.37806
1.10331 14.71998 10.03683 8.47446 25.78527
1.16622 15.57455 9.97696 8.24185 25.15246
1.17341 14.81725 9.64481 7.84355 26.60243
1.12722 15.00677 9.6328 7.8339 26.47729
1.1985 15.21129 8.96456 8.27162 26.42743
1.3974 14.96916 9.72953 8.18438 25.84509
1.3845 14.19141 10.33216 7.77943 26.42728
1.57217 14.74151 9.01818 8.32052 26.43358
1.10448 15.05732 9.51065 8.50772 25.9133
1.3169 14.76624 9.3767 8.12127 26.50709
1.34591 14.37099 9.44464 7.89121 27.01441
1.10113 15.25152 9.08971 8.42717 26.20113
1.17219 15.43284 8.64731 8.09829 26.70763
0.98781 15.30741 8.62188 8.48336 26.65454
1.18858 15.04758 9.68888 8.66291 25.48865
1.25956 14.61746 9.4814 9.46328 25.2947
1.29508 14.6438 10.24909 8.12803 25.80327
1.28774 14.6173 10.62675 8.51592 25.16039
1.33878 15.13873 9.83734 8.4847 25.36545
1.18014 15.10324 8.83634 8.44371 26.51456
1.34527 15.40883 8.41814 8.82436 26.08903
1.20787 16.01844 8.571 7.64437 26.64272
1.07936 16.31781 8.78161 8.31801 25.6122
1.09632 15.86157 9.55151 8.48231 25.16477
0.98634 15.89195 8.88892 8.75108 25.59606
0.95646 15.50336 8.65853 8.96866 25.98237
1.13893 14.59193 8.64894 9.23102 26.46063
1.27482 14.7572 9.51295 9.14187 25.42142
1.43625 15.11056 9.72835 9.06199 24.79961
1.23543 15.68093 9.13863 8.80065 25.23995
1.34136 15.30485 8.58498 9.33315 25.51869
1.36971 15.56745 9.39962 8.92806 24.8418
1.29566 15.10674 8.3164 8.47361 26.89445
1.11854 14.98818 9.1759 8.88099 25.93593
1.41395 15.79897 9.13069 8.89267 24.8907
1.40872 15.74348 9.04064 9.00289 24.96516
1.28401 15.41104 10.01893 9.38728 24.17813
1.34451 16.08719 9.44126 9.7462 23.64579
1.39247 15.88618 10.07009 9.44184 23.52653
1.31983 15.38984 10.93533 9.1599 23.53448
1.35396 14.72787 11.12167 8.09407 24.90641
1.18279 14.85647 10.00492 8.06417 26.02533
1.3477 14.75413 9.72406 7.5899 26.69578
1.15417 15.43759 9.44544 8.02413 26.08669
1.17549 14.90222 10.16625 8.79228 25.14133
1.18544 15.1324 9.45191 8.81079 25.56348
1.16686 14.95633 9.95927 9.14634 24.94814
1.31584 14.38625 9.29063 9.55374 25.62421
1.30808 14.20386 9.69834 9.57673 25.35229
1.38342 15.35677 9.24797 8.87253 25.22132
1.17203 15.83547 10.40104 8.12389 24.6064
1.16611 14.57011 11.80914 7.48906 25.07734
1.123 15.36347 10.9636 8.16577 24.58989
1.08783 16.10781 8.92484 8.60289 25.46483
1.13326 15.12274 9.51154 7.85264 26.46092
1.0428 15.17963 9.67114 8.16233 26.02498
1.25101 15.07767 8.87147 7.92761 26.93728
1.03633 15.73206 9.53804 7.76792 25.99818
1.0428 15.62336 8.89468 7.73492 26.74584
1.14435 15.62748 8.86057 7.65091 26.76187
1.07504 15.33 9.59166 8.31575 25.76993
1.17747 15.83457 9.26768 8.45722 25.36557
1.23069 14.81848 9.07321 8.18747 26.74769
1.0222 14.59905 10.02709 7.17934 27.24515
0.95176 14.39892 9.17444 8.24143 27.28568
1.1505 15.43198 10.14065 7.55045 25.85472
1.05181 15.39944 9.2547 8.84346 25.53357
0.98204 15.60397 8.45593 9.00024 26.05221
1.14327 16.01466 8.71819 8.3425 25.85036
1.10091 15.88992 9.67096 7.92718 25.53636
1.48491 15.86439 9.29869 7.94924 25.5136
1.12006 15.70455 8.33176 8.39927 26.51938
1.19737 14.45451 9.62395 8.07746 26.71227
1.22973 15.19492 9.33363 7.99496 26.31778
1.22424 15.87127 8.58968 7.79161 26.58821
1.19991 15.53918 10.2165 7.57653 25.55818
1.36269 15.20357 9.30163 8.09163 26.10639
1.04766 15.10315 10.07058 8.38592 25.48702
1.06018 14.92206 9.67478 8.32064 26.10533
1.03393 15.3811 9.4877 8.64919 25.53046
0.9648 15.49956 9.72184 8.4519 25.45058
1.05601 14.30592 10.87968 8.56511 25.31315
1.18501 15.05203 9.86789 8.59117 25.41291
1.2077 16.00937 8.8036 9.21828 24.87395
1.00339 15.61913 8.94311 8.91644 25.61071
1.08595 16.14233 9.34678 8.84092 24.73569
1.10549 15.72142 9.3294 8.38301 25.57891
0.97514 16.56172 9.15292 8.52947 24.91255
1.20404 15.54267 9.24529 8.22525 25.86994
0.99059 14.8268 10.05856 7.90037 26.31062
1.15443 15.64987 9.06829 7.54994 26.64898
1.09338 14.95337 10.45808 7.09604 26.47605
1.00593 15.50756 10.87596 7.65693 25.09277
0.92652 15.44699 9.56457 8.09772 26.05109
1.12274 14.48225 9.32242 8.13873 26.99048
0.92726 14.57336 9.05248 8.28264 27.21378
1.2208 14.60245 9.78748 7.56754 26.87027
1.01063 15.88219 10.4383 7.50623 25.26061
0.97376 15.42946 10.62839 7.66503 25.40361
1.04521 15.87 9.67101 7.91382 25.59117
1.04951 14.60791 11.6114 8.4229 24.56079
1.1701 15.97384 10.17692 7.86248 24.98234
1.13272 14.9776 10.9208 8.44192 24.72111
1.10058 14.52868 10.7341 8.73216 25.03558
1.09201 14.42038 9.92136 9.04386 25.62295
1.12127 14.46689 10.39146 8.32162 25.78299
1.21149 15.64925 8.86429 8.33306 26.0003
1.10354 15.06686 9.75158 7.72412 26.42329
1.21042 14.44873 9.65177 7.90949 26.84817
1.1845 15.17834 10.03047 8.00403 25.68223
1.03919 14.00424 10.46533 8.83252 25.75777
1.25705 14.64729 9.84704 7.84939 26.46518
1.18093 15.33674 9.90162 7.59697 26.05677
1.05789 15.03203 9.94955 7.54046 26.49152
0.98949 15.06334 10.75076 7.43017 25.88306
1.13272 15.94455 10.76275 7.48098 24.89703
1.15461 14.92922 11.05921 7.25916 25.72599
0.98267 15.02893 9.54764 7.7295 26.77164
1.09446 15.52089 9.03254 8.07045 26.34264
1.13337 15.72247 8.88708 7.89713 26.41936
1.37486 15.91623 9.28163 7.28845 26.20649
1.19137 15.53955 9.76752 7.82576 25.76965
1.01852 14.66647 10.03183 7.89396 26.4753
1.16158 15.62466 10.17024 7.34093 25.80534
1.31228 14.2337 10.73202 7.28061 26.51456
1.12526 14.56655 10.21943 7.31383 26.84795
1.36952 14.79386 9.6242 7.56818 26.71605
1.16123 15.52447 9.44953 7.48397 26.44292
1.41423 15.59061 9.67413 7.51407 25.92333
1.33316 15.28725 9.49285 8.09221 25.91581
1.11369 14.93389 10.55827 7.56522 25.94432
1.1879 15.77759 9.77022 8.40918 25.00022
1.46139 15.27162 9.93646 7.58301 25.81918
1.41373 15.66816 10.0952 7.67507 25.29294
1.43246 15.683 10.39304 7.79712 24.87374
1.39005 15.13241 9.70618 7.95207 25.91298
1.42653 15.42734 10.03262 7.57951 25.64431
1.49717 15.66124 9.10134 7.60288 26.22378
1.3221 15.21905 9.49 8.2773 25.79957
1.13664 14.7758 9.86672 7.85334 26.44529
1.42104 14.6473 10.08993 7.83461 26.10278
1.28995 14.60766 10.53969 7.766 25.89263
1.20719 15.06593 9.78857 8.30056 25.70814
1.12476 15.59127 9.23483 7.6771 26.43442
1.03251 15.16122 9.92534 8.33603 25.64953
0.9268 14.95306 10.43968 9.24532 24.62296
0.98314 14.59994 10.87771 8.42659 25.22573
0.97549 15.34878 9.81358 8.83193 25.12859
1.0449 14.84485 10.56306 8.41778 25.26798
1.01643 15.36775 9.69211 8.29758 25.71357
1.05539 14.40282 9.61607 9.13693 25.88828
1.29745 15.44635 9.89194 8.43206 25.0822
1.19723 14.99084 8.73649 8.81191 26.34395
1.05153 14.95329 9.23112 8.08169 26.75251
1.13746 15.20053 9.22507 8.15226 26.39424
1.09402 16.16945 8.69861 7.9868 26.13998
1.00393 16.9142 8.27803 7.69106 26.19374
1.06406 16.48504 8.29962 7.87777 26.35219
1.06918 16.444 8.97957 8.10323 25.55622
1.12543 16.31155 8.18031 8.90205 25.58111
0.90556 14.65813 8.72987 8.78219 26.98872
0.95038 14.73691 9.92585 8.58838 25.90492
1.10062 14.73531 9.23654 8.43351 26.59224
1.05067 14.69561 9.30818 8.31908 26.70184
1.01727 14.97434 9.23096 8.6013 26.26302
1.00669 14.13192 9.85299 8.90977 26.24853
0.86691 15.64702 9.90859 8.41491 25.29335
1.05657 14.59203 9.62698 8.23909 26.58633
1.03154 15.46184 9.54941 7.9694 26.10502
1.0212 15.20958 10.26508 7.90634 25.74902
0.99274 14.85035 9.88896 8.93764 25.49837
1.03488 15.13831 9.69066 8.37343 25.91005
1.01223 15.2213 10.30584 8.85978 24.75599
0.94474 15.53235 9.29301 8.62436 25.7636
0.86129 15.89945 9.66766 8.41006 25.33587
0.88994 16.03276 9.81775 8.52483 24.88198
0.9195 16.48131 8.76727 9.22108 24.70557
1.06556 16.12101 8.72764 9.03345 25.16734
0.86304 15.32751 9.33419 8.02589 26.5304
