"V1" "V2" "V3" "V4" "V5"
1.78735 9.43836 11.96926 6.67679 30.17228
1.99809 9.68051 11.82774 6.74697 29.80359
2.00519 9.70351 12.31204 6.77046 29.2587
2.05166 9.73995 12.35528 6.67644 29.21579
1.94751 9.26533 12.35447 6.83937 29.63535
1.89221 9.30119 12.24942 6.97756 29.62923
1.6879 9.62319 11.34392 6.9289 30.43942
1.84858 9.15563 12.03241 6.96726 30.02753
1.93158 9.256 11.67303 7.01372 30.14174
1.84712 9.32817 12.00202 7.31576 29.53163
1.77461 9.47209 11.62338 7.55999 29.59627
1.90233 9.76874 11.55023 7.21016 29.59311
1.72656 9.31849 12.3239 6.90937 29.75372
1.89795 9.27205 11.6753 7.04453 30.13282
1.62834 9.25124 11.79128 6.94104 30.41108
1.71252 9.3041 12.06234 6.99035 29.95298
1.86275 9.23933 12.47935 7.2924 29.17532
1.91356 9.02182 12.28805 7.10321 29.71455
2.09062 9.07539 12.95301 6.83683 29.12918
1.91439 9.04619 13.19022 6.82489 29.10253
1.78734 9.65481 12.40343 7.1416 29.10512
2.0001 9.32945 12.5787 7.29294 28.86989
1.77275 9.39761 11.80395 7.43405 29.62379
1.8876 9.3782 11.50457 7.33728 29.92338
1.58816 9.17174 12.5953 7.11086 29.55343
1.62302 9.42767 11.70373 7.16494 30.10022
1.80198 9.58697 11.56732 7.23039 29.84438
1.76382 9.12764 11.92278 6.89623 30.31599
1.95488 9.48922 11.86282 7.07939 29.64514
1.91222 9.80613 12.0601 7.01361 29.25507
2.02028 9.36416 13.17795 7.34411 28.17133
1.88165 9.42456 12.80688 6.58988 29.33001
1.85609 9.50568 12.27555 6.39919 29.99178
1.86608 9.87332 11.99382 6.85458 29.47109
1.82664 9.51856 12.36704 6.86712 29.4597
1.75062 9.54563 13.43437 6.61293 28.70152
1.85176 9.3082 11.93416 6.67571 30.25687
1.77004 9.5718 11.81774 7.14342 29.73085
1.79934 9.85762 11.44767 7.1321 29.79968
1.8479 9.46034 12.44813 6.59667 29.67598
1.73232 10.08719 12.23494 6.7598 29.23051
1.81694 10.04127 11.88569 6.83689 29.46804
1.92798 9.77612 12.08936 6.69588 29.56246
1.7838 9.64491 11.85724 7.04235 29.69419
1.69932 9.77122 11.8493 7.124 29.5791
1.90913 9.69483 12.11441 6.61095 29.6904
1.89811 9.70816 11.84333 6.98143 29.59534
1.92638 9.75295 11.90004 7.08889 29.37195
1.63753 9.52359 11.9881 7.10333 29.77217
2.08442 9.69932 11.4306 6.94918 29.85803
1.91159 9.46344 11.0989 7.00079 30.53579
1.82013 9.69387 11.89193 7.1795 29.43187
1.98393 9.55966 11.96233 7.00538 29.51736
2.02008 9.48158 12.03785 7.26275 29.24048
2.1289 9.55922 11.99058 6.9249 29.42341
2.0387 9.35528 12.37107 7.29826 29.00149
1.98984 9.61433 11.95654 7.06017 29.44925
1.97298 9.4781 12.34493 7.19194 29.08671
1.84792 9.33047 13.63531 6.57643 28.76353
1.84695 9.52741 12.60259 7.03274 29.06619
1.8379 9.50307 12.88611 6.88885 28.94391
1.83646 9.81084 11.72703 7.16446 29.49194
1.87604 9.37149 11.61567 7.08127 30.07932
1.89978 9.3458 11.79369 7.50336 29.4914
1.86723 9.26098 12.87677 7.13533 28.91417
2.02707 9.61278 12.29475 7.41868 28.74478
1.9687 9.447 12.21984 7.37211 29.06634
2.12811 9.47756 11.73193 7.32608 29.38581
1.85626 9.41473 11.47141 7.18544 30.10381
1.87054 9.12957 11.96562 7.37351 29.71473
1.80294 9.47031 11.71828 7.03819 30.01434
1.74645 9.52332 12.12489 7.27399 29.37781
1.76329 10.03907 12.20498 7.00241 29.04633
1.78181 9.60095 12.43057 7.10588 29.12773
1.68366 10.12846 12.70417 6.94017 28.61681
1.76087 9.97218 12.55136 7.11038 28.6808
2.13721 9.67813 12.39058 6.99452 28.87133
1.91886 9.52806 12.21778 7.57751 28.80127
1.77345 9.29544 12.20325 7.4841 29.29
1.73353 9.57733 12.18173 7.58068 28.9841
1.92029 9.22716 12.22993 7.08863 29.56738
1.71394 9.5747 11.96695 7.18665 29.58911
1.75373 9.35033 11.68667 7.43174 29.81269
2.20216 9.35606 11.88879 7.08221 29.51244
1.81802 9.53935 12.0595 7.2766 29.34246
1.87243 9.21809 12.26167 7.1922 29.48348
1.77822 9.34498 12.4963 7.60265 28.82456
2.07936 9.18148 12.00978 7.26026 29.50267
2.02797 9.62908 11.99409 7.31426 29.07944
1.77864 9.40815 12.6924 7.16793 28.99279
1.82506 9.71846 12.11586 7.10526 29.27118
1.7007 9.4385 12.02305 6.87495 29.9889
1.8895 9.93248 11.91249 7.24784 29.06919
1.93256 9.12695 12.77577 6.96003 29.25189
1.92873 9.70319 12.08067 6.69882 29.61367
1.94816 9.52244 12.60899 6.74847 29.19823
1.72384 9.30559 12.72345 6.58149 29.71281
1.56648 9.32225 12.09804 7.1707 29.88545
1.85221 9.37613 12.75914 6.87322 29.18289
1.76151 9.39697 12.25923 7.24169 29.38488
1.75926 9.04902 12.69463 7.13242 29.40943
1.94186 9.46161 12.63612 7.49969 28.53714
1.85242 9.03623 12.3022 7.36312 29.504
1.85987 9.37739 11.59276 7.38853 29.80991
1.87435 8.88356 12.47629 6.75703 30.03909
1.6212 9.11083 12.12652 7.28933 29.88251
1.8066 9.2854 12.30534 7.4609 29.20566
1.91566 8.99506 12.58426 7.05849 29.48375
1.86525 9.18219 12.06445 7.46185 29.48271
1.96888 9.3693 12.19119 7.26021 29.27014
1.61787 9.63518 12.47738 6.83167 29.47108
1.85125 9.24148 12.53888 6.80867 29.6151
1.90084 9.46829 12.64982 6.9191 29.12578
1.99736 9.56174 12.15034 6.98794 29.33091
1.99762 9.27786 12.68128 6.82374 29.25465
2.03945 9.20637 12.77983 6.73402 29.27127
1.84645 9.26888 12.69569 7.0574 29.16719
2.02621 9.47449 11.64621 7.01446 29.86683
1.9693 9.41682 12.22694 6.81576 29.59193
1.72059 9.46368 12.34937 6.89985 29.58938
1.93853 9.45861 12.40527 7.16112 29.07783
1.88175 9.35492 12.22497 7.54849 29.02872
1.80082 9.57811 12.09263 6.98633 29.57335
1.91451 9.73442 12.20757 7.18015 29.02676
1.84916 9.36318 11.91997 7.13281 29.76735
1.80758 9.33786 12.01183 7.33399 29.55255
1.90645 9.16217 12.66295 7.12017 29.19201
1.93364 9.25322 12.11112 7.30483 29.42866
1.7691 9.76739 12.57363 7.38171 28.55814
1.82641 9.2273 12.23072 7.48197 29.25848
1.93841 9.38004 12.20607 7.22104 29.28593
1.87835 9.3258 12.2138 7.17213 29.4365
1.97591 9.54775 11.39522 7.19717 29.91224
2.04104 9.08809 12.34632 7.19969 29.37085
1.8904 9.40168 12.43305 7.30568 29.00214
1.67974 9.3179 12.29076 7.29546 29.44911
1.81479 9.38022 12.65033 7.46036 28.73492
1.84469 9.74736 11.42657 7.73743 29.27581
1.98801 9.62591 11.90074 7.90076 28.63975
2.1156 9.73756 11.4938 7.62206 29.07283
1.98174 9.2113 12.49575 7.18445 29.16216
1.81735 9.3149 12.28009 7.21642 29.40902
1.89293 9.3907 12.13699 7.1724 29.45216
1.94609 9.38296 11.63183 7.60956 29.47628
1.93443 9.371 12.12971 7.81105 28.83283
1.94717 9.48511 12.51699 7.03556 29.06985
1.91554 9.39935 12.44808 7.12012 29.17319
1.90717 9.2956 12.64442 7.07948 29.14061
1.73457 9.48089 12.55503 7.60979 28.72405
2.14449 9.75991 12.18017 7.1907 28.76872
1.83168 9.5569 12.69046 6.91905 29.05517
1.76851 9.87946 12.3669 7.37292 28.67354
1.89064 9.40505 12.14279 7.40258 29.2099
1.99807 9.53459 11.89465 7.42757 29.17976
1.89368 9.8328 11.42126 7.36162 29.52426
1.69569 9.6298 11.69902 7.0842 29.91945
1.82954 9.45673 12.31447 6.73945 29.69265
1.81201 9.00892 12.60145 6.84413 29.79305
1.84533 9.36053 11.89624 7.00247 29.93646
1.7324 9.73706 11.96086 6.8887 29.71744
1.88377 9.85889 11.41033 7.32576 29.55305
1.91188 9.67379 11.47696 7.0132 29.9436
1.84644 9.65465 11.8489 7.46795 29.21411
1.88856 9.87243 10.96481 7.78014 29.52093
1.90143 9.59777 11.95896 7.497 29.07674
1.5821 9.65584 11.92972 7.65286 29.20477
1.81007 9.85816 11.89916 7.50286 28.97057
1.85573 9.58375 12.22337 7.52908 28.86721
1.74369 9.50617 12.47544 7.33062 28.99173
1.67939 9.64194 12.44491 7.05768 29.21998
1.70543 9.23107 12.31474 6.88699 29.88909
1.71084 8.90571 12.67047 7.2631 29.48411
1.8052 9.2436 12.03757 7.21586 29.74666
1.77493 9.08609 12.03532 7.06839 30.09126
1.92555 8.95057 12.27889 7.2272 29.66151
1.76488 9.16619 12.45506 7.15857 29.50044
1.98277 9.12683 13.0652 6.8481 29.07055
1.94894 9.10117 12.55086 6.5544 29.88414
1.78457 9.55153 12.55893 7.01773 29.12354
1.66611 9.45326 12.80181 7.09265 29.03696
1.64194 9.56043 12.39149 7.16503 29.2815
1.88725 9.36967 12.12364 7.04656 29.61524
1.78756 9.58329 12.28373 7.3796 29.01387
1.79588 9.57057 11.71309 7.18075 29.7795
1.68741 9.67845 11.86216 6.9774 29.83423
1.87573 9.89117 11.54404 7.37067 29.36312
1.93108 9.50459 12.38934 7.29569 28.92558
1.88219 9.37636 12.42439 7.53617 28.8291
1.85283 9.34036 12.52479 7.47114 28.85642
1.83796 9.2858 12.80181 6.91604 29.22738
1.88894 9.42644 12.57787 7.27327 28.8846
1.92783 9.81707 12.01496 7.29399 29.0355
1.95372 9.71236 12.21824 7.28847 28.89926
1.80846 9.46563 12.17033 7.72922 28.91376
1.92725 9.10401 12.25561 7.69492 29.10488
1.95239 9.35584 12.46332 7.68104 28.62421
2.13357 9.89651 11.76063 7.50211 28.77909
2.04047 9.26929 12.10329 6.97726 29.65799
2.04784 9.60399 11.7113 7.05086 29.63085
1.96259 9.07643 11.7434 7.54349 29.70536
1.94861 9.16266 12.24415 7.34265 29.32591
1.9676 9.09846 12.33604 7.1138 29.51787
2.0655 9.20927 12.11026 7.29116 29.36897
2.02149 9.09312 11.68707 7.43768 29.7997
1.73639 9.51527 11.57255 7.70701 29.51209
1.82743 9.44312 12.31759 7.2936 29.15985
1.89818 9.2022 11.94766 6.99322 30.00367
1.84795 9.13731 12.06697 7.17814 29.82714
1.98733 9.25639 12.81565 7.16444 28.86803
1.86058 9.03732 12.33582 7.00312 29.82038
1.69304 9.70187 12.2439 6.96155 29.44734
1.81878 9.53901 12.32355 7.11871 29.28096
1.82616 9.85081 12.56115 6.65507 29.22843
1.83128 9.60088 11.55505 6.75033 30.32091
1.77586 9.55234 12.21383 6.89391 29.62118
1.79454 9.91777 12.30825 6.90963 29.17144
1.63646 10.01329 12.63181 7.08338 28.80352
1.85177 9.64527 12.45111 7.14744 29.00613
1.81871 9.53677 12.19502 7.19485 29.30974
1.71994 10.19435 11.66692 7.3562 29.14579
1.76714 9.5519 11.99689 7.36986 29.34502
1.87637 9.76935 11.90155 7.2513 29.24616
1.94604 9.84563 12.18209 6.94874 29.15381
2.06077 9.22193 12.47143 6.98013 29.3147
1.80305 9.18734 12.32851 7.26131 29.48208
1.85675 8.93462 12.71243 7.74973 28.81583
1.79894 8.91472 12.36239 7.49653 29.4855
1.89787 9.36091 12.36505 7.10117 29.3162
1.92172 9.3868 12.12129 7.46625 29.15182
1.93564 9.59875 12.1599 7.45738 28.89457
1.97736 9.30231 12.2167 7.34462 29.1999
2.03561 9.44193 11.83084 7.1949 29.52101
1.93167 9.07575 11.60536 7.19157 30.22263
1.97184 9.32674 12.90098 7.07914 28.78166
2.01861 8.95233 12.00687 7.42448 29.62935
1.8948 9.34808 12.20291 7.02545 29.56044
2.03036 9.17672 12.03213 7.4869 29.31434
1.9483 9.18195 11.97077 7.52543 29.41491
1.7912 8.86973 12.28527 7.2486 29.83314
2.00622 9.48383 12.70454 7.11699 28.73482
2.10468 8.97599 12.64322 7.1501 29.18716
1.86012 8.79373 13.10986 7.19871 29.07937
1.70764 9.19818 12.4855 7.40059 29.24204
1.92316 8.92068 12.16894 7.20474 29.80819
2.00379 8.94853 12.40894 7.04095 29.62766
1.73097 9.62965 11.94021 7.18564 29.54887
1.88527 9.47846 11.79886 7.26466 29.62892
1.87864 9.33144 11.94561 6.99519 29.88812
1.98303 9.60613 11.9122 6.79532 29.73211
1.94107 9.40472 12.4563 6.91862 29.3184
1.67844 9.47527 12.39961 7.3573 29.12155
1.96608 9.55088 12.00703 7.10393 29.40917
1.93781 9.84166 12.05899 7.24987 28.95113
1.85652 9.48753 12.28741 7.56355 28.84673
2.07471 9.54201 12.43193 7.08967 28.91445
1.95097 9.49353 12.67292 7.03959 28.90101
1.97472 9.29569 12.47529 6.9419 29.38143
1.8896 9.29792 12.9223 6.65314 29.28431
1.98264 9.2503 12.94177 6.70034 29.17114
1.80227 9.36416 12.4527 6.95085 29.47417
1.75708 9.61166 11.96388 6.89004 29.80246
1.85656 8.95553 11.89321 7.15276 30.17268
1.66123 9.42963 12.45307 6.9611 29.52285
1.90577 9.60601 12.06768 6.91496 29.52526
1.90587 9.19858 12.39062 6.81709 29.71025
1.84967 9.19501 12.33057 7.01438 29.62957
1.87587 9.1252 13.14208 6.93424 28.95736
1.79586 9.29084 12.48881 6.96221 29.48168
1.88883 9.17202 12.02771 7.00255 29.93523
1.94511 9.31582 12.13093 7.65518 28.99335
2.08011 9.45334 11.54005 7.3103 29.64569
1.81477 9.81699 11.55029 7.62778 29.2378
1.79961 9.88331 11.86338 7.34151 29.18076
1.79402 9.59973 12.79535 7.54657 28.34628
1.93523 9.81068 11.94125 7.02003 29.33594
2.04286 9.35543 12.66003 6.91832 29.1082
1.92393 9.23154 12.82332 7.09795 28.98035
1.76421 9.21589 12.54142 7.15265 29.39237
1.85459 9.68263 11.51369 7.09175 29.92407
1.92184 9.79332 12.28981 7.10779 28.9436
1.92036 9.48218 11.90646 7.26612 29.44518
1.79103 9.8041 11.92725 7.62532 28.88354
1.92027 9.71838 11.99174 7.03659 29.36988
1.98294 9.40956 12.52728 7.53219 28.60682
1.85601 9.17794 12.27484 7.55747 29.1831
1.84058 9.00627 12.5704 7.44005 29.18662
2.00367 9.27047 11.91597 7.33615 29.51206
1.98597 9.4381 11.33688 7.69177 29.56796
1.87925 9.01116 12.63301 7.51807 28.98877
2.0904 8.82306 13.38753 6.97045 28.79575
2.11907 9.01261 12.99387 6.91493 29.00392
1.85349 8.72213 13.09827 6.71071 29.65347
2.04857 9.50431 12.01295 7.03319 29.44493
2.05981 9.74879 12.05428 7.18255 29.01001
1.83604 9.21526 12.00756 7.16401 29.80522
1.87304 9.56861 11.77337 7.5253 29.29805
1.82325 9.6269 12.23803 7.2182 29.12007
1.92581 9.54507 12.12606 7.28065 29.16769
1.83813 9.07174 13.29282 6.60796 29.23102
1.77097 9.69759 12.73739 7.47043 28.38383
1.84575 9.63206 11.92085 7.55707 29.07448
1.72848 9.36951 12.4789 7.41371 29.03494
1.80194 9.78627 12.20338 7.21712 29.03239
1.84455 9.29734 12.27582 7.35793 29.3163
1.72005 9.58077 12.11866 7.49649 29.12384
1.74838 9.67274 11.57612 7.54858 29.49333
1.89666 9.30825 11.70832 7.6912 29.42987
1.66867 9.78806 11.76264 7.25223 29.56327
1.5809 9.55596 11.80548 7.2518 29.82927
1.63382 8.94105 12.48205 7.48807 29.49464
1.7827 9.54244 12.39156 7.08806 29.23302
1.49607 9.79566 13.35491 7.34313 28.11902
1.73916 9.39805 12.40178 7.58883 28.95895
1.61639 9.43328 12.15774 7.46852 29.38534
1.69075 9.73573 12.34222 7.2422 29.04128
1.73946 9.81565 11.86631 7.67285 28.93778
1.71801 9.54057 11.53017 7.54302 29.70472
1.96165 9.01172 12.31965 7.53731 29.20749
2.16432 9.28755 11.79905 7.00927 29.77526
2.00554 9.28059 12.02851 6.63076 30.09186
2.10543 9.46146 12.0688 7.09417 29.32662
1.9092 9.56469 12.07226 7.09816 29.3979
1.91091 9.369 11.62909 7.40292 29.73267
1.68056 9.21598 12.413 6.91105 29.80601
1.66974 9.31691 12.20935 6.65716 30.16903
1.73751 9.21293 12.40453 7.10258 29.56777
1.78143 9.10335 12.19991 7.43062 29.51232
1.85796 9.40344 12.55086 7.04757 29.16796
1.81064 9.47872 12.7382 6.85995 29.1371
1.88993 9.05783 12.92322 7.12434 29.06025
1.62041 9.12032 12.72994 7.40412 29.18874
1.78482 9.25314 12.88921 7.13084 29.04148
2.12967 9.58344 11.94523 6.9282 29.45696
1.92083 9.14899 12.34207 7.03835 29.61071
1.82387 9.14109 12.44581 7.12785 29.52942
1.90491 9.16368 12.57642 7.10683 29.30433
1.78835 9.48581 12.98625 6.75692 29.01878
1.94267 9.91601 12.54756 6.62166 29.03124
1.82997 9.86993 12.74757 6.46852 29.15892
1.84943 9.49628 12.73568 6.54315 29.42474
1.80767 9.38926 12.68087 6.63389 29.54051
1.81451 9.41446 12.4425 6.72163 29.63779
1.97537 9.15288 12.6226 6.7345 29.54722
1.79503 9.12948 12.73865 6.84383 29.53714
1.8761 9.18786 12.50613 6.95986 29.52222
1.98187 9.12853 12.43138 7.07752 29.44952
1.83939 9.02174 12.79049 7.13341 29.28166
1.92817 9.23581 13.20554 7.10233 28.61823
1.80663 9.65994 12.12056 6.93387 29.51928
1.92232 9.7535 11.96094 7.0933 29.32589
1.97506 9.36503 12.16916 7.11018 29.44931
1.88 9.50311 11.69816 7.4106 29.53793
1.85577 9.00632 12.93497 7.3451 28.89583
1.95137 9.35089 12.42313 7.53571 28.78334
1.82471 9.24851 12.84923 7.21461 28.91981
1.907 9.51984 12.14599 7.37337 29.10301
1.95119 9.61033 11.84469 7.5724 29.05449
2.00741 9.65542 11.2639 7.44109 29.67394
1.79715 9.23167 12.32109 7.37385 29.35026
1.92821 9.40684 12.09789 7.68464 28.97939
1.87903 9.5187 12.19282 7.36199 29.09698
1.82065 9.33861 12.01305 7.13467 29.74602
1.92748 9.27705 12.58941 6.68461 29.58475
1.83777 9.68602 11.48468 7.57725 29.46241
2.11441 9.97968 11.2915 7.35371 29.28397
1.97683 9.88999 12.15355 6.91694 29.08906
1.92363 9.71626 11.88485 7.25586 29.24295
1.95398 9.3271 13.11292 6.94697 28.72028
1.92654 9.22101 13.05945 6.86698 28.97852
1.80751 9.28517 12.73106 6.8851 29.34508
1.81607 9.27667 11.94829 7.02317 29.97485
2.04104 9.75411 11.61166 7.25494 29.38376
1.76537 9.61288 12.28461 7.39891 28.99039
1.94466 9.23297 11.98425 7.51988 29.36998
1.78035 9.74953 12.24594 7.05733 29.2168
2.11184 9.59746 12.1397 7.30441 28.89935
1.87078 9.43236 12.33158 7.02117 29.3919
1.92264 9.02197 12.72081 6.95933 29.42009
1.77037 9.66726 12.91078 6.8484 28.86841
1.79436 9.07698 12.32346 7.09881 29.74688
1.80291 9.22292 11.94098 7.09533 29.98866
1.94353 9.3941 12.26661 7.38879 29.05922
1.86175 9.16064 12.10613 7.44396 29.47603
1.60533 10.05315 11.9641 7.08423 29.3426
1.75359 9.63457 12.05672 6.92228 29.65683
1.50913 9.38013 12.78 6.73884 29.62603
1.64626 9.02757 12.91052 6.87828 29.56152
1.87834 8.79855 12.9377 6.96185 29.45586
2.01422 9.1318 12.16354 7.01935 29.69632
2.02131 9.3995 12.53065 6.95263 29.12784
1.76742 9.43137 12.39843 7.24943 29.19769
2.03237 9.00169 12.76794 6.97201 29.27004
2.06737 9.14587 12.83133 7.00789 28.98489
2.07537 9.15158 12.2924 6.87097 29.6361
1.75081 9.76479 12.87408 6.46739 29.17076
1.9044 9.67832 12.52873 6.99668 28.94543
1.94942 9.7202 12.02474 6.87346 29.46477
1.97734 10.1002 11.64174 7.00047 29.3144
1.97697 10.02247 12.11635 6.73678 29.19822
1.67014 9.30033 12.58947 7.11545 29.36509
1.89303 9.47429 12.06974 7.28938 29.31673
1.83852 9.70368 11.93429 7.43395 29.13262
1.87049 9.37687 12.27991 7.4619 29.06178
1.97335 9.42078 11.73967 7.45643 29.45314
1.85564 9.677 11.36786 8.07155 29.0669
1.78636 9.48996 11.3761 8.1394 29.24019
1.77748 9.85682 11.02896 7.99681 29.3624
1.9617 9.58997 11.73656 7.59005 29.1398
1.959 9.59602 11.50375 7.56986 29.40072
1.96744 9.28718 11.89076 7.43558 29.45044
1.89198 9.09345 12.58086 6.85577 29.59827
1.81081 9.14424 12.96216 6.68829 29.44245
1.91121 9.75999 12.27933 7.09074 28.98275
2.04824 9.83134 12.27792 6.99159 28.88191
1.97126 9.83342 12.23067 7.24022 28.75313
2.03184 9.55937 12.06016 7.3579 29.03577
1.87966 9.25054 12.47057 7.11922 29.32062
1.92788 9.81538 11.81875 7.04823 29.42504
1.81256 9.45598 11.87455 7.04638 29.83427
1.8875 9.81098 11.33946 7.34026 29.65235
2.15247 9.31461 12.29349 6.82049 29.45075
1.90809 9.71722 11.44076 7.00116 29.95327
2.03465 9.36585 12.49442 6.67701 29.48122
2.03686 9.28281 12.71709 6.92709 29.07277
1.74624 9.56164 12.68001 6.93451 29.11437
2.01948 9.45673 12.53397 7.21724 28.81773
1.95709 9.48993 11.84363 7.45746 29.27729
1.8956 9.8503 12.30482 7.33239 28.66193
1.8643 9.87389 12.44625 7.07689 28.81607
1.94592 9.44937 12.4021 6.96915 29.28193
2.1362 9.39313 12.0862 7.27659 29.1567
1.95863 9.29268 12.41927 7.09598 29.26518
1.8807 9.40078 12.70892 7.11895 28.92561
1.85233 9.6794 12.16394 6.87789 29.45323
1.73906 9.80786 11.90551 7.20771 29.38082
1.91808 9.59949 12.16291 7.18254 29.17839
1.80238 8.91982 12.65643 7.46504 29.18972
1.60274 9.18258 12.31186 7.18085 29.74558
1.77513 9.14562 12.66664 7.13261 29.30861
1.72714 9.28013 12.52318 7.21172 29.29972
1.80228 9.39119 12.67919 7.12748 29.11354
1.86491 9.77035 12.18775 7.04197 29.19982
1.88433 9.56036 11.93092 7.06115 29.61842
2.21026 9.26075 12.10439 7.24127 29.21847
2.15647 9.87039 12.18851 7.17337 28.64228
1.91695 9.5853 12.27165 7.37809 28.87999
1.89189 9.1876 12.73489 7.40018 28.81875
2.04744 9.36681 12.48144 6.90611 29.23424
1.98422 9.10631 12.86598 6.74115 29.32782
2.19561 8.6372 13.14198 6.90041 29.16053
1.97751 8.82365 12.51854 7.08621 29.62728
2.19778 8.70032 12.48607 6.62908 30.02913
2.15362 8.6186 12.97068 6.62086 29.70835
2.05394 8.91288 12.48193 6.80391 29.80088
2.03901 9.09698 12.3101 6.98163 29.60872
2.00887 9.04664 12.85328 6.72283 29.39938
1.97402 9.26981 12.65372 6.63593 29.49882
1.91298 9.99506 12.34441 6.70592 29.07393
1.94437 9.75577 12.58269 6.65082 29.10707
1.89281 9.47241 11.93625 6.89485 29.82629
1.80247 9.63138 12.51776 6.5852 29.4974
1.91231 9.26302 12.20253 6.97815 29.67798
1.95428 9.23614 12.52447 6.86712 29.44575
2.0176 9.51672 11.9732 7.12921 29.38763
1.92045 9.58112 12.22653 7.12777 29.19447
1.80232 9.59216 11.8545 7.36038 29.45274
1.88247 9.49557 12.17956 7.04882 29.42717
1.78647 9.42582 12.22042 7.18254 29.4517
1.81235 9.30248 11.74572 7.49521 29.68892
1.87037 9.67221 11.88901 7.11794 29.48216
1.84039 9.36765 12.17155 7.09492 29.55469
1.98913 9.2068 12.48411 6.80697 29.54022
1.71927 9.52138 11.88918 7.19824 29.7033
1.70883 9.10244 12.1934 7.09174 29.92661
1.69279 9.47609 12.27094 7.01352 29.57286
1.80321 9.46094 12.26069 7.10724 29.39973
1.82182 9.31096 12.34776 6.7156 29.83515
1.6958 9.69399 11.82611 7.12762 29.71475
1.85661 9.56122 12.15591 7.02938 29.43834
1.87217 9.53921 11.79876 7.10956 29.70621
2.01636 9.28669 12.42815 6.68334 29.64079
1.84188 9.33016 12.76047 6.85845 29.24578
1.98694 9.64402 12.32499 6.75315 29.32479
1.82932 9.67994 13.27226 6.68296 28.60157
1.84783 9.69552 12.92812 6.73527 28.85662
1.9757 9.16145 13.61952 6.32003 29.00424
1.98826 9.77757 12.51315 6.49218 29.29647
1.70748 9.68107 12.77762 6.80786 29.06425
2.04026 9.23282 13.63312 6.50715 28.64719
1.68015 9.28842 12.63235 6.99728 29.43956
1.8741 9.681 12.44752 6.97181 29.07991
1.69216 9.25758 12.92047 7.16526 28.99911
1.88963 9.43174 12.19553 6.87126 29.64137
1.95221 9.21655 12.52157 6.97026 29.36762
2.11559 9.24154 12.41361 6.87582 29.37608
1.85372 9.18113 13.63126 6.51906 28.86512
1.73563 9.14137 12.76411 6.45789 29.94983
1.94839 9.37282 12.40083 6.86329 29.44908
1.97556 9.53716 11.7195 7.19866 29.59476
1.70523 8.64337 13.26284 6.89388 29.51752
2.01769 9.35892 12.14722 7.04794 29.45029
1.68663 9.27699 12.38576 7.02326 29.65885
1.86536 9.43043 12.22449 7.08412 29.42326
2.00761 9.04503 12.06602 7.02364 29.88938
1.98869 9.26366 11.4733 7.28861 30.02179
1.99569 9.51067 12.06001 7.12272 29.36403
1.80053 9.24215 12.53048 7.28286 29.22593
1.77003 9.37825 12.10945 7.1765 29.61116
1.76273 9.44006 12.53023 7.13712 29.1871
1.74868 9.21699 12.29976 6.84501 29.90867
1.77934 9.72115 11.79246 7.06144 29.68135
1.89571 9.46917 11.9291 6.98284 29.76358
1.83109 9.41556 11.76951 6.99915 30.01235
1.84101 9.6838 11.66992 7.3186 29.51637
1.68598 9.6636 11.53452 7.16103 29.97953
1.70162 10.29763 11.73046 6.71215 29.61636
1.7466 9.49758 11.7417 6.77838 30.29177
1.80512 9.34861 12.21068 7.01873 29.66666
1.88923 9.74756 12.37373 7.13032 28.91862
1.89944 9.17154 12.25325 6.97755 29.74635
1.87508 9.08958 12.53848 7.03342 29.53955
1.84541 9.7354 11.72623 6.9522 29.78548
1.88523 9.16945 12.42512 7.11751 29.46078
1.86343 8.9883 12.47194 6.7714 29.97413
1.7419 9.73684 12.03699 7.15862 29.35703
1.79928 9.37176 12.38694 6.89888 29.56991
2.04948 9.54345 12.27569 6.98369 29.18286
1.78376 9.17193 12.6827 6.85713 29.53346
1.9545 9.17626 12.62669 6.86168 29.4084
1.78596 9.17653 12.31913 7.30587 29.45565
2.06033 9.21025 11.88412 7.23591 29.64792
2.13398 9.07012 12.21868 6.75453 29.85547
1.94609 9.617 11.81348 7.36907 29.28496
1.77649 9.43057 12.58173 6.95009 29.30799
1.76206 9.49844 12.13899 6.88007 29.74071
1.72033 9.00201 12.21837 6.65343 30.42262
1.83159 9.21498 12.05248 6.82667 30.09522
1.661 9.28137 12.23007 6.6013 30.26263
1.86507 9.22929 12.30824 6.95914 29.6789
1.73601 9.07989 12.03694 6.68031 30.49121
1.77133 9.58083 12.21929 6.80493 29.65457
1.84094 9.64956 12.06041 6.93829 29.55053
1.82072 10.00126 11.50294 6.90285 29.79083
1.80613 9.8511 11.41448 6.91393 30.03465
1.8124 9.51281 11.82591 6.9243 29.95107
1.74899 9.01976 12.79064 7.46247 29.01313
1.73761 9.26829 12.30853 7.27183 29.44421
1.66982 9.52537 12.21539 7.17684 29.46563
1.78034 9.31827 12.36257 7.15747 29.45614
1.9035 9.64603 11.89652 7.00826 29.57853
1.76572 9.66667 12.63485 6.99654 28.98863
1.70949 9.82792 12.35197 6.97724 29.169
1.80836 9.5277 12.45419 7.09237 29.15056
1.65979 9.73011 12.06522 7.02025 29.55586
1.95564 9.20637 12.36876 6.6496 29.84282
1.83265 9.5767 11.83489 7.04731 29.73768
1.8046 9.52035 12.55389 6.98497 29.18183
1.80701 9.46561 11.94245 6.87901 29.92469
1.61242 9.26281 12.29427 6.90983 29.94467
1.80192 9.327 12.27154 6.69962 29.92257
1.82028 9.21766 12.64445 7.02919 29.32599
1.68583 9.24228 12.31255 6.87377 29.92302
1.68341 9.31743 12.55322 7.01591 29.46909
1.93616 9.20118 12.23024 7.69999 28.97906
1.87097 9.40826 12.24086 7.01482 29.49563
1.83984 9.36691 12.13093 6.89849 29.78634
1.93787 9.35573 12.67564 6.7866 29.29273
1.77237 9.40692 12.60558 6.85602 29.3947
1.72179 9.59364 12.22648 7.42718 29.08476
1.87998 9.37091 11.76944 7.09798 29.91436
1.76645 9.76608 11.83335 7.13688 29.54422
2.04251 9.30262 12.02544 6.78425 29.87225
1.86058 9.61416 12.4758 7.20014 28.9045
2.05215 9.6655 11.75726 7.1714 29.38964
1.75923 9.22611 12.08146 7.03659 29.92287
2.04261 9.19312 12.5317 6.88581 29.4236
1.8375 9.49891 12.24386 7.15618 29.3251
1.68131 9.50643 11.97345 6.79509 30.07668
1.80735 9.30741 12.93788 6.52661 29.47053
1.94651 9.57672 12.74248 6.78866 29.0068
1.82958 9.16246 13.05924 6.60874 29.38966
1.74189 9.25435 13.22435 6.58275 29.24553
1.79804 9.46062 12.37398 7.1437 29.25765
1.73678 9.27612 12.73999 7.13559 29.15439
1.9926 9.42175 12.47867 6.99105 29.1628
2.14497 9.41634 12.41902 7.16637 28.89302
1.92063 9.70387 12.48886 7.24742 28.68781
1.99058 9.75713 11.83412 7.68003 28.77028
1.89668 9.76363 11.8385 7.16133 29.37412
2.04558 9.85068 11.4106 7.20341 29.5127
1.90496 9.79317 12.26819 7.24127 28.8404
1.90941 9.2038 12.41952 7.49343 29.0166
1.97187 9.7949 11.72358 7.3613 29.19878
1.90827 9.47334 11.76027 7.37293 29.51575
1.95504 9.03809 11.74925 6.96498 30.31169
1.97904 9.20911 11.9402 6.79004 30.09759
1.82276 8.75971 11.99446 7.0037 30.43169
1.911 8.78936 12.19238 7.18353 29.93969
1.8612 9.36597 11.74097 7.30562 29.74977
1.96621 9.43332 12.15863 7.53564 28.9592
1.86594 9.47001 12.54613 7.22186 28.95204
1.74344 9.57854 12.15297 7.22286 29.35838
1.69653 9.80364 11.72892 7.23988 29.59168
1.85818 9.46579 12.11368 7.16238 29.45187
2.01443 9.38014 12.17026 7.54731 28.91841
2.10956 9.28909 12.55081 7.56432 28.56663
2.04127 9.01103 12.82916 7.52107 28.65757
1.8963 9.42115 13.09634 7.406 28.24951
2.05483 9.66037 11.92731 7.37789 29.01702
2.04888 9.5142 12.65968 7.18888 28.63983
2.04485 9.24574 12.0604 7.3816 29.32344
1.9029 8.90338 12.38972 7.31099 29.5381
1.85223 9.23902 11.68167 7.72308 29.55653
1.80462 8.81686 12.11305 7.41789 29.89271
1.88903 9.19745 12.38166 7.19827 29.3857
1.8825 9.41095 12.32332 7.20207 29.21703
1.85684 9.63009 12.68977 6.98037 28.90282
2.1282 9.53957 11.72675 7.14672 29.49294
1.97519 9.59995 12.04584 7.04323 29.36976
2.0505 9.31042 12.5314 7.20177 28.96485
1.82562 9.24213 13.49987 7.0286 28.48149
1.99092 9.49078 13.04895 7.0364 28.50002
1.85999 9.32066 12.90011 6.70486 29.25041
2.0198 9.65829 11.96452 7.04717 29.34396
1.89061 9.54914 11.67364 7.4893 29.42738
1.92397 8.93116 12.28006 7.20665 29.68649
1.9378 8.97982 13.30252 7.21722 28.60157
2.0468 8.7503 13.21269 7.09805 28.92377
1.97853 9.24162 12.81975 7.1106 28.89603
1.99115 9.77376 11.64265 7.39757 29.23226
1.97515 9.64451 11.53225 6.88902 29.98226
1.97836 9.34232 12.15375 6.9495 29.61839
2.00419 9.30934 12.03379 7.10343 29.59553
1.67729 9.34945 12.44356 7.10054 29.45738
1.80238 9.29044 12.47603 6.96244 29.5027
1.88102 9.45492 12.38047 6.95324 29.36342
1.82925 9.24819 11.92692 7.29714 29.74056
2.03517 9.28659 12.61404 6.75071 29.34552
2.00053 9.52408 12.05433 6.86034 29.58273
2.11926 8.95456 12.28227 6.66191 30.00955
2.09136 9.05269 12.77764 6.74066 29.38166
1.88848 9.23852 11.82123 6.88323 30.20455
1.90582 8.83875 13.12927 6.568 29.65341
1.84567 9.32505 12.06338 6.63159 30.19096
1.79062 9.22381 12.87844 6.74316 29.42474
1.83563 9.78502 12.24994 6.7517 29.44062
1.85594 9.06733 12.63049 6.58242 29.90176
1.85038 9.15689 12.44351 6.99119 29.61645
1.68631 9.5637 12.06137 7.42012 29.33384
1.7357 9.35448 12.53373 7.18047 29.25749
1.89517 9.40571 12.47539 6.89352 29.39316
1.77392 9.75465 12.08123 7.00204 29.43096
1.835 9.40492 12.19938 6.88051 29.71195
2.02476 9.38616 12.74645 6.81215 29.08533
1.91225 9.34421 12.29585 7.09103 29.40938
1.80108 9.18761 11.94877 7.16552 29.92089
1.74402 9.13325 11.94423 7.26825 29.93487
1.93555 9.16196 12.30722 7.16951 29.47845
1.84897 8.72013 12.94309 6.87116 29.65283
1.73956 9.34256 11.93752 7.01217 29.99602
1.76238 9.47259 11.26529 7.27137 30.24828
2.10384 9.49727 12.01776 7.19898 29.23694
1.91981 9.44767 12.23125 6.98598 29.46286
2.0251 9.57506 12.0702 6.79088 29.58169
1.73035 9.45802 12.40325 6.79021 29.64203
1.94241 9.69366 11.97573 6.65021 29.76071
1.84769 9.79234 11.84327 6.82319 29.72279
1.92586 9.27477 12.11097 6.80731 29.91691
1.81451 9.38446 12.35724 6.88101 29.62128
1.94116 9.52003 12.09286 6.94192 29.57474
2.19733 9.3542 12.03642 6.95242 29.54054
1.93936 9.29406 12.40186 7.13774 29.26971
2.02568 9.49379 12.5823 7.11568 28.83927
1.95766 9.2685 12.21457 7.01884 29.57313
1.984 8.91608 12.22132 6.92762 29.98736
1.80037 9.36151 12.54489 7.10535 29.24325
2.10214 9.08068 11.89368 7.25858 29.68782
2.19455 9.27227 11.84862 7.22723 29.49025
1.85801 9.62424 11.97672 7.14723 29.41016
1.81737 9.31151 12.22929 6.94405 29.7138
2.07202 9.42502 12.16093 7.24178 29.12599
1.88412 9.64061 11.70133 7.52614 29.27627
2.1051 9.39864 11.71994 7.6914 29.12497
1.76872 9.28132 12.74682 7.15625 29.08672
1.81874 9.75319 12.61162 6.88137 28.96981
1.97671 9.69375 11.96302 6.74504 29.66243
1.80508 9.96908 11.40542 7.07169 29.81786
1.80299 9.45979 12.37112 7.17426 29.27742
1.79597 9.43226 12.7377 7.30923 28.77465
1.8862 9.42698 11.7092 7.10215 29.90053
1.95421 9.18264 12.6015 6.68589 29.61462
1.74393 9.7903 12.37788 6.71898 29.40271
1.8952 9.90148 12.80677 6.59144 28.85816
1.66392 9.78868 11.86149 6.70995 29.99934
1.62896 9.5128 11.99593 7.09345 29.8047
1.80205 9.54575 11.3589 7.23529 30.07576
1.7579 9.07715 12.43304 7.30918 29.44768
1.94904 9.10181 12.29064 7.05118 29.64198
1.77189 9.34752 12.25377 7.16427 29.48865
1.63411 9.30698 12.08241 7.39484 29.61402
1.69566 9.72767 11.88824 7.63317 29.10091
1.66825 9.5962 11.98705 7.03397 29.75451
1.71041 9.42583 12.53656 6.98464 29.39208
1.64262 9.23177 13.21598 6.95116 29.01426
1.79836 9.65267 12.43916 7.08218 29.09066
1.6385 9.49164 12.72722 7.38709 28.81649
1.58006 9.70623 12.89976 7.31203 28.57922
1.75695 10.03451 12.08513 7.25446 28.91468
1.98691 9.32489 12.63083 7.33216 28.7729
1.73953 9.54957 12.71992 6.80933 29.24449
1.87445 9.13785 12.77687 7.01669 29.25842
1.91159 9.06982 12.74061 6.8 29.51191
1.94807 9.06361 12.42903 6.97755 29.61882
1.80335 9.26095 12.66235 6.66219 29.6484
1.71872 9.5023 12.28811 7.38921 29.1289
1.65431 9.28774 12.65103 6.96223 29.46492
1.4349 9.76913 12.42744 7.03304 29.36115
1.62947 9.69474 12.43282 7.20648 29.07929
1.73654 9.46991 12.73957 7.30012 28.80726
1.73449 9.44488 12.22195 7.52232 29.11725
1.68619 9.71213 12.58443 7.34092 28.7239
1.45516 9.70955 12.53575 7.50367 28.83795
1.57599 9.6183 12.3841 7.45262 28.99818
1.57779 10.19248 11.86994 7.31895 29.0848
1.63184 9.59689 12.20323 7.67174 28.96489
1.75466 9.48648 11.7531 7.61595 29.42751
1.59082 9.49367 11.70866 7.66132 29.57906
1.79813 9.66313 12.00383 7.70814 28.87343
1.69455 9.54433 12.06873 8.03611 28.69664
1.94459 9.68934 11.66553 7.94737 28.78832
1.73374 9.76593 12.3198 7.48649 28.73079
1.71643 9.2114 12.3924 7.37649 29.34286
1.75934 9.39873 12.28097 7.39638 29.21638
1.84044 9.49465 11.78893 7.10072 29.80868
1.67251 9.38483 12.07467 7.17519 29.72767
1.91214 9.86173 12.23734 7.27036 28.76707
1.80534 9.89631 12.34024 7.00153 28.99705
1.74099 9.75662 12.19938 7.27325 29.06518
1.74046 9.55705 11.81553 7.4972 29.43178
1.6567 9.85156 12.15911 7.15443 29.25789
1.76379 9.82016 12.1133 7.23092 29.12642
1.86966 9.94671 11.7321 7.21777 29.27374
2.08744 8.75944 12.5387 7.0332 29.63004
1.76609 9.25259 12.83009 6.85453 29.34226
1.99765 9.84776 12.3553 7.07538 28.76628
1.71371 9.74008 12.38511 7.02242 29.16364
2.04906 9.88099 12.39527 6.88929 28.83281
1.87496 10.135 11.52603 7.17011 29.34968
1.84922 9.79192 11.56049 7.36861 29.47306
1.93306 9.44833 12.51015 6.87787 29.2893
1.924 9.86802 11.83557 7.09619 29.31918
1.87725 10.00281 11.58232 7.24909 29.33205
1.74638 9.43693 12.56069 6.83161 29.44925
1.8749 9.25076 12.47942 6.88031 29.5466
1.8177 9.44114 12.48304 7.24741 29.04471
1.96346 9.05935 12.90011 7.23756 28.90429
1.92256 9.72152 12.3493 6.88692 29.18032
1.95804 9.40454 12.26518 7.07541 29.3453
1.80088 9.54985 12.12934 7.02284 29.541
1.85295 9.18934 11.77433 7.28193 29.94185
1.81283 9.09454 12.46591 7.37357 29.3006
1.90377 9.40589 12.57349 7.16996 28.99236
1.68588 9.73155 12.33663 7.27983 29.03
1.89528 8.97083 11.83484 6.94066 30.39489
1.7969 9.40284 11.47558 7.17728 30.17561
2.01524 9.04002 11.40306 7.57103 30.02318
1.94036 9.61922 11.48711 7.17444 29.82528
1.72049 8.94764 12.97302 6.8538 29.55083
1.92107 9.02622 12.04933 7.42558 29.62789
1.72794 9.31655 12.23187 7.50871 29.27927
1.93096 9.2932 12.40593 7.6755 28.7825
1.91851 9.14688 12.16495 7.68234 29.14238
1.93448 9.50641 11.61542 7.57341 29.41159
1.89636 9.33903 12.85802 7.28839 28.68273
2.14263 9.24177 12.71311 6.93224 29.03702
2.04533 9.20852 12.40118 7.53197 28.89351
1.7972 9.11724 12.17637 7.59402 29.36088
1.98786 9.59134 12.02758 7.76028 28.6948
2.17822 9.74592 11.88839 7.66688 28.57626
2.09931 9.13002 12.55084 8.07159 28.21321
1.96858 9.19714 12.38752 7.7429 28.74556
1.72061 9.07538 13.1091 7.54873 28.59441
1.7648 9.58371 12.5628 7.4935 28.64955
1.74725 9.24974 12.87343 7.31837 28.8667
1.79691 9.43533 11.9508 7.503 29.35699
1.59927 9.46452 11.82808 7.80908 29.35473
1.83486 9.48755 12.2123 7.34404 29.16676
1.78362 9.65527 11.69655 7.66899 29.242
1.92306 9.45696 12.27656 7.08948 29.29598
1.93912 9.58028 12.16065 7.57734 28.7854
1.82657 9.54335 11.62433 8.10634 28.93049
1.89685 9.32766 11.97985 7.527 29.30874
1.93252 9.07933 12.58709 7.6608 28.78113
2.0293 9.29754 12.77698 7.14147 28.80658
2.03539 9.51206 12.366 7.31696 28.82547
1.85907 9.79452 12.06923 7.47297 28.84763
1.91466 9.739 11.73319 7.4628 29.20139
1.82218 9.80351 12.36684 7.25283 28.80278
1.90259 9.29321 12.03086 7.41044 29.42909
1.70374 9.59283 11.90036 7.26369 29.59557
1.70899 9.52197 12.3324 7.5312 28.97377
1.79054 9.49054 11.70375 7.65688 29.41032
1.94168 9.45252 12.04047 7.51948 29.092
1.77323 9.28993 12.54201 7.57869 28.85287
1.98129 9.40153 12.78217 7.58139 28.32316
1.99159 9.43896 12.36194 7.45312 28.80699
1.79388 9.5929 11.88646 7.714 29.06434
1.9908 9.63239 11.62097 7.72188 29.08087
1.97443 9.58933 11.90974 7.19344 29.37614
1.89083 9.41078 12.4335 7.00799 29.2953
1.83396 9.64783 12.67553 7.51947 28.36909
1.75272 9.05604 12.68751 7.37605 29.16154
1.76695 9.25124 12.40921 7.52696 29.08015
1.81525 9.01053 11.89086 7.67497 29.6354
1.8397 9.63616 11.85598 7.22311 29.46625
1.94057 9.45177 11.48804 7.19824 29.94762
2.00924 8.93523 12.62209 7.08175 29.38874
1.93709 9.04081 12.70681 6.95491 29.395
1.89813 9.53248 12.52438 6.88105 29.20716
1.73786 9.33224 12.74823 7.02799 29.20886
2.11332 9.76011 12.53104 7.00724 28.6486
1.89146 9.89112 12.05784 7.28024 28.9278
1.896 9.65963 12.47046 7.58969 28.43652
1.79676 9.97457 12.49602 6.77259 29.00844
1.66208 9.87406 12.7556 6.72825 29.01648
1.7695 9.45466 12.85001 6.72136 29.24208
1.79855 8.97045 13.07995 6.90408 29.32788
1.92536 8.97355 13.59575 6.84919 28.73996
1.89971 9.47911 12.47214 7.19791 28.98931
1.97395 9.96653 12.39429 7.09045 28.61868
1.93082 9.44582 12.47678 7.18713 29.00914
2.04822 9.43685 11.58288 7.01417 29.94532
1.80994 9.54484 12.26137 7.21343 29.19831
1.78297 9.53798 11.80541 7.18023 29.72688
1.80692 9.49538 11.66314 7.45005 29.60268
1.83446 9.31875 12.10735 7.23435 29.52527
1.77026 9.47359 12.0324 7.19162 29.5695
1.52637 9.45417 11.5798 7.8436 29.62809
1.66917 9.24132 12.3073 7.20237 29.63504
1.62524 9.24161 11.98975 7.65156 29.54104
1.72431 9.77065 12.1033 7.61937 28.81916
1.79501 9.55101 12.46818 7.53652 28.68717
1.58043 9.52515 12.21223 7.35843 29.36038
1.6612 9.85639 12.00328 7.78224 28.74753
1.76775 9.84691 12.23701 7.3868 28.81562
1.78724 9.99323 12.26293 7.1201 28.87194
1.68958 10.10094 12.06584 7.2743 28.90027
1.75749 9.8165 11.87407 7.80356 28.78113
1.84525 9.86859 11.69679 7.51903 29.1076
1.67425 9.4525 12.15074 7.67214 29.08658
1.87162 9.47979 11.74813 7.73216 29.19441
1.858 9.79665 11.79259 7.76913 28.81546
1.90759 9.39658 12.06503 7.58337 29.0752
1.81193 9.48181 11.81112 7.496 29.43297
1.71472 9.47294 12.21099 7.2701 29.36718
1.94214 9.78262 11.67704 8.01391 28.62659
1.82002 9.74183 11.56611 7.58421 29.33493
1.7192 9.31655 12.60454 7.53627 28.90656
1.90737 9.53599 12.10634 7.79123 28.72224
1.85505 10.04131 12.19149 7.48641 28.50493
1.84097 9.47675 12.02654 7.66475 29.06019
1.90791 9.42368 12.55697 7.61746 28.56916
1.66887 9.61632 12.83255 7.56524 28.40637
1.77665 9.63306 12.12694 7.56734 28.95048
1.67891 9.85277 12.48474 7.55911 28.5165
1.88479 9.83916 11.69138 7.69019 28.94938
1.88525 9.45574 11.82551 7.9561 28.93352
1.85744 9.41837 12.65401 7.54044 28.61559
1.87065 10.02214 11.94469 7.55673 28.69209
1.86783 9.20474 12.43361 7.66495 28.88035
1.83787 9.22149 11.95294 7.51886 29.49452
1.82538 9.82062 12.54511 7.24966 28.60488
1.77378 9.08203 12.48082 7.2129 29.47357
1.8046 9.13517 12.27861 7.35566 29.47794
1.90527 9.42223 12.57546 7.32918 28.91804
1.83202 9.23946 12.39478 7.23695 29.34581
1.79872 9.13519 12.94035 7.04065 29.12597
1.732 9.16235 12.39814 7.28534 29.4651
1.71365 9.23545 12.48385 7.15678 29.4461
1.76341 9.54033 12.28696 7.31164 29.12325
2.00432 9.71151 12.3522 7.11491 28.84331
1.93398 9.40801 12.2095 7.52133 28.96381
1.82817 9.34609 12.52156 7.20259 29.14734
1.73388 9.49235 11.95004 7.41384 29.44613
1.90084 9.02137 12.23566 7.21195 29.67118
1.7301 8.94029 12.15502 7.31382 29.88421
1.75992 9.18452 11.81761 7.39483 29.87646
1.66659 9.17818 11.93722 7.7811 29.46456
1.657 9.74217 11.60284 7.99413 29.04875
1.7125 9.52494 11.98596 7.71227 29.09618
1.54025 9.52083 11.49551 8.05587 29.43123
1.74135 10.05653 11.41846 7.75498 29.0707
1.65123 9.87364 11.1901 8.08372 29.23946
1.71548 9.55422 12.05578 7.51991 29.18782
1.78679 8.97411 12.3661 7.31055 29.59092
1.92044 9.5291 12.11948 7.42993 29.03557
1.85782 9.31194 12.2085 7.04058 29.60772
1.80579 9.20173 12.39343 7.49846 29.12468
1.88844 9.21792 12.15753 7.42091 29.34503
1.73012 9.19069 12.25638 7.23965 29.61395
1.85563 9.9028 11.96774 7.09296 29.21568
1.93348 9.43825 11.97176 7.14592 29.53435
1.90501 9.50552 11.75556 7.23471 29.63792
1.74174 9.9188 11.60702 7.20536 29.56051
1.9655 9.77724 11.60778 7.39591 29.28208
1.78809 9.97592 12.16198 6.99338 29.12328
2.05387 9.62803 12.06182 7.07211 29.2478
1.83672 9.68262 12.35928 7.03112 29.16882
1.82404 9.66673 12.33298 7.01533 29.21555
2.03367 10.04522 11.6977 7.14979 29.12077
2.06227 9.39486 12.0954 7.20739 29.28024
2.22331 9.63261 11.72975 7.01818 29.42993
1.94299 9.22095 11.91808 7.47468 29.47097
1.75982 8.89796 12.25687 7.67274 29.45115
1.86984 9.47776 11.74099 7.4302 29.51547
1.96547 9.27339 12.64 6.75232 29.39478
1.99222 8.8175 12.26855 7.00289 29.94041
1.95948 8.79538 12.71847 7.1059 29.44499
1.64135 9.45511 12.14573 7.68649 29.11172
1.76663 9.37079 12.27595 7.57529 29.04681
1.80359 9.3941 11.93614 7.40384 29.48802
1.78831 8.96033 12.61908 7.21334 29.46259
1.86524 9.00694 12.4829 7.40212 29.28695
1.83144 9.05166 13.14315 7.16134 28.87586
1.82774 9.08326 12.92643 6.88645 29.31611
1.73467 9.20145 12.60508 6.93528 29.56157
1.88176 9.31378 12.11358 6.94171 29.77444
1.99687 9.18597 12.10057 7.18981 29.54799
1.91637 9.19889 12.42028 6.97372 29.51772
2.03666 9.35548 12.01007 7.33825 29.3002
1.90746 9.2924 11.98429 7.21663 29.62083
1.77937 9.36045 11.73132 7.26062 29.88945
1.85713 9.52598 11.77332 7.369 29.49742
1.90737 9.8531 11.79035 7.01778 29.45738
1.87586 9.50946 12.34417 7.21532 29.0893
1.76951 9.38224 12.3686 7.07333 29.44445
1.96249 9.40583 12.44613 7.29129 28.95684
1.82759 9.62972 12.27454 7.19896 29.11242
1.89306 9.40744 12.52501 6.99442 29.21626
1.76875 9.0343 12.27119 7.5474 29.40881
1.75801 9.1378 11.93724 7.64352 29.55659
1.81502 9.73554 11.745 7.74166 29.00434
2.00035 9.45437 12.48885 7.01306 29.09639
1.87275 9.6768 12.52955 7.35005 28.63528
1.90877 9.36069 12.59219 7.24832 28.94854
1.9202 8.93724 13.28494 7.007 28.89193
1.87093 9.12524 12.26846 7.37435 29.40851
1.88648 9.68597 11.45409 7.88636 29.12969
1.79057 9.21722 12.58042 7.4214 29.02866
2.25819 9.3408 11.8986 7.13571 29.42206
1.88345 9.43096 11.82539 7.65992 29.26301
1.9339 9.12035 12.28955 7.2202 29.48371
2.16758 9.60785 12.37563 7.63981 28.27469
2.10626 8.91355 13.08736 7.5169 28.41678
2.10893 9.41698 12.98274 7.21759 28.34268
2.28414 9.14929 12.26076 7.21199 29.1472
1.90637 9.10804 12.75041 7.4396 28.84264
1.97011 9.4534 12.63925 7.50475 28.49384
1.94118 9.27471 13.05512 7.28361 28.50822
1.80244 9.67851 12.34874 7.38014 28.85886
1.66481 9.38655 12.31408 7.38794 29.28111
1.90414 9.44846 11.75797 7.50942 29.41465
1.74697 9.22957 12.16052 7.16681 29.726
1.71409 9.53045 12.23058 7.18306 29.36682
1.70423 9.32873 12.42352 7.3066 29.2621
1.70876 9.31133 12.64918 7.23974 29.12686
1.68238 9.32411 12.82109 7.0415 29.18901
1.85197 9.29334 12.74011 6.96621 29.184
1.82003 9.76723 12.03918 7.61725 28.7914
1.85808 9.63757 12.0078 7.45781 29.08306
1.69056 9.46751 12.38946 6.89167 29.59381
1.87714 9.49464 11.64182 7.36692 29.65357
1.91284 9.26227 12.52676 7.11302 29.24558
1.71925 9.30468 12.33055 7.01526 29.66748
1.83936 10.29545 11.81128 7.10682 28.99545
1.88759 9.66176 11.52508 7.24762 29.72281
1.77159 9.72054 11.67898 7.27396 29.58104
1.78128 9.48033 12.10629 7.38626 29.28838
1.65165 9.53308 12.58863 7.26747 29.00794
1.69263 9.83615 11.94674 7.43778 29.16985
1.86563 9.57271 12.03792 7.19842 29.35966
1.706 9.53838 12.31504 7.33883 29.13334
1.74668 9.34835 12.61382 7.03122 29.28658
1.83473 9.42122 12.20492 7.08245 29.48422
1.75361 9.39361 12.16474 6.72033 29.98555
1.85882 9.209 11.95216 7.36801 29.64835
1.55651 9.59754 12.11866 7.29177 29.50547
1.83898 9.49814 12.17645 6.76038 29.76588
1.80096 9.31679 12.35211 6.41746 30.13987
1.56912 9.466 12.36604 6.85001 29.80542
1.51758 9.16034 11.97921 7.45373 29.94028
1.61234 9.70935 11.985 7.14928 29.60502
1.47193 10.03615 12.00023 7.20428 29.35912
1.55462 10.19198 11.57633 7.45854 29.26249
1.41532 10.00168 12.25312 7.27053 29.15176
1.60906 9.85176 11.75494 7.46035 29.38718
1.47085 9.94549 12.3789 7.35981 28.90079
1.43968 9.82968 12.03107 7.13183 29.594
1.6409 9.5462 12.24806 7.5734 29.05597
1.76528 9.46945 12.13105 7.32362 29.34116
