"V1" "V2" "V3" "V4" "V5"
1.32828 16.82891 5.74841 1.92383 34.17401
1.44974 17.03704 5.59934 2.05807 33.86048
1.36125 17.4863 5.85888 2.01344 33.28374
1.48108 17.48532 5.9183 2.10169 33.01706
1.35571 16.90248 6.08825 2.24369 33.41412
1.32018 16.94701 6.15134 2.25958 33.32746
1.28939 17.25833 5.59523 2.32571 33.53459
1.32731 17.09466 6.12163 2.27317 33.1884
1.41317 16.90612 5.65493 2.20899 33.81867
1.38641 17.08675 5.58365 2.26971 33.67569
1.34314 17.56377 5.29648 2.49862 33.30142
1.47919 17.51061 5.61902 2.20035 33.19373
1.32342 17.22798 5.88655 2.17779 33.38767
1.38091 17.10068 5.46556 2.0824 33.97297
1.15784 17.00132 5.84688 2.06331 33.93375
1.25464 16.85033 6.01477 2.38011 33.50306
1.37194 17.15842 5.95768 2.43072 33.08633
1.35644 17.12877 5.78433 2.22968 33.50457
1.31169 17.10185 6.13994 2.22156 33.23258
1.25132 16.51523 6.77884 2.21464 33.24679
1.20552 17.56363 5.89938 2.30215 33.03711
1.33702 16.67102 6.15057 2.31274 33.53388
1.26506 17.01659 5.52238 2.44487 33.7536
1.2496 17.06772 5.66624 2.45224 33.56743
1.24932 17.27858 6.19952 2.45382 32.82126
1.24577 17.24276 5.60847 2.51354 33.39174
1.20159 17.34014 5.44175 2.40239 33.61784
1.19849 16.85413 5.32976 2.41052 34.20944
1.32139 17.21504 5.19859 2.27452 33.99277
1.36364 17.46956 5.18319 2.29114 33.69602
1.31728 17.48451 5.89335 2.58532 32.7261
1.2592 16.99713 5.95417 2.40513 33.3874
1.24844 16.8424 5.40007 2.24909 34.26194
1.27977 17.63397 5.2228 2.27497 33.5929
1.20516 16.97307 5.71433 2.30854 33.80148
1.1455 16.84435 6.55252 2.13102 33.32935
1.22668 16.68402 5.49575 2.1769 34.41842
1.21355 17.71901 5.36894 2.39451 33.30713
1.22516 17.86062 5.03422 2.50738 33.37562
1.23562 17.59618 5.54614 2.20595 33.4187
1.24684 17.53713 5.7266 2.07056 33.42226
1.30951 17.64873 5.52512 2.06104 33.45999
1.34498 18.11605 5.78214 2.20726 32.55542
1.35534 17.31424 5.70292 2.17702 33.45231
1.36951 17.11581 5.80013 2.1439 33.57279
1.46025 17.00259 5.69782 2.09417 33.74696
1.47303 17.44479 5.29376 2.2294 33.56149
1.34679 17.48549 5.78295 2.23557 33.15252
1.25472 17.62811 5.64911 2.33764 33.13306
1.52268 17.8065 5.59185 2.14193 32.93987
1.35232 17.00442 5.27924 2.09572 34.26909
1.31907 17.63084 5.47745 2.41025 33.16424
1.39879 17.48908 5.71069 2.36135 33.04292
1.37197 17.24511 5.78618 2.51489 33.08667
1.50176 17.48227 5.47756 2.4301 33.1114
1.48129 17.3198 6.09305 2.48823 32.62645
1.4921 17.51568 5.82893 2.46129 32.71071
1.36149 17.12575 6.03162 2.43999 33.04882
1.38426 16.73772 6.69653 2.2493 32.95134
1.42638 16.72467 6.0115 2.44614 33.39728
1.27168 16.63946 6.08134 2.26327 33.74849
1.32946 17.15169 5.55481 2.37709 33.59008
1.43124 16.94558 5.71843 2.34884 33.55848
1.43664 17.54791 5.71081 2.61087 32.69867
1.4648 17.69849 5.99856 2.47948 32.36547
1.52705 17.57271 5.53422 2.37932 32.9957
1.45528 16.85435 5.77313 2.3608 33.5627
1.56222 17.04411 5.52207 2.37087 33.50524
1.44524 17.16525 5.24291 2.39173 33.75809
1.4392 16.64212 5.63265 2.42831 33.8632
1.32471 16.73898 5.7947 2.21813 33.92834
1.2514 17.15429 5.89398 2.44472 33.26033
1.19322 17.60915 6.01013 2.23504 32.95869
1.3572 16.83434 6.10228 2.25797 33.45161
1.32412 17.21955 5.94118 2.13504 33.38428
1.24575 17.41467 5.93152 2.12018 33.29445
1.48669 16.72729 6.49488 2.11967 33.17884
1.44576 17.4236 5.82293 2.39292 32.91829
1.28014 17.27739 6.00445 2.51405 32.92887
1.32138 17.44107 5.44992 2.49927 33.29291
1.36484 17.28093 5.40241 2.43202 33.52292
1.22934 17.61235 5.45283 2.29232 33.41635
1.27259 17.21069 5.50783 2.30641 33.7055
1.67203 17.28759 5.5811 2.34164 33.12177
1.31502 17.6146 5.60473 2.43787 33.03123
1.24704 17.16354 5.69151 2.44189 33.45848
1.1668 17.46957 5.78336 2.52962 33.05468
1.39975 17.046 5.86984 2.50988 33.17817
1.40639 17.67571 5.61798 2.47336 32.83093
1.29889 16.9581 6.14751 2.38415 33.21499
1.46096 17.49905 5.73482 2.24143 33.06798
1.36187 17.16364 5.80432 2.16892 33.50389
1.51346 17.57903 5.66345 2.17366 33.07435
1.46791 17.05006 6.29704 2.14657 33.04268
1.49091 17.44137 5.7467 2.03287 33.2904
1.56431 17.41544 5.50416 2.14265 33.37631
1.4153 16.65714 5.96511 2.05086 33.91562
1.22422 16.95341 5.62498 2.41122 33.79012
1.49864 16.84075 6.02242 2.31993 33.32164
1.35287 16.72291 6.18767 2.59369 33.14643
1.32094 16.6922 6.06537 2.37142 33.55267
1.32864 17.26548 5.88192 2.47686 33.05181
1.2875 16.35557 5.90627 2.48851 33.96604
1.27472 17.2847 5.42835 2.5433 33.47162
1.23516 16.70967 5.87514 2.41098 33.77244
1.11103 17.14491 5.92591 2.4032 33.41842
1.29259 17.30053 5.7105 2.31208 33.39038
1.2673 17.09677 5.86397 2.39037 33.38559
1.20788 17.41472 5.77829 2.28806 33.31797
1.30926 17.56992 5.68903 2.2562 33.18314
1.1124 18.39023 5.946 2.25513 32.30114
1.29107 17.04789 5.94302 2.01801 33.70521
1.32636 17.33089 6.33175 2.12299 32.89485
1.33042 17.70356 6.11124 2.20678 32.65129
1.39005 16.82318 6.52152 2.11479 33.15439
1.36396 17.43701 6.55595 2.14808 32.4998
1.34177 17.36992 6.27079 2.31409 32.70788
1.3882 17.07872 5.982 2.28418 33.27089
1.36596 17.02036 5.99773 2.20853 33.40962
1.18532 17.06969 5.97411 2.10755 33.66536
1.36978 17.0829 6.08402 2.30054 33.16694
1.29375 17.65204 5.61266 2.4144 33.02998
1.29756 17.71531 5.57154 2.26415 33.1548
1.36705 17.43786 5.61875 2.15838 33.42391
1.30272 16.95401 5.8423 2.38955 33.51654
1.3936 16.88175 5.95603 2.35695 33.41663
1.51552 17.10617 6.13991 2.27066 32.97297
1.42027 16.79743 5.937 2.46798 33.38009
1.26975 17.54066 6.03843 2.44498 32.71149
1.31337 17.17387 5.91747 2.40418 33.19356
1.46982 17.3115 5.85481 2.13524 33.23155
1.37854 17.18396 6.05667 2.23114 33.15291
1.51125 17.63151 5.43136 2.13617 33.29319
1.49835 16.96626 5.89907 2.13475 33.50594
1.4777 17.43225 5.98419 2.1959 32.91323
1.22861 16.99365 6.10339 2.30255 33.37432
1.39846 17.2245 6.0117 2.4032 32.96558
1.27035 17.72218 5.55335 2.47461 32.98275
1.48701 17.58757 5.89404 2.41066 32.62771
1.38857 17.96473 5.6447 2.29631 32.71016
1.29924 17.18955 6.03339 2.0547 33.42531
1.29457 16.99987 5.97563 2.10437 33.62866
1.30255 16.89995 5.5695 2.07903 34.15193
1.33648 17.04046 5.6645 2.21536 33.74643
1.32272 17.48456 5.97844 2.26121 32.96107
1.31667 17.11102 6.14752 2.05554 33.37304
1.3364 16.94237 6.01941 2.23607 33.47037
1.32706 17.02043 5.97989 2.14602 33.53151
1.23414 17.07605 6.4403 2.17485 33.08643
1.39184 16.86874 5.80902 2.19099 33.74253
1.30053 16.56544 6.50673 2.13735 33.49472
1.3928 17.08916 6.65569 2.14767 32.7212
1.4239 17.04797 5.96684 2.34172 33.2236
1.4157 17.2778 5.66888 2.26284 33.3779
1.31378 17.39367 5.42596 2.15556 33.71421
1.27942 17.70122 5.47195 2.16611 33.38423
1.28582 17.00116 5.74634 1.98432 33.98505
1.13993 16.65664 6.3169 2.06951 33.82316
1.22665 16.6583 5.76764 2.11273 34.23766
1.21973 17.26948 5.8877 2.03785 33.58785
1.43327 17.45154 5.58153 2.14459 33.39242
1.34934 17.48078 5.71716 2.09133 33.36352
1.36399 17.85351 5.33745 2.52314 32.92547
1.38137 18.09264 4.99467 2.57627 32.95871
1.28152 17.33108 5.68051 2.45376 33.25575
1.07012 17.29794 5.37192 2.53431 33.72758
1.24599 17.55197 5.55348 2.45498 33.1968
1.30035 17.10352 5.80314 2.50926 33.2895
1.23816 16.6492 5.92291 2.39645 33.7968
1.19872 17.05119 6.00737 2.39446 33.35224
1.19893 17.06493 5.89553 2.28615 33.5572
1.30073 16.88655 6.20811 2.57424 33.03446
1.35977 16.76243 5.91418 2.38751 33.58049
1.34038 16.82287 5.42548 2.40393 34.01194
1.49114 16.6407 5.48301 2.37316 34.01466
1.45701 16.84803 5.71431 2.23487 33.74927
1.5013 16.51556 6.25834 2.12914 33.60486
1.43264 16.09742 6.23571 2.06305 34.175
1.3066 17.91329 5.94067 2.31977 32.52451
1.30593 17.26127 5.93332 2.22094 33.28271
1.24504 17.83506 5.80369 2.3502 32.77017
1.28885 17.05452 5.66176 2.24026 33.75806
1.2604 17.45599 5.68873 2.44356 33.15556
1.23327 17.31082 5.79767 2.27251 33.38944
1.20313 17.44061 5.92215 2.20991 33.22897
1.39993 18.05238 5.21719 2.34353 32.99282
1.41483 17.91383 5.71656 2.38413 32.57659
1.31908 17.88851 5.72391 2.38568 32.68668
1.4638 17.5358 5.48859 2.38185 33.13388
1.38064 17.42632 5.30668 2.11288 33.77769
1.38319 17.89832 5.38157 2.32928 33.01085
1.46084 17.48764 5.21064 2.18899 33.65812
1.43183 17.57416 5.69057 2.18974 33.12
1.40415 17.58337 5.45745 2.28615 33.27511
1.47385 16.79926 5.53993 2.37323 33.82004
1.49937 17.60403 5.42061 2.48029 33.00179
1.52149 18.03087 5.20931 2.43852 32.80697
1.50497 17.6195 5.46499 2.46442 32.95178
1.52233 17.64825 5.14125 2.42082 33.27224
1.39755 17.08553 5.52955 2.53642 33.45433
1.38597 17.15361 5.65459 2.42445 33.38355
1.44077 16.85308 5.95845 2.37229 33.37875
1.42938 16.99957 6.10372 2.4384 33.03445
1.48222 16.83501 5.37431 2.43954 33.87244
1.36463 17.72454 5.24473 2.51213 33.15907
1.49572 17.186 5.75867 2.16455 33.39923
1.35821 16.90811 5.68347 2.33238 33.72255
1.30311 16.73795 5.73518 2.27486 33.95392
1.38273 16.85047 6.02015 2.38369 33.37202
1.3736 16.53443 5.78405 2.23951 34.0741
1.21167 17.7138 5.55116 2.2405 33.28686
1.35507 17.14807 5.83357 2.28149 33.39
1.33818 17.54508 5.74213 2.07244 33.31544
1.33086 17.12142 5.30115 2.11595 34.13604
1.2735 16.99181 5.97423 2.1726 33.59416
1.3822 17.75808 5.76295 2.30049 32.80874
1.32868 17.74539 5.70151 2.40868 32.83377
1.49023 17.43725 5.65379 2.43387 32.99457
1.45087 17.23946 5.62861 2.32703 33.35908
1.35021 17.56452 5.47658 2.49543 33.12159
1.36053 17.13149 5.55181 2.44056 33.51813
1.39094 17.17828 5.58585 2.15301 33.69519
1.33306 17.43405 5.58477 2.12899 33.52522
1.43544 16.68596 5.75576 2.33306 33.79396
1.2439 16.54543 6.0247 2.35874 33.83401
1.27044 17.29108 6.09541 2.68373 32.66755
1.30682 16.63203 5.92313 2.43611 33.70863
1.39696 17.06637 5.58416 2.40984 33.54808
1.38912 17.06245 6.22349 2.43408 32.89909
1.4271 17.54254 5.71976 2.65903 32.6572
1.46797 17.50948 5.79409 2.52724 32.70591
1.41929 17.64752 5.69549 2.3973 32.84423
1.4735 16.76 5.35489 2.31804 34.096
1.50641 17.05894 5.82901 2.22552 33.38508
1.60647 16.68607 6.03815 2.36267 33.31033
1.50084 16.9981 5.93319 2.36222 33.20978
1.5575 16.44965 5.9736 2.40762 33.61554
1.37472 17.24319 5.67799 2.39978 33.30836
1.32392 16.88134 6.0889 2.33744 33.37098
1.40469 17.44108 6.29303 2.31429 32.55189
1.42324 16.74609 6.22204 2.38239 33.23188
1.30371 16.7876 6.2474 2.36747 33.29747
1.25223 17.56412 5.7368 2.45604 32.99439
1.4344 17.07942 5.64138 2.42961 33.41755
1.37494 16.77181 5.95447 2.37771 33.52415
1.24286 17.41944 5.88966 2.33363 33.11887
1.42597 17.00489 5.95344 2.38913 33.23372
1.39823 17.04585 6.05129 2.31368 33.19651
1.43835 17.27903 5.62594 2.17462 33.48459
1.4135 16.76562 6.12725 2.26785 33.4302
1.25763 17.46361 5.98499 2.45406 32.843
1.4998 17.54239 5.65281 2.43311 32.87563
1.34453 17.77863 5.61459 2.2203 33.04556
1.37374 17.52864 5.9345 2.40023 32.76721
1.55397 17.44834 6.45133 2.21152 32.34193
1.44413 16.64173 6.28929 2.22921 33.40112
1.3655 17.27709 5.86042 2.23789 33.26564
1.4642 16.75174 6.27185 2.22469 33.29254
1.39544 16.83283 6.14682 2.20169 33.42706
1.3767 17.21462 5.82392 2.44175 33.14728
1.2472 17.56883 5.73618 2.21943 33.23092
1.36614 16.66363 5.46493 2.32934 34.17854
1.30564 17.58913 5.83328 2.46309 32.81244
1.42685 17.34643 5.8861 2.32513 33.01815
1.49167 16.68605 5.83557 2.21789 33.77107
1.38919 16.75926 5.62619 2.42466 33.80242
1.29396 17.04457 6.07466 2.32666 33.26314
1.28267 16.81594 5.69377 2.2243 33.98476
1.41719 16.24258 5.53634 2.27151 34.534
1.3982 17.23541 5.72762 2.55012 33.09265
1.60144 17.10079 5.80457 2.34947 33.14794
1.50956 17.69563 5.44708 2.65895 32.69504
1.34322 17.61545 5.53834 2.48002 33.03077
1.44436 17.28086 5.71946 2.56632 32.99445
1.32935 17.4596 5.43929 2.44521 33.32987
1.36184 16.73523 5.90689 2.1984 33.80275
1.41586 17.01282 5.92821 2.3627 33.28478
1.38816 16.93701 6.1289 2.26124 33.29212
1.2383 17.4141 5.56993 2.16669 33.61829
1.30623 17.53759 5.99387 2.24548 32.92251
1.28784 17.29854 5.77153 2.21363 33.43045
1.17515 17.76013 5.43822 2.35327 33.27589
1.30703 17.52164 5.45959 2.24728 33.46839
1.42665 17.79713 5.55276 2.47366 32.75561
1.2726 16.88344 5.92015 2.32733 33.60098
1.23071 17.1716 5.99075 2.26789 33.34272
1.41555 17.81025 5.51747 2.48854 32.77289
1.27076 17.19434 5.58672 2.41179 33.53873
1.24536 17.04722 6.00292 2.5828 33.12579
1.56387 16.84349 6.08028 2.46669 33.05219
1.55197 16.77232 6.21554 2.41743 33.0478
1.39951 16.18012 6.76988 2.25916 33.39712
1.38043 16.78633 6.01751 2.50908 33.31241
1.41301 17.19071 5.96901 2.49565 32.93884
1.33813 17.0334 5.61316 2.44688 33.57152
1.36169 17.78873 5.3985 2.76881 32.68791
1.31441 17.68946 5.86441 2.57612 32.55907
1.44515 17.67891 5.41487 2.73221 32.73287
1.34074 16.57616 6.40467 2.22699 33.45525
1.20618 17.33046 6.23731 2.48851 32.74287
1.32757 17.27594 5.79258 2.51423 33.09279
1.22795 16.6677 6.42315 2.39811 33.286
1.31982 16.99332 6.23767 2.34095 33.11256
1.40215 16.84245 5.98701 2.4921 33.28947
1.25178 17.27759 5.54872 2.61855 33.3078
1.34189 17.8992 5.33326 2.49778 32.93328
1.32294 17.19743 5.71413 2.59353 33.1759
1.19587 17.40117 5.98814 2.41155 33.00871
1.07317 17.09798 6.02573 2.46811 33.33861
1.20431 17.08899 6.29872 2.7153 32.69911
1.1784 17.39855 6.16909 2.48984 32.76913
1.02795 17.95367 6.08029 2.57336 32.37491
1.14782 17.54972 5.37428 2.56743 33.36693
1.12311 17.20747 5.34665 2.44222 33.88527
1.10036 17.39893 5.70087 2.30905 33.49606
1.25488 17.53341 5.28335 2.32845 33.60263
1.26759 17.28081 5.2449 2.38353 33.8254
1.40745 17.08043 5.60167 2.59401 33.31949
1.43552 17.11807 5.59334 2.4609 33.3954
1.50753 16.89638 5.61412 2.22778 33.7575
1.43085 17.1349 5.79672 2.46663 33.17608
1.37973 17.46653 5.70455 2.51759 32.93654
1.3565 16.81525 5.87457 2.52931 33.4301
1.19682 17.06509 6.02576 2.49363 33.22292
1.26398 17.12256 5.78163 2.27391 33.56058
1.30067 17.26352 5.48404 2.76257 33.19231
1.2756 17.24999 5.73352 2.62777 33.11673
1.47756 17.0485 5.89079 2.47202 33.11496
1.40733 17.45286 5.92176 2.36623 32.85495
1.45466 17.26835 5.92169 2.37752 32.98234
1.2788 16.80183 5.88948 2.52705 33.50783
1.28732 17.52697 5.96144 2.60534 32.63062
1.5316 17.33419 5.81977 2.45633 32.86535
1.45393 16.74827 6.07036 2.40948 33.32467
1.32651 16.8521 5.89189 2.48313 33.45125
1.44322 17.13687 5.97313 2.28645 33.16504
1.40193 17.51763 6.01459 2.39503 32.67413
1.49091 17.36089 5.71357 2.20917 33.22987
1.38281 17.63097 5.33343 2.04976 33.60697
1.32382 16.8192 5.91676 2.06885 33.87404
1.39235 16.68834 6.19527 2.01966 33.70831
1.31016 17.18727 5.71406 2.21177 33.57895
1.37259 17.12991 5.56527 2.20231 33.73242
1.2769 17.1683 5.57467 2.20923 33.77378
1.37981 16.5392 6.05117 2.25242 33.78198
1.42442 16.5133 5.90955 2.29028 33.86754
1.32643 16.85345 5.9215 2.23735 33.66609
1.35557 16.89029 6.22438 2.28912 33.24738
1.38695 17.37692 5.55132 2.33117 33.35681
1.40176 17.35281 5.70027 2.36321 33.18694
1.32813 17.01838 5.82666 2.48361 33.35019
1.31448 17.25655 5.61387 2.39881 33.41919
1.2842 17.05622 6.29018 2.50717 32.86536
1.33698 17.46886 5.62135 2.39111 33.18454
1.3632 16.94743 6.01658 2.54599 33.13164
1.35415 17.58399 5.11373 2.3913 33.55946
1.40143 17.71084 5.13466 2.53082 33.22526
1.49727 17.54654 5.09993 2.47044 33.39013
1.35918 17.11522 6.08595 2.56564 32.88339
1.40441 17.56317 5.79263 2.65269 32.59949
1.43629 17.40521 5.95108 2.51661 32.69605
1.37906 16.73256 5.96086 2.25041 33.6823
1.4315 16.42499 5.89879 2.13669 34.11323
1.27978 17.62652 5.1983 2.35052 33.54855
1.60019 18.31114 4.97724 2.48336 32.63148
1.4739 17.81092 5.42342 2.17375 33.12083
1.38417 17.83452 5.56494 2.45973 32.75999
1.40066 16.90456 6.27099 2.43152 32.99823
1.38978 16.79253 6.51554 2.58878 32.72036
1.34051 17.16663 6.23595 2.51673 32.74783
1.36892 17.27865 5.77982 2.41975 33.15897
1.44275 18.02597 5.62123 2.42705 32.48989
1.30559 17.56234 5.6353 2.45579 33.04572
1.45711 16.86648 5.86629 2.44335 33.3718
1.22477 17.09713 6.22502 2.25047 33.20773
1.42119 17.17012 5.92152 2.32565 33.16729
1.31396 17.21469 6.07427 2.32859 33.07399
1.27113 16.43686 6.35465 2.30864 33.63329
1.16213 17.32276 6.17993 2.14669 33.19357
1.31089 16.48474 6.03921 2.27876 33.88991
1.37319 16.43145 5.58764 2.10509 34.50667
1.44695 17.18016 5.83419 2.36806 33.17546
1.37237 17.02718 5.86471 2.41191 33.32856
1.14866 17.90448 5.61586 2.32205 33.01418
1.21219 16.74396 5.89249 2.02676 34.1268
1.10402 17.30267 6.00909 2.10033 33.48742
1.19536 16.425 6.16245 2.19433 34.02519
1.33828 16.43656 6.30502 2.41964 33.5037
1.43713 17.18325 6.05837 2.22416 33.10046
1.33864 17.16105 5.99121 2.26806 33.24434
1.27764 17.22899 5.72534 2.47403 33.29829
1.36272 16.65196 5.98933 2.27867 33.72169
1.42294 16.92994 6.29098 2.35844 33.00178
1.41571 16.49353 6.11649 2.30566 33.67153
1.18984 17.28824 6.45525 2.21264 32.85764
1.37417 17.15014 6.34113 2.26946 32.8723
1.28195 17.30381 6.28704 2.26148 32.87135
1.29778 17.66079 5.68256 2.34014 33.02245
1.30901 18.01495 5.74994 2.34347 32.5889
1.1435 17.41594 5.89329 2.58232 32.96932
1.34445 17.69738 5.59236 2.54142 32.83
1.26544 17.0756 5.76276 2.20659 33.69372
1.27654 17.62058 5.84699 2.36743 32.89438
1.36697 17.40829 5.56626 2.32972 33.33423
1.36092 17.45427 5.66185 2.72088 32.80812
1.34854 17.48302 5.49035 2.70448 32.97791
1.27523 17.88799 4.79481 2.69418 33.35001
1.41356 17.89436 5.1201 2.65175 32.92253
1.26911 17.16546 5.28084 2.39949 33.88699
1.30049 17.33418 5.26982 2.47738 33.62047
1.22803 17.16172 6.02694 2.31713 33.26816
1.34887 17.05782 6.25555 2.23001 33.11266
1.51268 17.66863 5.51321 2.40922 32.89834
1.30572 18.03728 5.54327 2.33059 32.78565
1.33707 17.83495 5.48236 2.49277 32.85591
1.36391 17.35859 5.74616 2.34272 33.1932
1.19698 17.06772 5.95963 2.53383 33.24652
1.27559 17.37746 5.6072 2.26386 33.48052
1.25798 17.31771 5.46119 2.25961 33.70654
1.27466 17.43444 5.3882 2.32121 33.58509
1.38168 17.49428 5.60187 2.3536 33.17212
1.23044 17.32185 5.34913 2.31805 33.78295
1.27119 16.84843 5.85955 2.16418 33.86176
1.2939 16.5573 6.15703 2.3807 33.61397
1.19456 17.32141 6.09555 2.54341 32.84951
1.24346 17.16018 5.97383 2.65721 32.9701
1.24048 17.33591 5.7455 2.52284 33.15846
1.19024 17.666 5.986 2.33189 32.83053
1.22222 17.57912 5.77691 2.32063 33.10837
1.32954 17.83831 5.48163 2.23929 33.11693
1.37247 17.57099 5.54473 2.33763 33.17965
1.34301 17.61551 5.72762 2.30572 33.0118
1.37801 17.60573 5.84468 2.43425 32.74148
1.34135 17.78711 5.68133 2.24793 32.94543
1.22479 17.83492 5.84812 2.18935 32.90818
1.27864 17.5712 5.7142 2.18626 33.2536
1.30725 17.27898 5.97769 2.35668 33.08305
1.15623 17.27576 5.77551 2.40858 33.38654
1.2939 17.57916 5.77564 2.42372 32.9305
1.42396 17.46513 5.8745 2.30715 32.93328
1.3737 17.02057 5.93943 2.17941 33.49683
1.35968 17.70331 5.86057 2.32636 32.75747
1.36985 17.39486 5.49192 2.20435 33.54415
1.52066 16.9958 5.97366 2.36415 33.14967
1.42958 17.88989 5.54331 2.52612 32.6146
1.34442 17.3503 5.91494 2.33994 33.05325
1.30929 16.72799 5.82511 2.40146 33.73896
1.41478 16.81283 5.90447 2.20006 33.6718
1.47494 16.44623 6.36602 2.22295 33.4933
1.49761 16.41774 6.46119 2.31361 33.31473
1.48865 16.52267 5.76302 2.23096 33.99838
1.62657 16.74199 6.04775 2.18985 33.39993
1.48348 16.30852 6.56728 2.29209 33.36068
1.43326 16.95616 5.6746 2.32847 33.61268
1.38314 17.2501 5.42683 2.31418 33.62906
1.37765 17.43311 5.89046 2.43887 32.86337
1.30072 17.21722 6.08929 2.44021 32.95699
1.29355 17.78934 5.98483 2.21673 32.72015
1.41473 17.30628 5.97748 2.26762 33.03858
1.28394 17.59557 5.78285 2.42086 32.9201
1.28862 17.09302 6.23279 2.09231 33.29698
1.28207 16.57329 6.14909 2.22211 33.77679
1.35954 17.0663 6.00917 2.27517 33.29307
1.45404 17.151 5.66053 2.32217 33.41501
1.39993 17.45514 5.87122 2.25912 33.01931
1.34612 17.06084 5.92983 2.28478 33.38479
1.36576 16.94817 6.00055 2.35971 33.32919
1.20678 17.2472 5.99544 2.25655 33.30222
1.32088 17.38503 5.48933 2.39018 33.41902
1.27725 17.53895 5.91573 2.30431 32.96778
1.21784 17.08913 5.6919 2.28651 33.71688
1.3341 16.65833 6.30411 2.13989 33.56653
1.18581 17.20937 5.57621 2.33585 33.69653
1.19431 16.82599 6.15117 2.30149 33.5303
1.26352 16.8489 5.99207 2.23502 33.66321
1.2816 17.12371 5.75685 2.31072 33.52993
1.3286 17.05992 5.97244 2.19072 33.45146
1.26327 17.71428 5.4565 2.46288 33.10908
1.24563 17.58488 5.39404 2.34185 33.43711
1.22862 17.47241 5.54053 2.44956 33.31209
1.49083 17.08057 5.70164 2.13732 33.59554
1.45179 16.84713 6.14536 2.23905 33.32053
1.4542 17.43712 5.83066 2.26385 33.01788
1.27807 17.1589 6.72558 2.32838 32.51644
1.41028 17.24633 6.2236 2.09835 33.02822
1.38981 16.60447 6.86671 2.09074 33.05839
1.40345 17.04358 6.15649 2.27168 33.13286
1.2599 17.53638 5.68856 2.36981 33.14869
1.36752 16.65932 6.51562 2.14189 33.31967
1.25146 16.90833 5.88173 2.46922 33.4925
1.32145 17.44375 5.90586 2.34717 32.98671
1.3171 17.61525 6.00585 2.32433 32.74172
1.48323 17.69411 5.64855 2.27927 32.89809
1.43102 17.30753 5.84337 2.34526 33.0761
1.47746 17.15864 6.03128 2.12944 33.20539
1.39684 17.44228 6.2901 2.23989 32.63574
1.31781 17.05011 5.72869 2.10979 33.79858
1.4909 17.22662 5.80823 2.2744 33.20411
1.32556 17.11978 5.65076 2.35977 33.54672
1.25902 16.87919 6.11935 2.26771 33.47713
1.38741 17.31013 5.6828 2.25362 33.36835
1.18434 16.92034 5.90181 2.07056 33.92559
1.3465 17.38241 5.35088 2.16023 33.76201
1.46857 17.0216 5.73251 2.26544 33.515
1.47268 17.39809 5.74744 2.35566 33.03283
1.4123 17.5163 5.9036 2.22709 32.94764
1.22544 17.23895 6.07159 2.28134 33.19306
1.16318 17.14652 5.85876 2.29084 33.54487
1.32909 17.53196 5.91094 2.23667 32.99721
1.40354 17.62427 6.00748 2.24382 32.7238
1.32576 17.46069 5.77668 2.13722 33.30483
1.47056 17.06851 5.84957 2.44707 33.16956
1.49259 17.6851 5.53005 2.3608 32.93616
1.42514 17.60733 5.16808 2.38161 33.42074
1.28274 17.52227 5.10068 2.22985 33.86647
1.29088 18.14765 5.26923 2.02577 33.27183
1.27249 17.09557 5.65564 2.20663 33.77745
1.36937 17.33817 5.68243 2.3463 33.27025
1.32867 17.47327 5.76387 2.19997 33.23887
1.47297 17.14743 5.7376 2.26084 33.38617
1.47982 16.82473 5.93605 2.40355 33.36288
1.45432 17.96082 5.62804 2.20624 32.7561
1.4474 17.249 5.81424 2.43741 33.05731
1.43516 16.74623 5.70829 2.28998 33.82587
1.35657 17.80999 5.63656 2.4386 32.76274
1.41078 17.25234 5.68802 2.41919 33.23273
1.61333 17.0146 6.19547 2.49492 32.68707
1.33889 16.9528 6.67953 2.35928 32.67415
1.52789 16.94728 6.45129 2.26351 32.81475
1.38619 17.11307 5.93683 2.42724 33.14218
1.54433 16.89636 6.04271 2.38245 33.13885
1.59654 16.30273 5.97729 2.18474 33.94181
1.34009 17.12902 5.70156 2.34449 33.48765
1.31866 16.88744 6.04555 2.26294 33.48985
1.36697 17.02536 6.043 2.17094 33.39602
1.31588 16.40091 6.08884 2.02104 34.17474
1.31234 17.24726 5.7422 2.07668 33.62398
1.24466 16.83296 5.61858 2.03533 34.27153
1.40845 17.08866 5.72377 2.1923 33.59
1.30188 16.66209 5.81536 2.22007 34.00263
1.2346 17.04609 6.04658 2.1566 33.5189
1.31134 17.91608 5.73005 2.23411 32.8129
1.37406 17.95309 5.83745 2.28768 32.55097
1.22177 17.64518 5.57114 2.31224 33.25228
1.30326 17.0821 5.70357 2.2824 33.63203
1.21311 17.42557 5.87503 2.57757 32.91318
1.312 17.1634 5.86143 2.40374 33.26314
1.10629 17.46069 5.81752 2.32561 33.29603
1.1539 17.09023 5.92139 2.28839 33.55485
1.23794 17.44368 5.39108 2.20858 33.72137
1.20072 17.4811 5.97737 2.20224 33.14368
1.22502 17.53693 5.72676 2.32571 33.18941
1.27799 17.04999 5.95547 2.29858 33.42176
1.24036 17.44344 5.908 2.28397 33.128
1.51544 16.59978 6.24001 2.1449 33.50214
1.37699 17.16654 6.07389 2.13107 33.2552
1.32092 17.00869 6.1651 2.15219 33.35667
1.2936 16.98136 5.885 2.20258 33.63933
1.14699 16.87807 6.00488 2.14746 33.82493
1.24357 16.84579 6.1343 2.14964 33.62908
1.35393 16.66935 6.15976 2.23103 33.58885
1.19786 16.23358 5.97718 2.2413 34.35289
1.28806 16.5717 6.07021 2.41414 33.65961
1.50959 17.13159 5.86635 2.64975 32.84755
1.41846 17.00293 6.08246 2.23703 33.26218
1.42765 17.14933 5.43417 2.20511 33.78535
1.3707 16.85618 5.7058 2.31732 33.75325
1.35181 16.87613 5.88239 2.38467 33.50769
1.36442 17.14694 5.76123 2.47805 33.254
1.48344 16.68371 5.83492 2.2649 33.73664
1.26227 17.479 5.65385 2.23612 33.37414
1.5111 17.26463 5.6171 2.16654 33.44451
1.38534 17.73769 5.52123 2.43243 32.92853
1.5491 17.76017 5.50083 2.43073 32.76399
1.29481 16.97468 5.66546 2.26028 33.80784
1.57455 16.84689 6.21547 2.28126 33.08999
1.36843 17.38309 5.82016 2.25883 33.17464
1.34297 17.5645 5.53885 2.16117 33.39551
1.44048 17.42295 5.84535 2.21218 33.08232
1.55303 17.54838 6.0496 2.22041 32.63427
1.36917 16.57215 6.15688 2.14942 33.75642
1.30835 16.89634 6.76258 2.30146 32.73835
1.33919 17.08338 6.27402 2.33861 32.96931
1.34479 17.09403 6.4866 2.49312 32.58789
1.54184 17.04414 6.28592 2.29215 32.84212
1.57332 17.29083 5.98229 2.41283 32.74562
1.50315 17.24939 5.91055 2.40556 32.93683
1.55555 17.49388 5.47912 2.68195 32.79315
1.51224 17.46717 5.4204 2.61506 32.98955
1.59325 17.33132 5.23587 2.52762 33.31526
1.45219 17.88236 5.79288 2.52151 32.35813
1.55077 17.52868 5.89253 2.61616 32.42082
1.56076 17.29923 6.02654 2.51539 32.60645
1.59342 17.26823 5.97728 2.50834 32.65837
1.60053 16.45073 5.91847 2.3705 33.66298
1.55813 16.67385 5.67609 2.19022 33.90411
1.3917 16.54386 5.96322 2.37052 33.73251
1.53004 16.61854 5.70689 2.36324 33.78306
1.50069 17.05289 5.57789 2.33639 33.53555
1.56002 17.07879 5.56889 2.53695 33.26024
1.38245 16.94452 5.90767 2.4501 33.31929
1.32719 17.18048 5.77251 2.35805 33.36637
1.32167 17.34149 5.40363 2.24468 33.69267
1.41167 16.94006 5.67799 2.3753 33.5989
1.52104 16.80351 5.63557 2.38451 33.65829
1.56119 17.3332 5.77306 2.4524 32.88778
1.5551 17.14791 6.00369 2.44537 32.85463
1.539 17.44391 6.26724 2.46343 32.29394
1.54925 17.11389 5.62535 2.26396 33.4506
1.47668 17.21331 6.14281 2.23668 32.93526
1.56283 16.92513 5.86968 2.33807 33.31016
1.44044 16.99731 5.89176 2.40593 33.26913
1.3882 17.39987 5.61667 2.38277 33.22014
1.39187 16.50024 5.99192 2.37643 33.74599
1.53398 17.61936 6.01231 2.43529 32.40817
1.46139 17.68807 5.51527 2.4155 32.92336
1.43755 17.39321 5.63499 2.47221 33.06741
1.599 17.58215 5.22884 2.5029 33.0906
1.4273 17.95357 5.36993 2.56863 32.68443
1.48234 17.25556 5.6814 2.46376 33.12145
1.34046 17.63902 5.65683 2.46982 32.89934
1.42799 17.69004 5.7648 2.56819 32.55507
1.41302 17.22543 5.90043 2.11763 33.34633
1.56167 17.20632 5.67638 2.00041 33.55769
1.35765 17.74957 5.56688 2.27192 33.05686
1.5061 16.6554 5.90401 2.37574 33.56178
1.44913 16.69622 6.24689 2.51816 33.09336
1.53432 16.52193 6.20383 2.44793 33.29489
1.52105 16.69259 5.9841 2.2938 33.51237
1.43943 17.15007 5.45614 2.24852 33.70918
1.41873 17.10686 5.37918 2.27361 33.8249
1.35755 17.11682 5.89926 2.24966 33.38244
1.53 17.01086 6.07768 2.26277 33.12679
1.25932 17.16783 6.11473 2.18 33.28174
1.32672 17.14784 5.91022 2.30022 33.3185
1.47664 17.28937 5.76421 2.29752 33.17574
1.37886 16.91345 5.53921 2.3006 33.87226
1.3904 17.3752 5.61437 2.07781 33.54567
1.39054 17.39309 5.52274 2.11858 33.57706
1.43244 16.38319 6.03257 2.10301 34.05145
1.41386 16.49911 6.53761 2.26129 33.29224
1.29799 16.89938 5.89062 2.38099 33.53509
1.31079 16.61707 6.56296 2.25 33.2727
1.31661 16.85514 5.87922 2.23184 33.72478
1.37258 16.9661 6.16802 2.27265 33.22686
1.28578 17.79967 5.68678 2.18437 33.05066
1.41283 17.00772 5.9398 2.15612 33.48784
1.35381 17.12606 5.96575 2.45735 33.10557
1.17838 17.12474 5.72723 2.4604 33.51762
1.22633 16.94636 6.01941 2.34619 33.4685
1.33292 16.25593 6.23983 2.23074 33.94617
1.21543 16.94201 5.85367 2.31737 33.67434
1.29722 16.93209 5.94754 2.25525 33.57073
1.43134 16.97449 6.0434 2.1432 33.4111
1.37846 17.01906 5.85124 2.2626 33.49267
1.37683 17.01474 5.78246 2.36591 33.46252
1.32806 17.30896 5.43831 2.35031 33.57677
1.48977 17.13359 5.51562 2.2484 33.6164
1.41796 16.45597 6.27706 2.32226 33.52995
1.24069 16.74141 5.59222 2.2269 34.2007
1.2879 17.03602 5.45131 2.29283 33.93386
1.47838 17.2482 5.68448 2.34369 33.25086
1.41485 17.13939 5.78472 2.45903 33.20708
1.56236 17.17478 5.75552 2.10007 33.41139
1.38485 17.49366 5.63353 2.13562 33.35458
1.45727 17.99741 5.77384 2.23803 32.53765
1.47353 18.10149 5.73326 2.37136 32.32565
1.45435 17.49635 5.56284 2.26015 33.23001
1.33593 17.87552 5.73847 1.97188 33.08445
1.39214 17.34435 5.69857 2.13455 33.43679
1.56815 17.32233 5.52178 2.278 33.32086
1.53453 17.77111 5.71456 2.36031 32.6244
1.36982 17.69565 5.73557 2.28007 32.92392
1.41211 17.43032 5.75675 2.23293 33.17116
1.42144 16.7328 5.96149 2.29565 33.59244
1.3539 17.31101 5.84519 2.38764 33.10823
1.37691 17.13349 5.64278 2.58802 33.26194
1.42575 17.32215 5.53612 2.31393 33.40717
1.32563 17.87914 5.49288 2.33993 32.96587
1.29088 17.25857 5.80477 2.28755 33.36099
1.36162 17.45398 5.93728 2.40699 32.84339
1.23507 17.9765 5.24125 2.5328 33.01743
1.42305 17.56433 5.46462 2.44827 33.10329
1.16946 17.32684 6.02302 2.35839 33.12495
1.1619 17.50377 6.11151 2.20612 33.01971
1.32489 17.17099 5.58793 2.24561 33.67469
1.28043 17.46843 5.25159 2.16717 33.83834
1.3106 17.50412 5.61111 2.2965 33.28546
1.31654 17.50922 5.89792 2.55995 32.72055
1.3384 17.49915 5.33166 2.4478 33.38532
1.26228 16.73265 5.54832 2.07593 34.38306
1.14169 17.60506 5.56 2.26756 33.42864
1.27713 18.26383 5.80349 2.12865 32.53177
1.15397 17.78229 5.7151 2.29833 33.05357
1.15661 17.41587 5.8642 2.55837 33.01048
1.21334 16.9443 5.69806 2.56906 33.57744
1.21661 16.92571 5.99789 2.68886 33.17405
1.39759 17.24586 5.66289 2.52436 33.17318
1.34864 17.59828 5.68665 2.45491 32.91435
1.26095 17.3693 5.52793 2.43753 33.40757
1.33893 17.3206 5.72778 2.4556 33.16244
1.22295 17.60229 5.47667 2.4318 33.27044
1.23251 17.39228 6.01253 2.28394 33.08446
1.12808 17.10839 6.16664 2.33662 33.2671
1.30312 17.59599 5.743 2.47141 32.89266
1.24373 17.40894 5.92705 2.40376 33.02192
1.13496 17.76259 5.94203 2.33358 32.83466
1.37164 18.27779 5.42346 2.26645 32.66487
1.51769 17.88462 5.42566 2.42207 32.75319
1.29213 17.93524 5.59473 2.09963 33.08274
1.46928 17.38454 5.78085 2.18628 33.18409
1.50811 16.91274 5.88918 2.10308 33.59016
1.35828 16.90762 5.96328 2.14289 33.63086
1.39534 16.78223 6.06339 2.1381 33.62396
1.30024 17.27723 5.99856 2.19217 33.23417
1.21375 17.12856 6.02642 2.11606 33.51717
1.01292 17.18542 6.28495 2.11916 33.40033
1.10219 17.22253 6.28199 2.18413 33.21403
1.22863 17.32904 6.44435 2.20454 32.79995
1.21803 17.27523 6.15978 2.27019 33.08133
1.09728 17.74672 5.9995 2.22634 32.93459
1.10951 18.18691 5.68003 2.55367 32.47461
1.16589 17.78966 5.62435 2.57998 32.84285
1.14404 18.05901 5.39794 2.44466 32.95812
1.15019 17.91313 5.75614 2.52156 32.66711
1.2378 17.50117 5.60943 2.37441 33.28093
1.11213 17.31119 5.43337 2.62516 33.52197
1.18416 17.75225 5.53921 2.46771 33.06214
1.21261 17.75453 5.70777 2.62948 32.70104
1.46769 18.17218 5.41073 2.7441 32.21018
1.21723 17.64376 5.83962 2.58432 32.71854
1.15146 16.79866 5.66905 2.61279 33.77151
1.21041 16.79419 5.68136 2.42894 33.88966
1.27215 17.20736 5.67928 2.34547 33.49999
1.11268 17.15607 5.42 2.59177 33.72254
1.29316 17.70758 5.81184 2.53857 32.654
1.23677 17.08751 5.96056 2.24942 33.46971
1.25943 17.22706 5.89568 2.45705 33.16438
1.20005 17.30847 5.63657 2.41961 33.4401
1.11188 17.17906 6.23181 2.15517 33.33385
1.33873 17.82552 6.06091 2.37288 32.41086
1.36486 17.44618 5.85895 2.32664 33.00745
1.56936 15.81815 6.65665 2.32261 33.63905
1.25262 16.54157 6.54526 2.231 33.43407
1.46349 17.12037 6.01333 2.24691 33.16031
1.25534 17.05569 6.05185 2.1191 33.52082
1.40891 17.62041 5.86552 2.11215 32.99898
1.29482 17.85022 5.25225 2.22196 33.38636
1.26477 17.62241 5.39089 2.38121 33.34508
1.3421 17.41586 5.78069 2.22626 33.24084
1.33315 17.11542 5.52205 2.088 33.94517
1.29694 16.93672 5.36796 2.30485 34.09677
1.21554 16.73099 5.94 2.24403 33.87154
1.31328 17.15736 6.15689 2.33419 33.04212
1.18589 17.01201 6.19825 2.43619 33.17188
1.28948 16.88171 6.26222 2.31329 33.2613
1.32589 17.57818 5.90407 2.26047 32.93783
1.22693 17.61598 5.90068 2.39154 32.87127
1.28047 17.3882 5.94706 2.35027 33.03951
1.34221 17.12807 5.73812 2.43081 33.36608
1.35957 17.10856 6.0865 2.47909 32.97218
1.42412 16.89584 6.2299 2.4231 33.03218
1.25278 17.98121 5.5931 2.32075 32.86007
1.54751 16.79102 5.78124 2.24871 33.6364
1.3391 17.32142 5.52202 2.36504 33.45559
1.35305 17.03794 5.392 2.52489 33.69728
1.39212 17.34777 5.23353 2.28398 33.74645
1.22645 16.85006 6.07432 2.21283 33.64009
1.43154 17.04216 5.98914 2.3823 33.16046
1.28558 17.36531 5.88522 2.23289 33.23991
1.4099 16.97071 6.37006 2.26659 32.9945
1.34219 16.9742 6.34227 2.43568 32.91367
1.29452 16.96069 5.71735 2.4679 33.5637
1.3113 17.15264 6.31989 2.23727 32.98643
1.56211 16.65692 6.5337 2.13806 33.1163
1.48196 16.60047 5.91034 2.32815 33.68586
1.30299 16.61285 5.58004 2.42446 34.083
1.34024 17.44889 5.19274 2.5715 33.45009
1.40869 17.55442 5.38701 2.43219 33.2218
1.50191 17.02537 5.69477 2.66878 33.11413
1.38185 16.91821 6.1255 2.51778 33.06046
1.24928 16.98989 6.35073 2.30511 33.10962
1.2672 17.27637 6.07733 2.27604 33.10768
1.32386 17.16098 5.82907 2.53604 33.15509
1.34053 17.13239 5.52138 2.39747 33.61186
1.27867 17.05202 5.50377 2.4075 33.76211
1.41786 17.00743 5.75111 2.3151 33.51247
1.28034 16.79953 5.16046 2.4543 34.30825
1.40468 16.88677 5.40429 2.22803 34.07939
1.48299 17.31695 5.8144 2.49445 32.89535
1.43479 17.09178 5.69185 2.5687 33.21558
1.4292 16.89798 6.0504 2.41389 33.21351
1.46833 16.93174 6.17512 2.44577 32.98336
1.41179 17.5533 5.86372 2.4142 32.76138
1.47589 17.17525 5.6652 2.30514 33.38256
1.45578 17.65104 5.59855 2.3971 32.90169
1.36347 17.42531 5.72693 2.54586 32.94402
1.43631 17.26772 5.65877 2.30488 33.33639
1.32933 16.90242 5.5107 2.32051 33.94245
1.23261 17.58125 5.29098 2.25833 33.64145
1.26023 17.36068 5.48988 2.40468 33.49062
1.32587 17.59099 5.2293 2.62466 33.23479
1.37264 17.6779 5.6175 2.47034 32.8662
1.3546 17.57744 5.83085 2.35303 32.88705
1.38619 17.57327 5.81996 2.21727 33.00779
1.35938 17.26673 5.9675 2.39929 33.01216
1.28676 17.55156 5.35172 2.46504 33.34962
1.39434 17.51143 5.69361 2.54109 32.86486
1.37258 17.70276 5.64367 2.45408 32.8323
1.28876 17.55827 5.66475 2.28122 33.2104
1.31814 18.03493 5.54425 2.52182 32.58569
1.20798 17.09209 5.7681 2.35362 33.58135
1.20567 17.14732 5.72492 2.33482 33.59048
1.21931 16.95039 5.86736 2.41684 33.55009
1.22747 17.66223 5.69843 2.28777 33.12699
1.28593 17.58909 5.53877 2.42112 33.16923
1.44383 17.01643 6.13482 2.40401 33.0061
1.46283 16.80534 5.97551 2.18992 33.56987
1.40193 16.92555 5.70898 2.16927 33.79725
1.32845 17.11493 5.87849 2.25703 33.42522
1.52867 17.88624 5.65587 2.11947 32.81419
1.36581 18.17574 5.44107 2.2914 32.73065
1.36923 17.29183 5.90912 2.5329 32.90098
1.29347 17.99494 5.55364 2.17957 32.9819
1.25986 17.86541 6.03605 2.23914 32.60402
1.38939 17.22084 6.10262 1.98656 33.30393
1.40703 16.9263 5.74211 2.0908 33.83882
1.44201 17.12571 6.14532 2.25852 33.03442
1.30643 17.70326 5.58524 2.44157 32.96697
1.28891 17.78995 5.71382 2.21229 32.99896
1.22725 17.15981 5.70582 2.33737 33.57405
1.40189 17.17186 5.36448 2.40761 33.6571
1.33426 17.15548 5.92265 2.2872 33.30353
1.26662 17.36146 5.68843 2.24969 33.43756
1.30671 17.16637 5.54212 2.31379 33.67285
1.36914 16.70952 5.86551 2.38356 33.67416
1.26433 17.19606 5.81229 2.27999 33.45099
1.1535 17.56317 5.73981 2.48519 33.06262
1.22472 17.09478 6.04412 2.34829 33.29505
1.03035 17.08659 6.03792 2.38561 33.46458
1.28259 17.66302 5.9732 2.33088 32.75448
1.2675 17.38231 6.24647 2.21643 32.89091
1.10996 17.40528 5.94489 2.21088 33.33304
1.2212 17.71148 5.77156 2.38371 32.91811
1.11687 17.70338 6.09314 2.29626 32.79754
1.14847 17.64453 6.05507 2.48688 32.66948
1.18969 17.69213 5.62057 2.32916 33.17126
1.27939 18.23039 5.59545 2.44282 32.45517
1.28568 17.63221 5.39691 2.32846 33.35994
1.16926 17.01281 5.76323 2.67365 33.38437
1.27859 16.94753 5.71055 2.42196 33.64351
1.2712 17.71056 5.82133 2.58316 32.61748
1.39744 17.28831 6.05166 2.4832 32.78252
1.26496 17.56339 5.73005 2.25031 33.19491
1.26987 17.33037 5.96996 2.26068 33.17309
1.39403 17.58661 5.75765 2.42777 32.8376
1.34506 17.26724 5.72541 2.34943 33.31825
1.19484 16.96662 5.80313 2.37104 33.67049
1.38774 17.33118 5.45664 2.37487 33.45539
1.26694 17.68505 5.59793 2.4642 32.99513
1.39353 17.51093 5.42726 2.63154 33.04483
1.37516 17.58733 5.52977 2.5669 32.94686
1.15403 17.66412 5.99885 2.73324 32.46039
1.17191 17.81548 5.72665 2.73434 32.55824
1.04765 17.88584 5.66116 2.58205 32.83077
1.20643 17.5548 5.57302 2.47026 33.20107
1.35499 17.62188 5.55181 2.67693 32.80104
1.27636 17.19573 6.02017 2.47659 33.0405
1.28548 18.11761 5.44932 2.42165 32.73572
1.34216 17.68754 5.45461 2.58585 32.93495
1.29946 17.32796 5.66442 2.49815 33.21261
1.32595 17.32332 5.89785 2.40485 33.05213
1.1482 16.74799 5.90913 2.59381 33.60306
1.25765 17.05713 5.55925 2.33498 33.79387
1.34419 16.97287 5.74493 2.07621 33.87089
1.29411 16.96854 5.72093 2.31794 33.70184
1.31031 16.92981 6.25748 2.20208 33.30384
1.24886 17.28131 5.72161 2.46228 33.28947
1.31575 17.13934 6.22105 2.30115 33.02725
1.19502 17.27896 5.84804 2.25249 33.42776
1.40071 17.64941 5.74075 2.2725 32.93886
1.41423 17.19549 6.00026 2.30644 33.08654
1.18643 16.88158 6.17499 2.18744 33.57385
1.26666 17.02583 6.06317 2.23272 33.41615
1.34265 16.85985 6.0448 2.34098 33.41696
1.16273 16.5013 5.93754 2.54562 33.85503
1.2732 16.90304 5.84682 2.7172 33.26361
1.23264 16.71616 6.11751 2.68999 33.24664
1.11981 17.20155 6.20259 2.67481 32.80604
1.17562 17.49312 5.68197 2.61028 33.0419
1.12725 17.26388 5.34889 2.67669 33.58692
1.15167 17.99882 5.31435 2.48332 33.05603
0.99747 17.49197 5.42384 2.55692 33.53415
1.14692 17.16006 5.91502 2.4599 33.32171
1.16226 16.64438 6.45371 2.44274 33.30005
1.28711 17.05536 5.73869 2.28991 33.6314
1.36153 16.59121 5.85022 2.17356 34.026
1.24899 17.40986 5.90369 2.55887 32.88122
1.30062 16.83815 5.74082 2.51617 33.60674
1.28115 17.17183 5.96178 2.60492 32.98477
1.38698 18.32275 5.5905 2.43172 32.27267
1.38551 17.37844 5.74078 2.49136 33.00701
1.40462 17.03345 5.93275 2.2423 33.39272
1.26403 17.52523 5.59293 2.24287 33.37889
1.38806 17.5728 5.14253 2.31102 33.58831
1.2045 17.36592 5.55993 2.11178 33.76095
1.52383 16.67455 5.76028 2.22208 33.82374
1.32947 16.79147 5.5117 2.3286 34.04353
1.32638 16.87043 5.94459 2.0822 33.7807
1.44084 17.58507 5.84808 2.11278 33.0185
1.59277 16.99624 6.02845 2.39028 32.99667
1.73092 17.21685 5.76493 2.35725 32.93446
1.45659 17.04814 5.73438 2.5759 33.18804
1.34942 16.89479 5.87941 2.52872 33.35177
1.42243 17.46809 5.58859 2.5199 33.00507
1.37975 17.40498 6.18162 2.20869 32.82892
1.41421 17.06147 6.06803 2.35878 33.10126
1.39656 16.53907 6.40659 2.20194 33.45867
1.31191 17.0835 5.84863 2.35582 33.40426
1.34235 17.0206 5.44233 2.40062 33.79632
1.33593 17.24838 5.58717 2.43547 33.39511
1.39531 16.90861 6.03554 2.41464 33.24976
1.38274 16.98884 5.77074 2.7133 33.14844
1.34648 16.5484 6.26324 2.29384 33.55268
1.3432 17.08056 5.81505 2.31897 33.44593
1.20379 16.94593 6.09833 2.21768 33.53792
1.31213 17.08327 5.73928 2.28183 33.58601
1.36367 17.01969 5.82324 2.15719 33.6386
1.40219 16.9426 5.77023 2.33456 33.55289
1.45383 17.36408 5.7127 2.42635 33.04703
1.33591 16.94639 5.67067 2.51079 33.53815
1.21921 17.27897 5.60573 2.54466 33.35424
1.2242 17.68168 5.24608 2.56783 33.28236
1.33646 17.54438 5.27264 2.31301 33.53619
1.30509 17.6774 5.97961 2.53494 32.50798
1.18733 16.84698 5.70584 2.33347 33.93001
1.29986 17.20513 5.68667 2.51002 33.30398
1.23563 17.3737 5.55328 2.47059 33.37042
1.32209 17.50288 5.69547 2.51057 32.973
1.3917 16.70588 5.58861 2.59025 33.72596
1.25087 16.72987 6.02184 2.73816 33.26357
1.39585 17.19469 5.67266 2.68298 33.05803
1.43145 17.13576 5.88446 2.20217 33.35059
1.41705 17.68283 5.52072 2.31708 33.06782
1.44585 17.32757 5.60446 2.32711 33.29995
1.41248 17.13983 5.97539 2.46365 33.01175
1.43208 17.48983 4.90275 2.58289 33.59548
1.29469 17.91288 4.91486 2.76182 33.11998
1.2419 16.80299 6.12457 2.54524 33.28896
1.51736 16.84238 5.52583 2.3976 33.72209
1.35399 16.88652 5.62606 2.47571 33.66475
1.44657 16.14104 6.23381 2.4342 33.75177
1.545 17.57023 5.8401 2.67201 32.38141
1.55907 16.74852 6.46816 2.50042 32.72821
1.48331 16.8868 6.25715 2.25361 33.12587
1.55374 16.85298 6.01626 2.37395 33.20849
1.29748 16.85673 6.39395 2.35084 33.10515
1.45054 17.27254 6.23855 2.43666 32.60847
1.37242 16.83635 6.67129 2.33027 32.79646
1.25904 17.15624 6.22453 2.36318 33.00504
1.24273 17.41828 5.89967 2.34652 33.09585
1.3522 17.70534 5.57636 2.49995 32.8698
1.22774 16.82432 5.89376 2.24026 33.81656
1.27541 17.08307 5.92294 2.21801 33.50277
1.29694 16.99564 6.07122 2.35061 33.28794
1.39359 17.19098 6.0038 2.20682 33.20874
1.38728 17.02464 6.19884 2.10782 33.28819
1.48083 17.35754 5.97185 2.17728 33.01649
1.39892 17.40868 5.76607 2.38959 33.03981
1.34389 17.68454 5.51162 2.42616 33.03775
1.322 17.33119 6.06546 2.17618 33.1092
1.30021 17.12232 5.86256 2.29268 33.42592
1.39021 16.92213 6.2719 2.39567 33.02715
1.30395 17.07772 5.83716 2.21619 33.56884
1.38974 18.18525 5.17346 2.278 32.97797
1.24961 17.2574 5.00967 2.45637 34.0301
1.3238 17.33777 5.67162 2.53674 33.13316
1.1925 16.99276 5.65336 2.52555 33.63982
1.2146 17.48753 6.18903 2.48998 32.62511
1.20236 17.577 5.8757 2.61904 32.73597
1.42813 16.96425 5.92765 2.50828 33.17479
1.26202 17.21645 5.65959 2.35137 33.51343
1.22801 17.35434 5.87918 2.30961 33.23154
1.33852 17.41879 5.70908 2.33626 33.20042
1.20746 16.793 5.8465 2.19409 33.96075
1.35889 16.96151 5.72272 2.40022 33.56043
1.22336 16.91926 5.59281 2.25041 34.02105
1.35997 17.34964 5.55757 2.21748 33.51927
1.40188 17.41578 5.97429 2.14297 33.06894
1.31479 17.30621 6.12564 2.38531 32.87594
1.16128 17.52789 5.99611 2.63507 32.68851
1.23584 17.69219 5.48719 2.44666 33.14437
1.05877 17.59448 5.43323 2.31365 33.6059
1.10205 17.92217 5.13241 2.1234 33.72265
1.0743 17.25663 5.61063 2.07509 33.9898
1.24465 17.51286 5.37203 2.27245 33.60326
1.16619 17.50417 5.45753 2.32072 33.55502
1.10102 17.28625 5.63118 2.09222 33.89149
1.18302 17.11095 5.80253 2.32709 33.58361
1.30084 17.08085 5.74622 2.42928 33.44638
